3679.113306420324 2758.71351609815 3782.2858705163644 2524.392882102324 3048.4134513921754 2201.2651322783145 2945.240887296135 2435.5857662741405 box 0
2821.9775452362 2679.6378176089643 2924.280010421161 2441.8861132018897 2182.8371489776673 2122.8497777584676 2080.5346837927063 2360.601482165542 box 0
1334.0770048148831 2029.8041753743564 1433.9009844027726 1792.6441607399856 693.742481803159 1481.1010561014737 593.9185022152693 1718.2610707358444 box 0
2939.2785043095764 2426.6820591926225 3039.297900702598 2190.0817632786147 2294.3671888972103 1875.1729426384316 2194.347792504189 2111.7732385524396 box 0
699.7539507984828 1459.0551773307525 797.5447219740432 1217.0563257469257 51.70183657410612 915.6641891243258 -46.088934601454206 1157.6630407081525 box 0
3568.0052342248973 3002.9177093193775 3670.546827809607 2772.6993713606917 2935.9384226964894 2445.497302277302 2833.39682911178 2675.715640235988 box 0
2076.780784087328 2355.4723875559107 2174.3745639940003 2130.7603684238106 1436.9458402107675 1810.4906434499483 1339.3520603040952 2035.2026625820486 box 0
1446.1591784565053 1785.367864366115 1548.4159144860305 1544.3311633681628 807.42891396598 1229.9769102615705 705.1721779364548 1471.0136112595228 box 0
589.8397312100532 1715.1652063557128 695.3709135521987 1474.617727244545 -10.895162385285104 1164.7699819377442 -116.42634472743062 1405.317461048912 box 0
2187.9517219482564 2109.7658100738718 2286.1621643759913 1878.8535650971621 1549.0252845825053 1565.3381900176807 1450.8148421547703 1796.2504349943904 box 0
