644.2209431882414 1600.69739068025 643.782140334498 1278.320052455841 9.009302211233607 1279.184071416918 9.448105064977081 1601.561409641327 box 0
664.8681902146924 2499.216631130046 664.2900086364674 2192.6700592019615 1.9271522306811846 2193.919350620442 2.5053338089060904 2500.4659225485266 box 0
674.1051848884678 2822.290321999349 673.9583524993872 2505.531352010448 -8.82583260499002 2505.8478539650064 -8.679000215909403 2822.6068239539077 box 0
665.852892365999 962.65328665532 2000.3838364824448 930.4572956979739 1992.8378196090987 617.6732277794945 658.3068754926528 649.8692187368406 box 0
638.5724938177992 970.0651451775141 638.2378723362614 654.4808115870152 -8.975634648792928 655.1670672706058 -8.641013167255116 970.7514008611049 box 0
620.8328795669667 350.31904993309246 620.7999006402689 25.37601285693648 -1.635109448253287 25.43918466315995 -1.6021305215555104 350.3822217393159 box 0
719.0179835475362 2192.546828325491 1994.784198185953 2188.371577448576 1993.776159366282 1880.3608956735322 718.0099447278651 1884.5361465504475 box 0
675.852043199137 1272.0108332351772 1993.2512725343017 1252.0373209009751 1988.4722442154139 936.825448350516 671.0730148802492 956.7989606847182 box 0
677.9370162723011 643.6424376652564 2022.0910295702895 619.2216603032692 2016.6771412136604 321.2336129023706 672.5231279156718 345.65439026435774 box 0
660.6116564789936 334.02109289873727 1996.6668451314158 311.3886040928253 1991.50354470814 6.585434620488801 655.4483560557178 29.21792342640077 box 0
695.7130356144808 1877.3949768330076 1967.33058097891 1870.8659014120058 1965.7436160731413 1561.785015079834 694.1260707087122 1568.3140905008356 box 0
640.5501241515657 1281.093195660706 639.5538113582212 965.8517562089829 -7.665701467849854 967.897277514343 -6.669388674505316 1283.138716966066 box 0
692.4068947347936 1903.4815241155254 692.254730281351 1582.4813526614257 -8.758603909903488 1582.81365563301 -8.606439456461 1903.8138270871093 box 0
704.2606262139045 2485.787728152977 1996.3853898677705 2484.1782901098472 1996.0095565863883 2182.443475307716 703.8847929325223 2184.0529133508458 box 0
2017.2510406615659 2788.4733199891393 2015.7388901859476 2506.9259926112995 752.1029716370177 2513.712800616329 753.6151221126362 2795.2601279941687 box 0
689.8711896563525 2215.174150616953 689.2651330538586 1880.0405199752809 -30.428133263682884 1881.3420153071188 -29.822076661189026 2216.4756459487908 box 0
1981.8511988421053 1552.2359689808595 1980.6096724600673 1243.065788527465 696.4781647900968 1248.2224409007322 697.7196911721346 1557.3926213541267 box 0
635.7060676925296 657.7256191585021 635.2940506039934 358.4850926030284 -1.1209230773562615 359.36135708356323 -0.708905988819955 658.6018836390369 box 0
22.862478312994767 3038.5698213405835 692.9547060141116 3035.36587042728 691.894719257806 2813.674307077385 21.80249155668912 2816.878257990689 box 0
2021.1004410122482 3067.7067977689935 2021.8357282572274 2796.704754282647 715.218100705281 2793.1596176362796 714.4828134603018 3064.161661122626 box 0
