1869.8438870181246 536.4292072866886 2083.539675367159 530.3617463691073 2068.7740580807526 10.317156162407978 1855.0782697317184 16.384617079989305 box 0
969.3327021579458 544.1224940990417 1181.4963751980272 536.8390222144042 1163.2945050258922 6.628197887042366 951.1308319858109 13.911669771679936 box 0
2770.7823093984102 512.3908163212683 2981.5576128757953 507.692445793866 2970.4558223154568 9.650994858846355 2759.6805188380717 14.3493653862486 box 0
2091.379008191845 537.4118290747546 2309.4047770329225 531.6224022149596 2295.2985285818368 0.39094554530162146 2077.2727597407593 6.180372405096491 box 0
745.2478804593903 543.472387167091 959.7530395230989 535.7995887809975 940.413830661215 -4.85844292270632 725.9086715975064 2.814355463387176 box 0
1188.9115661246717 547.3951595490239 1407.8080065446554 541.0450691909937 1392.199477805382 2.9973897750117198 1173.3030373853983 9.34748013304202 box 0
1646.0255373932587 527.0592701680212 1866.1394542006915 518.4442999404087 1845.660682394339 -4.791713023856222 1625.546765586906 3.8232572037563743 box 0
2544.8021445003924 511.84583682598213 2761.95717442746 505.84710375533524 2748.0214188846176 1.37067909656421 2530.86638895755 7.369412167211087 box 0
1421.1088161818752 538.1512952268209 1636.6956997023785 529.9186420218315 1615.969547999643 -12.833049529799442 1400.3826644791397 -4.600396324810103 box 0
1061.2395230373484 3024.297216668645 1065.2729764045291 2306.3144890743934 846.707225696172 2305.0866395325265 842.6737723289913 3023.069367126778 box 0
608.6703948057813 3044.425283774594 617.3618039111699 2293.4281553090236 403.41486444104487 2290.9521133811672 394.72345533565624 3041.949241846737 box 0
1292.0277506725608 3033.7197748636745 1294.4148834400187 2316.648888908425 1075.235954771775 2315.919241097019 1072.848822004317 3032.9901270522687 box 0
2319.2600824330075 515.0305816989197 2535.9732727149467 508.7048354750601 2520.684265711524 -15.079927096869024 2303.9710754295847 -8.754180873009378 box 0
834.6168972157058 3034.5765126309016 840.6131141057225 2297.0834033255833 618.8235000468675 2295.280134097614 612.8272831568507 3032.773243402932 box 0
2204.770929050568 3019.373569981397 2427.680088567803 3017.4457516552975 2421.455982875701 2297.7668536025876 2198.546823358466 2299.694671928687 box 0
2645.9687461183225 3022.792293387894 2642.8186369594837 2307.9565064839076 2430.401182623132 2308.8925790486296 2433.551291781971 3023.728365952616 box 0
1748.5772229472623 3007.055131248998 1746.8784247478034 2318.5702686826035 1512.9935579975618 2319.1473666147713 1514.6923561970207 3007.6322291811657 box 0
1521.0413420681855 3007.606213697827 1527.6406608467062 2327.9751988531707 1296.732061481009 2325.7330418258543 1290.1327427024883 3005.3640566705108 box 0
1977.3457730600473 3015.871873396631 2199.9198176896366 3017.1138211719676 2203.918094890392 2300.5678070843255 1981.3440502608025 2299.325859308989 box 0
1960.2449940821862 3007.572534048875 1960.2581805153832 2317.1782957981873 1734.5024546482823 2317.1739838954613 1734.4892682150853 3007.568222146149 box 0
