2487.2881355932204 1232.2033898305085 3274.6515740940063 326.3220360923844 3132.649077331064 202.89795448877038 2345.285638830279 1108.7793082268947 box 0
1923.7288135593221 737.2881355932204 2584.3900615855882 -20.663425617941094 2451.866670929623 -136.1761749070094 1791.2054229033565 621.7753863041522 box 0
2203.389830508475 983.898305084746 2982.64330621471 78.17689658222261 2840.520868983727 -44.10066266327664 2061.267393277493 861.620745839247 box 0
2061.8644067796613 855.9322033898305 2820.7394154708168 -18.94291748927154 2684.455154180867 -137.15718316293317 1925.580145489711 737.7179377161691 box 0
2342.3728813559323 1107.6271186440679 3128.655458455877 206.42734448877894 2986.137388289376 82.08257798141574 2199.8548111894306 983.282352136705 box 0
2625.118644067796 1364.9491525423723 3412.482082568582 459.06779880424875 3270.4795858056395 335.64371720063474 2483.1161473048546 1241.5250709387583 box 0
2766.1016949152545 1480.5084745762713 3553.120382946754 575.0237648865593 3416.784670551403 456.5250731328384 2629.7659825199044 1362.0097828225503 box 0
2906.147046893099 1609.011128813373 3688.1430995177348 709.3050869398421 3548.097747539891 587.5820937196901 2766.1016949152545 1487.2881355932204 box 0
3046.519928249031 1729.8924847455764 3828.515980873667 830.1864428720456 3688.470628895823 708.4634496518935 2906.474576271187 1608.1694915254236 box 0
3185.197894350726 1855.8585864404913 3967.193946975362 956.1525445669606 3827.148594997518 834.4295513468085 3045.1525423728817 1734.135593220339 box 0
