1544.5557806074044 754.8289073962515 1578.6696222504138 126.57117090185932 1069.7794988573173 98.93888549620465 1035.6656572143079 727.1966219905968 box 0
2074.626776798921 762.7638907614185 2109.7633990956965 145.4751411062893 1593.5733269608438 116.09314506621837 1558.436704664069 733.3818947213474 box 0
1015.2479230532703 801.2536889857349 1046.0791799948693 98.6375926966054 425.5845036948457 71.40987773684458 394.7532467532468 774.025974025974 box 0
3648.0 933.7662337662338 3703.2424093719314 315.4312996949548 3199.059758123321 270.38732290536194 3143.81734875139 888.7222569766408 box 0
973.9740259740261 2315.5844155844156 1049.150161637338 1605.6007118205316 431.14000482034265 1540.1631318537245 355.9638691570307 2250.1468356176083 box 0
2672.6753246753246 2633.7662337662337 2745.6834011636615 1740.8087333894014 2205.7852077739194 1696.666734937875 2132.7771312855825 2589.6242353147068 box 0
4193.302586542382 974.6540576324841 4253.32510874296 353.92548617850196 3733.969757358225 303.70543905635856 3673.9472351576455 924.4340105103408 box 0
3251.8961038961043 2732.4675324675322 3353.024569576468 1849.8883552857378 2814.3635241133748 1788.167020296387 2713.235058433011 2670.746197478182 box 0
2613.6658803377118 728.6256992620932 2638.9966665670886 113.4389205248799 2120.994379672054 92.10978009276516 2095.663593442677 707.2965588299785 box 0
3141.3682970674163 799.1096519525056 3177.7392825255592 200.03900131623698 2656.383747599331 168.38628296125762 2620.012762141188 767.4569335975261 box 0
293.6180293075696 2269.1198663499945 383.78969201237305 1541.2864344844193 -29.68044916424804 1490.0614034864316 -119.85211186905146 2217.894835352007 box 0
1976.5714285714284 2419.4805194805194 2042.6137425595252 1944.0206542312428 1144.7725885625923 1819.3087453246667 1078.7302745744953 2294.7686105739435 box 0
367.518964612907 795.6890488096572 401.9208978856213 87.61373346260496 -21.797423568597594 67.02732251852336 -56.19935684131178 775.1026378655754 box 0
