3828.935483870968 948.3870967741934 3557.967741935484 864.516129032258 3064.4193548387098 2319.3548387096776 3346.677419354839 2420.967741935484 box 0
3548.2903225806454 853.225806451613 3266.032258064516 770.9677419354838 2767.645161290323 2233.8709677419356 3053.1290322580644 2325.8064516129034 box 0
3254.741935483871 764.516129032258 2978.935483870968 672.5806451612904 2490.225806451613 2141.935483870968 2759.5806451612902 2230.6451612903224 box 0
2967.645161290323 679.0322580645161 2685.3870967741937 580.6451612903226 2199.9032258064517 2053.2258064516127 2472.483870967742 2138.7096774193546 box 0
2387.0 488.7096774193548 2672.483870967742 572.5806451612904 2188.6129032258063 2056.451612903226 1907.967741935484 1962.9032258064517 box 0
2370.8709677419356 482.258064516129 2098.2903225806454 409.6774193548387 1622.483870967742 1864.516129032258 1898.2903225806454 1956.4516129032259 box 0
2088.6129032258063 409.6774193548387 1812.8064516129034 306.4516129032258 1338.6129032258066 1769.3548387096773 1622.483870967742 1864.516129032258 box 0
1799.9032258064517 300.0 1522.483870967742 217.741935483871 1048.2903225806454 1683.8709677419354 1322.483870967742 1770.967741935484 box 0
1512.8064516129034 211.29032258064518 1232.1612903225807 130.6451612903226 757.967741935484 1595.1612903225805 1038.6129032258066 1687.0967741935483 box 0
1217.6451612903227 133.8709677419355 899.9032258064517 122.58064516129033 461.1935483870969 1485.483870967742 745.0645161290323 1596.774193548387 box 0
