2868.611700945583 2760.832128340973 3098.143993505897 2612.947382294058 2444.150037640843 1597.881690781341 2214.617745080529 1745.7664368282558 box 0
3357.4549389973504 2460.051577506119 3588.5850646913545 2310.884429234005 2934.166244016565 1296.8816408776702 2703.036118322561 1446.0487891497842 box 0
2633.329796804789 2924.939017254737 2868.202329055267 2773.1635650531603 2210.135919747945 1754.8057100707022 1975.2633874974672 1906.5811622722788 box 0
2379.5136133028022 3060.3723817154932 2609.13745937255 2911.9756104730623 1954.2762396024716 1898.6668257430028 1724.6523935327234 2047.0635969854336 box 0
3847.341399559951 2169.4370932772617 4074.9454534814713 2024.002527583355 3423.785477271104 1004.9418274685877 3196.181423349584 1150.3763931624949 box 0
3607.9786953758053 2321.787318916894 3839.2656650213207 2173.328604955106 3184.453912656421 1153.1835299295408 2953.1669430109055 1301.6422438913291 box 0
3119.575903551207 2609.9238708177686 3350.346793813203 2459.2482223832126 2691.0511457041644 1449.4882164319868 2460.2802554421683 1600.1638648665432 box 0
2114.441271854409 3185.463480267786 2355.741889990195 3028.9812739556455 1716.5749985923678 2043.3652756831414 1475.2743804565823 2199.8474819952817 box 0
1794.0041603534107 3212.1313965689446 2040.3503132449612 3048.437794840409 1474.6108924419993 2197.043920050929 1228.264739550449 2360.7375217794643 box 0
1460.5300664287317 3202.7752590127207 1705.7625441959524 3034.742518809099 1234.740893806864 2347.3181140951897 989.5084160396433 2515.3508542988116 box 0
