1581.9444444444446 855.5000000000001 1695.3091230135674 657.2135462783939 638.7007810511561 53.12757463558883 525.3361024820333 251.41402835719495 box 0
1459.942259168073 1054.0327146937861 1574.057832725209 853.3585716079942 514.0936592584407 250.59820724224886 399.9780857013048 451.272350328041 box 0
993.0555555555555 1849.9444444444446 1100.7370405762313 1660.74621286067 63.43147546850924 1070.3675251954428 -44.250009552166375 1259.5657567792173 box 0
1345.9931255873348 1258.698452266835 1460.424648205977 1057.473871225869 399.8582351151796 454.3555600317491 285.42671249653756 655.580141072715 box 0
866.106265018939 2052.211279590163 977.2703003427509 1857.9568716316273 -26.06478208951006 1283.7882969399952 -137.22881741332168 1478.0427048985305 box 0
1112.5 1649.9444444444446 1220.1004843053995 1458.8601574501768 169.6488566442075 867.3457757410724 62.04837233880817 1058.4300627353398 box 0
1706.9444444444446 654.1111111111112 1816.5006193310858 459.4565532594749 766.0910755806085 -131.73870539681553 656.5349006939676 62.91585245482078 box 0
1236.6115827643778 1459.3389770257259 1348.0019519938753 1261.750022311534 282.7985393440816 661.2437763464662 171.40817011458415 858.8327310606585 box 0
638.8888888888889 2480.5 747.182612943534 2290.5756612738815 -95.05585310375437 1810.3363162689143 -203.3495771583994 2000.2606549950324 box 0
752.7777777777778 2273.5555555555557 863.8106065872636 2080.71150010664 -70.85179246739455 1542.5657433846227 -181.88462127688052 1735.4097988335386 box 0
