1002.9090909090908 573.5555555555555 1158.4646464646464 754.3636363636363 123.111111111111 1680.6262626262626 3.9191919191918 1460.4242424242423 box 0
1180.0 765.6470588235294 1330.5882352941178 938.5882352941177 297.6470588235294 1868.0000000000002 135.29411764705884 1695.0588235294115 box 0
1342.3529411764707 955.0588235294118 1503.5294117647059 1136.235294117647 477.64705882352945 2062.1176470588234 304.70588235294116 1884.4705882352941 box 0
1517.6470588235295 1145.6470588235295 1681.1764705882354 1319.764705882353 649.4117647058823 2249.176470588235 484.7058823529412 2066.8235294117644 box 0
1684.7058823529412 1335.0588235294117 1848.235294117647 1504.4705882352941 811.7647058823529 2431.529411764706 656.4705882352941 2257.411764705882 box 0
1857.6470588235295 1518.5882352941176 2016.4705882352941 1692.7058823529412 988.2352941176471 2622.1176470588234 822.3529411764706 2439.7647058823527 box 0
2025.8823529411764 1706.8235294117644 2189.4117647058824 1880.9411764705883 1161.1764705882354 2806.8235294117644 998.8235294117648 2629.176470588235 box 0
2196.470588235294 1896.235294117647 2363.529411764706 2072.705882352941 1334.1176470588236 2995.0588235294117 1172.9411764705883 2817.411764705882 box 0
2372.9411764705883 2083.2941176470586 2535.294117647059 2250.3529411764703 1651.764705882353 3032.705882352941 1337.6470588235295 3000.9411764705883 box 0
2541.176470588235 2268.0 2701.1764705882356 2448.0 2057.6470588235293 3032.705882352941 1672.9411764705883 3028.0 box 0
