1486.2073974751388 2854.1325167613036 1776.102564102564 2807.74358974359 1531.767643765936 1280.8379896887077 1241.8724771385112 1327.2269167064221 box 0
891.4840441740762 2963.9402656906595 1183.794871794872 2915.4358974358975 929.7815863792348 1384.6287483450913 637.4707587584389 1433.133116599853 box 0
2087.8227926362797 2742.500706031927 2374.567511358796 2693.9895521096028 2119.3316896134447 1185.3154020065592 1832.5869708909286 1233.8265559288836 box 0
1190.7129335335258 2916.374023167563 1478.46918757095 2869.069214187013 1228.4790594169135 1348.3734461622707 940.7228053794893 1395.6782551428205 box 0
2684.432968847393 2636.4866543331477 2968.4102564102564 2589.7948717948716 2717.350469374154 1062.8607205836174 2433.37318181129 1109.5525031218933 box 0
3292.2604851436595 2529.6127631236277 3574.9555018840624 2482.164042128462 3321.9685493192933 974.8915742849763 3039.2735325788904 1022.3402952801422 box 0
1790.1085677843323 2809.5499925842587 2074.9343862908518 2764.518336728238 1835.5182106275327 1250.2078611144716 1550.692392121013 1295.2395169704919 box 0
3580.88560532878 2484.8742746579283 3884.998938487325 2433.5673439215643 3631.373478228349 930.2444402468567 3327.260145069804 981.5513709832205 box 0
2979.130395833732 2582.097861378924 3271.4303918060905 2534.483662758645 3024.8205128205127 1020.5641025641025 2732.5205168481552 1068.1783011843809 box 0
2382.0056315558218 2687.5924886012817 2679.7582445702733 2637.015460719689 2425.1258259637093 1137.9659678196165 2127.373212949258 1188.542995701209 box 0
