1401.0675140456128 880.878593008972 1447.8118030963883 254.00220080218782 930.8745936116175 215.45574628314984 884.130304560842 842.332138489934 box 0
2145.373116641869 2964.055030711939 2782.490903181177 2904.4902324878476 2713.776541561256 2169.5067643320067 2076.6587550219483 2229.071562556098 box 0
1750.9467015332107 2021.3091136058295 1780.7961687168545 1306.257511409103 1134.7075060778734 1279.2868672291313 1104.8580388942296 1994.3384694258577 box 0
1090.7672800856722 1926.5791556522188 1111.1448815502945 1214.3648768605435 474.67227870644217 1196.1543671444124 454.2946772418196 1908.3686459360877 box 0
1931.5640376527108 943.9928099827467 1993.122171949861 320.8207740117315 1473.2250912230215 269.46433875992926 1411.666956925871 892.6363747309443 box 0
2472.861206937294 967.08582646737 2528.178794173576 354.08551257229925 2003.9607283349233 306.7796989690314 1948.6431410986409 919.7800128641021 box 0
3023.328731226476 981.4189914757769 3076.964099623202 363.3707118152835 2544.8725199942273 317.1948242133102 2491.237151597501 935.2431038738036 box 0
2432.513272213383 2021.2819439772495 2445.194705493225 1307.7735249791322 1788.402316165523 1296.1001254197233 1775.7208828856812 2009.6085444178404 box 0
1432.848484848485 2902.6666666666665 2075.3571069832715 2880.6269541278 2049.9236748419985 2139.183552249012 1407.415052707212 2161.2232647878786 box 0
871.0270175944867 848.1573070060645 927.8212362280293 242.3437781992502 427.71010188946116 195.45901951676257 370.9158832559184 801.2725483235769 box 0
3576.162371922163 997.5193805482672 3614.027750109593 384.43683262894956 3083.5083472245656 351.6707428190423 3045.6429690371356 964.75329073836 box 0
3097.6884710587346 2015.3478678283207 3112.1135861564503 1305.8164167970563 2466.866342326275 1292.6982304993162 2452.44122722856 2002.2296815305806 box 0
3995.151291929534 2556.655597879755 4188.064014700756 1694.1821975390903 3666.0958424698797 1577.4315809227355 3473.183119698657 2439.9049812634003 box 0
