1576.1061946902653 1500.7433628318583 1810.6194690265486 1629.9469026548672 1353.0973451327432 2454.725663716814 1115.0442477876104 2330.8318584070794 box 0
1813.2743362831857 1651.1858407079646 2054.867256637168 1776.8495575221239 1583.1858407079644 2604.2831858407076 1352.2123893805308 2478.6194690265484 box 0
2066.371681415929 676.8495575221239 2293.8053097345132 798.0884955752214 1811.504424778761 1624.6371681415928 1585.8407079646015 1491.0088495575221 box 0
2302.654867256637 808.7079646017701 2528.318584070796 940.566371681416 2057.522123893805 1762.6902654867256 1829.2035398230087 1637.0265486725662 box 0
2058.4070796460173 1792.778761061947 2284.955752212389 1927.29203539823 1815.0442477876104 2745.87610619469 1587.6106194690265 2626.4070796460173 box 0
2302.654867256637 1926.4070796460178 2532.743362831858 2055.6106194690265 2057.522123893805 2876.8495575221236 1835.3982300884954 2752.0707964601766 box 0
2542.4778761061943 2061.8053097345132 2772.5663716814156 2191.008849557522 2305.309734513274 3009.5929203539818 2078.7610619469024 2881.2743362831857 box 0
3009.7345132743358 1221.0973451327434 3235.3982300884954 1352.070796460177 2793.805309734513 2181.2743362831857 2561.946902654867 2049.4159292035397 box 0
2778.7610619469024 1080.3893805309735 3004.4247787610616 1206.0530973451328 2538.938053097345 2030.8318584070794 2315.0442477876104 1904.2831858407078 box 0
2543.362831858407 941.4513274336283 2765.4867256637167 1069.769911504425 2296.46017699115 1891.8938053097345 2070.796460176991 1767.1150442477876 box 0
