2086.676885858145 805.8215301631091 2805.1182449994344 0.8121299567698657 2667.6033448547455 -121.91487389785046 1949.161985713456 683.0945263084889 box 0
2350.4598926292356 1028.1319695044122 3124.4007488284205 144.64255834180278 2992.176297403723 28.813320488873902 2218.235441204538 912.3027316514832 box 0
3011.6692839846455 1583.7623577570098 3786.070366226084 689.300968349288 3660.8188233151586 580.8614856267789 2886.41774107372 1475.3228750345008 box 0
2734.105521716707 1380.042635541561 3525.2536239306683 477.6815225578536 3395.4114468196703 363.841962618229 2604.263344605709 1266.2030756019362 box 0
2469.228597880392 1139.8541195669802 3256.796398906271 253.90409994011006 3132.426189564676 143.3448470315305 2344.858388538797 1029.2948666584007 box 0
3130.641610630663 1721.4122268011831 3921.297152509185 809.6849859836536 3789.0177002824225 694.971421117518 2998.3621584039006 1606.6986619350475 box 0
2600.854049032064 1254.0084953752007 3394.80270098078 361.3449306969984 3270.150499612955 250.47735286088334 2476.201847664239 1143.1409175390854 box 0
2862.4995353864947 1488.9088591399045 3647.0996046982077 584.7571507691841 3519.946549971171 474.41693393565697 2735.346480659458 1378.5686423063773 box 0
2209.309245579625 909.6641340963514 2982.656544054943 57.95308292838638 2853.1095250197404 -59.67464663907617 2079.7622265444224 792.036404528889 box 0
1936.6026628584884 707.2052203548251 2585.1395244435253 -11.781384031914854 2447.767333784577 -135.69319108846761 1799.2304721995404 583.2934132982723 box 0
