2120.180770558313 1559.0171735879726 2639.1028037383176 1110.9906542056074 2463.0039375314964 907.0259830546385 1944.0819043514919 1355.052502437004 box 0
1758.199671020026 1122.6553486413527 2276.485490991636 679.9356167492374 2097.0467289719627 469.8691588785047 1578.7609090003527 912.5888907706202 box 0
1237.2336448598132 1581.0841121495325 1744.4462599636186 1110.9150349297245 1562.2310454884387 914.3435037006542 1055.0184303846333 1384.5125809204621 box 0
1595.6288398229472 2021.0976379074257 2111.776760630394 1578.7128806888968 1931.5247551992115 1368.4056847320544 1415.3768343917652 1810.7904419505833 box 0
1942.8411214953271 2462.392523364486 2474.859849386438 2031.1203845782507 2299.0308619444895 1814.2171677636502 1767.0121340533792 2245.489306549886 box 0
2497.9838898530293 2019.1284963835678 3014.4908047305576 1561.7022214807073 2833.4430157375264 1357.2705128779455 2316.936100859997 1814.6967877808056 box 0
2304.4814965676032 1796.377629066147 2826.018691588785 1343.700934579439 2645.6064260674502 1135.844625532859 2124.069231046269 1588.521320019567 box 0
1944.101324206048 1337.0302368059931 2458.728971962617 887.6261682242989 2281.0343048919626 684.1420546468228 1766.4066571353942 1133.5461232285174 box 0
1420.348493791742 1798.258936044667 1929.2022368843884 1343.1812526853028 1751.6948645879738 1144.6980175752155 1242.8411214953271 1599.7757009345792 box 0
1757.171490342551 2240.5584375287904 2285.3620082800926 1798.8507858610292 2118.9568347244444 1599.8647948418945 1590.766316786903 2041.5724465096555 box 0
