1870.4545454545455 2894.1363636363635 3327.1789209193958 2403.606494366205 3233.711666808022 2126.037204703197 1776.9872913431714 2616.567073973356 box 0
1262.918030094857 1170.637409338756 2725.113132445358 681.4505043692878 2630.5630024673987 398.83718096275777 1168.3679001168975 888.024085932226 box 0
1958.6567885004486 3188.2497865222394 3432.021879246013 2688.7998733671466 3337.1124492259355 2408.819364229048 1863.7473584803702 2908.269277384141 box 0
1362.0125187805286 1467.7592765827674 2826.683879493802 970.0702314679492 2731.779236063443 690.7711096657342 1267.1078753501697 1188.4601547805526 box 0
1769.2260778945774 2608.258933406665 3226.485252933029 2120.1409345224997 3130.983321727559 1835.0232666610273 1673.7241466891076 2323.1412655451927 box 0
1166.75254188311 890.6757652939058 2625.0 394.1363636363635 2525.8100967023415 102.83334947107546 1067.5626385854516 599.3727511286177 box 0
1577.2727272727273 2032.7727272727273 3032.2734264981705 1531.8152330035048 2936.738998142736 1254.341272343365 1481.738298917293 1755.2987666125875 box 0
1669.3181818181818 2322.545454545454 3132.645865455194 1833.8189049604944 3034.112725667687 1538.7944760049133 1570.785042030675 2027.5210255898733 box 0
1458.518831922565 1747.2978673405585 2931.1725265983114 1246.8128882373155 2836.31625025295 967.7027217874154 1363.6625555772034 1468.1877008906583 box 0
2585.0864669182542 3310.8247283352252 3548.2142857142853 2987.4999999999995 3449.1615370539885 2692.439185276201 2486.033718257958 3015.7639136114262 box 0
