3803.500035432069 2228.7001131852426 3803.914921489348 2053.9306322610746 2627.1213161914657 2051.1370366255483 2626.7064301341866 2225.906517549716 box 0
3814.959559021732 2049.9236645796614 3815.5637300685266 1862.4519430821094 2636.854171046795 1858.653278502448 2636.25 2046.125 box 0
3809.7080086979877 1856.2045414889092 3809.890160382605 1672.091648701581 2634.745319243907 1670.9290217435123 2634.56316755929 1855.0419145308406 box 0
3823.050482129344 1666.7970609116985 3823.422784924875 1474.446389578011 2632.81863865923 1472.1419252943563 2632.446335863699 1664.4925966280439 box 0
3816.25 692.3750000000001 3817.3324424807683 503.1985786521818 2625.49766545968 496.37905757490495 2624.415222978911 685.5554789227232 box 0
3796.25 2429.875 3795.9869025535436 2239.2346736542336 2587.570550443308 2240.9023756698066 2587.833647889764 2431.542702015573 box 0
1285.0 681.1250000000001 1283.4322249690922 492.0111172897556 94.95321628994327 501.86373988870093 96.5209913208511 690.9776225989453 box 0
3816.25 1286.125 3817.3132628001263 1091.5078548004678 2628.657346862118 1085.0138040513855 2627.594084061992 1279.630949250918 box 0
3834.389898441265 1478.5911223285812 3835.5734127356272 1297.9672399553056 2631.9365450401806 1290.0805672771316 2630.7530307458183 1470.7044496504072 box 0
1324.450148863081 490.7752553876742 1322.5 316.1250000000001 119.65465819752069 329.55599940261516 121.60480706060173 504.20625479028934 box 0
1278.0 876.6250000000002 1276.4322249690922 687.5111172897556 87.95321628994327 697.363739888701 89.5209913208511 886.4776225989453 box 0
1278.5 1062.125 1276.9322249690922 873.0111172897556 88.45321628994327 882.863739888701 90.0209913208511 1071.9776225989453 box 0
1293.75 1259.875 1292.1116951490594 1062.2534118790302 102.70321628994327 1072.1137398887008 104.34152114088387 1269.7353280096704 box 0
1288.25 1455.625 1286.6822249690922 1266.5111172897555 98.20321628994327 1276.3637398887008 99.7709913208511 1465.4776225989453 box 0
1290.0 1646.125 1288.4832614869285 1463.1674304454998 88.70321628994327 1473.1137398887008 90.21995480301484 1656.071309443201 box 0
1295.5 1836.625 1293.9832614869285 1653.6674304454998 94.20321628994327 1663.6137398887006 95.71995480301484 1846.571309443201 box 0
1299.75 2025.875 1298.2332614869285 1842.9174304454998 98.45321628994327 1852.8637398887008 99.96995480301484 2035.821309443201 box 0
1316.5 2216.375 1314.9832614869285 2033.4174304454998 115.20321628994327 2043.3637398887008 116.71995480301484 2226.3213094432012 box 0
3821.75 880.3750000000001 3822.8324424807683 691.1985786521818 2630.99766545968 684.3790575749049 2629.915222978911 873.5554789227232 box 0
3827.25 1078.375 3828.3324424807683 889.1985786521818 2636.49766545968 882.3790575749049 2635.415222978911 1071.555478922723 box 0
