2888.2307314065056 2345.5199653462696 4017.498243841297 2296.5952147200333 4006.2808820578493 2037.6791839762395 2877.0133696230578 2086.6039346024763 box 0
2824.8205128205127 1017.9999999999999 3999.245702905313 969.6512193406277 3988.985284640401 720.4185912002437 2814.5600945556016 768.7673718596162 box 0
2904.3076923076924 2871.846153846154 4028.764105026242 2826.800351083175 4018.2458410047198 2564.2380543937256 2893.78942828617 2609.283857156704 box 0
2770.8829540528154 494.2895397979126 3969.473686575215 442.9342874521342 3958.8665332518717 195.3717677277222 2760.275800729472 246.72702007350048 box 0
2796.6153846153848 746.2051282051282 4000.3804715132496 702.2974028895572 3991.32654915906 454.0769462130552 2787.5614622611956 497.98467152862594 box 0
2915.4267711209254 2609.5612085488165 4031.705604412908 2563.592603072755 4021.148616452316 2307.231939491955 2904.8697831603336 2353.2005449680164 box 0
2864.2995019887608 1824.1724862140309 4031.0541691431085 1767.605142116084 4018.1805135752043 1502.0738898235666 2851.4258464208565 1558.6412339215137 box 0
2849.8759993867084 1291.305588565639 4006.303465581637 1243.7413754265149 3995.5314057036235 981.8405662195172 2839.103939508695 1029.4047793586417 box 0
2861.713410049213 2079.5511077279575 4033.4143632804185 2026.986810477005 4021.785100692974 1767.7610855703824 2850.084147461768 1820.3253828213353 box 0
2838.7986219062327 1550.7665002113185 4037.3710667077207 1497.6302125333946 4025.6063661919115 1232.258910250107 2827.033921390424 1285.395197928031 box 0
