641.5929203539822 3.3982300884957035 871.6814159292035 6.05309734513287 886.7256637168141 1062.6902654867258 661.9469026548672 1068.0 box 0
878.7610619469026 1.6283185840709251 1107.079646017699 4.283185840708093 1122.1238938053095 1058.2654867256638 895.575221238938 1067.1150442477876 box 0
1115.929203539823 2.513274336283314 1343.362831858407 4.283185840708093 1358.4070796460176 1055.6106194690267 1135.3982300884954 1053.840707964602 box 0
1353.0973451327432 3.3982300884957035 1580.5309734513273 6.05309734513287 1589.3805309734512 1049.41592920354 1374.3362831858406 1060.9203539823009 box 0
1590.2654867256635 0.7433628318585358 1818.58407079646 6.05309734513287 1831.8584070796458 1055.6106194690267 1610.6194690265486 1054.7256637168143 box 0
1827.433628318584 5.168141592920482 2053.097345132743 2.513274336283314 2061.9469026548672 1052.070796460177 1849.5575221238937 1052.070796460177 box 0
2060.176991150442 1.6283185840709251 2288.4955752212386 2.513274336283314 2302.654867256637 1052.9557522123894 2082.300884955752 1055.6106194690267 box 0
2299.1150442477874 1.6283185840709251 2524.7787610619466 6.05309734513287 2540.7079646017696 1048.5309734513276 2319.4690265486724 1055.6106194690267 box 0
2532.743362831858 1.6283185840709251 2755.7522123893805 2.513274336283314 2775.221238938053 1049.41592920354 2554.867256637168 1051.1858407079646 box 0
2769.026548672566 5.168141592920482 2993.805309734513 6.938053097345261 3010.6194690265484 1043.2212389380531 2786.725663716814 1043.2212389380531 box 0
