1358.3241163282883 3037.720683104986 1569.509617062059 3032.8011333439404 1552.3827508897293 2297.582264893061 1341.1972501559585 2302.5018146541065 box 0
2266.8355217823246 3045.574447451163 2480.8260361941484 3038.2753559139665 2454.7956832042473 2275.132628049325 2240.8051687924235 2282.4317195865215 box 0
1581.8276825417418 3040.706857044021 1799.632270551807 3035.9915010343175 1783.5171653281311 2291.6269510919647 1565.7125773180658 2296.3423071016687 box 0
2039.7218112015494 3037.8864397899783 2259.103241620162 3030.548071253638 2233.9603245711555 2278.897472105774 2014.5788941525427 2286.2358406421135 box 0
2490.103765220921 3045.359451062466 2705.7677704692264 3039.340697121186 2684.2393362805437 2267.9337931086766 2468.5753310322384 2273.9525470499566 box 0
1131.482847133237 3036.0465754000747 1348.4400789397491 3031.628209229129 1333.497872242373 2297.91360144929 1116.540640435861 2302.331967620236 box 0
1812.8310578828505 3032.330269562191 2030.7779058028336 3025.984687604078 2009.2079489225694 2285.1378838191563 1791.2611010025862 2291.4834657772694 box 0
2721.4171972867503 3044.013060763799 2935.574214594663 3036.6299243970593 2908.846405923699 2261.3567207303417 2694.6893886157864 2268.7398570970813 box 0
921.9266904529671 3032.3812904364513 1118.7344055783885 3028.368413650789 1103.7571798625845 2293.8246612542225 906.9494647371631 2297.8375380398847 box 0
704.1388008029396 3047.5538352010344 906.871794871795 3043.6410256410254 892.3050203188316 2288.8979762395365 689.5720262499761 2292.810785799545 box 0
