977.9641944698849 3049.9775187492833 1004.5454545454545 2288.454545454545 791.564120155634 2281.0203478804865 764.9828600800645 3042.5433211752243 box 0
754.6006107936958 3041.1160167645958 781.8181818181819 2282.772727272727 570.4216874681957 2275.185531369466 543.2041164437096 3033.528820861335 box 0
530.3325368102643 3053.168758839878 568.70363856642 2255.1317000939453 355.59517086185485 2244.8850497538715 317.2240691056992 3042.922108499805 box 0
562.1190270148295 2258.7181430378787 592.3066939943781 1432.211064878304 378.1085000313741 1424.3876064738404 347.9208330518255 2250.894684633415 box 0
1192.074376063016 3055.671835035092 1228.409090909091 2292.9999999999995 1017.3508669652321 2282.9449015544587 981.0161521191573 3045.6167365895512 box 0
773.6182663149428 2266.139606479836 808.0355404408057 1436.1435247282568 596.4428159528183 1427.36945342617 562.0255418269554 2257.365535177749 box 0
317.8650879534324 3041.5780155705916 346.28723186130867 2254.9226059223934 131.31133702673117 2247.1554492426408 102.88919311885492 3033.8108588908385 box 0
992.8894722430169 2273.891349078036 1020.8853615625335 1442.961598154525 818.0447508975757 1436.1274424640258 790.0488615780591 2267.0571933875362 box 0
1212.0026803968349 2277.19687101793 1239.911485393658 1456.6251843795126 1039.7727272727273 1449.8181818181818 1011.863922275904 2270.3898684565993 box 0
333.04076201808783 2241.821591879569 377.27272727272725 1427.090909090909 173.36381436383255 1416.0206350219048 129.13184910919313 2230.7513178105646 box 0
