1320.7024492777073 1575.7919003062802 1374.3659104591025 866.2110705194755 754.3305723112272 819.3196651953083 700.6671111298316 1528.9004949821128 box 0
3336.755845204505 1746.9334324593765 3392.6025282371043 1017.06439993859 2763.846683032598 968.9544968909781 2708.0 1698.8235294117646 box 0
2671.529411764706 1649.4117647058824 2722.034296934929 930.6792964385862 2068.163013711911 884.7321665490765 2017.6581285416871 1603.4646348163726 box 0
1999.878523222834 1613.7450429483363 2052.5561463757713 896.7930137572147 1417.1482113882312 850.1067943382902 1364.470588235294 1567.0588235294117 box 0
2692.0264512343974 2528.1760633520425 2729.8270580215367 1794.4231760872242 2084.470588235294 1761.1764705882354 2046.6699814481556 2494.929357853054 box 0
1846.8235294117644 2370.5882352941176 1907.229677826739 1648.0734841375029 1271.1171250387367 1594.8910277089958 1210.7109766237622 2317.4057788656105 box 0
1247.5478224750052 802.5188552189495 1301.6465302128493 176.2580853685172 797.3183488569614 132.69236290813296 743.2196411191176 758.9531327585653 box 0
2333.882352941176 838.8235294117648 2381.4168830158587 219.90695728103915 1859.2424394410746 179.80249424026977 1811.7079093663917 798.7190663709954 box 0
1786.8235294117644 829.4117647058823 1826.2843322739925 201.40584296283603 1309.6813795299831 168.94505466374534 1270.2205766677548 796.9509764067916 box 0
2870.3529411764707 876.4705882352941 2912.493949574353 256.05763299125454 2389.185965262917 220.5123949765631 2347.0449568650342 840.9253502206028 box 0
3428.0 935.2941176470589 3477.253913822723 316.48564238172344 2952.359734623374 274.70681468023076 2903.1058208006516 893.5152899455661 box 0
