2374.916594642152 542.4364857536297 2542.9105155898847 539.6287857390945 2533.9561607899764 3.8603045600910324 2365.962239842244 6.668004574626201 box 0
2723.324936804826 540.2926573570202 2898.540714976711 537.7816667598585 2890.76900011534 -4.525050240321006 2715.553221943455 -2.0140596431592446 box 0
2198.565773383315 547.8863014037532 2363.6684410964335 545.9799655924768 2357.6440082634135 24.219882029779537 2192.541340550295 26.126217841055936 box 0
2551.3092498287515 531.4450299863503 2721.1516128566864 527.6696249544899 2709.339613391463 -3.7112161283180725 2539.497250363528 0.06418890354238882 box 0
1850.2440463291757 524.948329359502 2016.494019532977 523.1326482463247 2010.7894337428459 0.8012609420115755 1844.5394605390445 2.6169420551888347 box 0
1324.2985827874063 548.2199144214081 1326.988383283805 11.334632689164323 1159.7449585486534 10.496741500527833 1157.0551580522547 547.3820232327716 box 0
2020.2004560283347 538.6991122223804 2190.0764491020273 540.449903487758 2195.627776546128 1.815012457184948 2025.7517834724358 0.06422119180739216 box 0
1499.987984124614 539.6522478317081 1675.0824518185252 540.0558752180939 1676.3283416352735 -0.4139284347354322 1501.2338739413624 -0.8175558211211392 box 0
1681.516232011094 529.0295146529621 1842.4392805499037 528.1654683565238 1839.7270709063864 23.03391937566332 1678.8040223675766 23.89796567210177 box 0
1500.8186666055433 536.6074261819263 1498.8740749023643 19.824223283768617 1318.0252314047104 20.504735263691316 1319.9698231078894 537.2879381618491 box 0
