1089.7134801758689 1916.330179941648 1106.491369831337 1197.6429879247767 471.07398960509437 1182.8090479171854 454.29609994962647 1901.4962399340566 box 0
2136.787569274875 2957.5329743609873 2776.1040191387483 2897.8406517346343 2707.042542419461 2158.1787291302235 2067.7260925555875 2217.8710517565764 box 0
1756.5033853592145 2015.4687642694348 1776.9795418516208 1300.874707381059 1128.945359605385 1282.305774152196 1108.4692031129787 1996.899831040572 box 0
3067.391304347826 1156.5217391304348 3126.672014845018 544.8467119469482 2624.148434610076 496.1444541237203 2564.867724112884 1107.8194813072068 box 0
1413.0434782608695 2891.304347826087 2065.18356446718 2875.18367303966 2047.03952920364 2141.19127646467 1394.8994429973288 2157.311951251097 box 0
2013.0434782608693 1060.8695652173913 2082.835512587957 454.56687448537286 1583.9770599913247 397.14284061551416 1514.1850256642379 1003.4455313475324 box 0
3609.7243370141177 1218.473828999895 3675.8015034611713 602.1434016902103 3154.209240714153 546.2231724821979 3088.1320742671 1162.5535997918826 box 0
2433.065557716034 2019.3328692088069 2448.02507583803 1295.6942687205033 1791.069556953766 1282.1132657399235 1776.1100388317707 2005.751866228227 box 0
1504.3478260869565 984.7826086956521 1569.23830375436 385.6281965690212 1062.3114125282068 330.7262757146612 997.4209348608034 929.8806878412918 box 0
2547.8260869565215 1106.5217391304348 2611.0209535359763 501.23934041069106 2098.1293137474245 447.69058562332015 2034.93444716797 1052.972984343064 box 0
978.2608695652174 954.3478260869564 1039.8867904582812 353.5316258838922 546.791658497586 302.9546913992791 485.1657376045223 903.7708916023433 box 0
3096.0499388212975 2015.1574035928268 3105.7541015265792 1298.4688844501497 2458.359108114738 1289.7029754354937 2448.6549454094556 2006.391494578171 box 0
4006.8096554830527 2559.508582678419 4205.990991884347 1688.752263291235 3682.9365107461954 1569.1060566038077 3483.7551743449008 2439.8623759909915 box 0
