-1.0411834284276549 1581.7420592037206 946.3917525773196 1540.1649484536083 938.0521465687441 1350.1272747604041 -9.380789437003386 1391.7043855105162 box 0
-11.102803533204579 1388.7111186472412 934.020618556701 1346.3505154639176 926.0712453549015 1168.9890465669775 -19.052176735004196 1211.349649750301 box 0
4.008808741539785 1202.0593595027408 920.6185567010309 1160.7835051546392 912.1592690303374 972.9287493364146 -4.450478929153746 1014.2046036845165 box 0
4.054378056301783 1013.4018685727721 918.5567010309279 967.9999999999999 909.5493926227971 786.5712455913223 -4.952930351829025 831.9731141640946 box 0
11.734148628772525 1785.5221509035132 958.7628865979382 1737.0721649484537 948.5897456354061 1538.2226367800545 1.5610076662405277 1586.672622735114 box 0
-5.888466971565833 827.4697474980596 948.7896970717335 770.2004984739423 938.1443298969073 592.7422680412371 -16.533834146391957 650.0115170653547 box 0
-7.000914838249738 2155.3114925875952 965.979381443299 2115.4226804123714 958.6587365935865 1936.8552374021335 -14.321559687962349 1976.7440495773571 box 0
0.9161146351358891 2347.04890365689 969.0721649484536 2314.3917525773195 962.6274930027215 2123.332583902675 -5.52855731059617 2155.989734982246 box 0
-2.3167613321020193 2535.96915253324 1004.1237113402062 2502.0206185567013 997.8809875266605 2316.9484175005514 -8.559485145647727 2350.8969514770915 box 0
-18.279265353713637 1970.8372657834718 954.7010309278351 1930.948453608247 947.3803860781226 1752.3810105980099 -25.599910203426248 1792.2698227732333 box 0
