-23.55955069033007 1335.6992260087736 943.7304484162173 1231.36466544029 920.8700165030132 1019.4246616255036 -46.41998260353421 1123.7592221939872 box 0
21.982770115081507 2647.5085437038365 1050.9159115951602 2534.1497725098593 1026.8392149389347 2315.610784604269 -2.0939265411440147 2428.9695557982463 box 0
2739.273818283648 912.8863957891173 3954.4801999780393 812.0802148011893 3937.4627919508016 606.9374087556615 2722.25641025641 707.7435897435896 box 0
-8.994612030768621 1117.9612986319155 934.7229135748499 1013.3276289689321 910.9710061118843 799.1031693704036 -32.74651949373424 903.736839033387 box 0
2767.8541518803486 1126.6496913953474 3963.9089268121597 1035.3856092989213 3947.8566803340063 825.0140632585833 2751.801905402195 916.2781453550094 box 0
2779.357729412757 1344.6954520367783 3970.6947702510324 1253.1105227852975 3954.3813117249383 1040.9050042010147 2763.044270886663 1132.4899334524955 box 0
-16.46656985065415 2423.554143652051 1014.5641025641027 2307.74358974359 991.623922904169 2103.5132492273747 -39.406749510587645 2219.323803135836 box 0
2853.9741850766763 2215.4046782949044 4042.001366895285 2126.469595204573 4026.0628235903155 1913.5567375681321 2838.035641771707 2002.4918206584634 box 0
-3.870763995126026 1551.2452992071933 972.9529443835067 1446.7306149404099 950.2859178800137 1234.878193987387 -26.537790498619074 1339.3928782541702 box 0
1.3051314076249128 2868.6777137806835 1068.7542438495775 2754.402649564076 1045.3713555613692 2535.981916041094 -22.077756880583365 2650.2569802577013 box 0
2848.8399143008073 2440.3531011913365 4041.4666362793105 2358.1711870843865 4026.509761586862 2141.1165147840675 2833.8830396083595 2223.2984288910175 box 0
2717.887898605292 699.8513306476779 3897.667208923132 598.4026311086549 3879.70358851629 389.497955240994 2699.92427819845 490.94665478001696 box 0
6.849559465563175 2218.730959601922 998.1668364459797 2103.4786441258775 973.0947041491893 1887.8262486500307 -18.22257283122724 2003.0785641260754 box 0
2840.12285333931 2005.0897958684154 3992.3334068663557 1910.0723624360392 3975.0129102104943 1700.038705260735 2822.8023566834486 1795.0561386931113 box 0
10.356994207724028 901.8638274105883 914.9217792587972 798.3139098180693 889.2914246002593 574.4188378420972 -15.273360450813811 677.9687554346162 box 0
2714.7014788403303 477.0776603030925 3904.0150666986865 379.3406573510344 3886.333857463381 164.1867058468099 2697.0202696050246 261.92370879886795 box 0
2800.1294077866214 1571.4544749711433 3988.9230769230767 1479.5384615384614 3971.3664554180214 1252.4702966215743 2782.572786281566 1344.3863100542562 box 0
2795.1729748080447 1785.7532586484854 3982.254558218767 1695.236211863762 3965.7482500773885 1478.765004497328 2778.6666666666665 1569.282051282051 box 0
7.388575077410849 1761.5628456457016 990.6348917188184 1667.1195553764553 970.3266932483948 1455.6914985315443 -12.919623393012728 1550.1347888007904 box 0
-2.8848943857932285 1981.731667368215 986.3589743589745 1874.4102564102564 964.0804239731256 1669.055899092352 -25.16344477164199 1776.3773100503104 box 0
