0.6363636363636481 383.11688311688306 1120.1168831168832 374.025974025974 1124.012987012987 600.6493506493506 1.935064935064947 611.6883116883117 box 0
2.5844155844155963 620.7792207792207 1125.9610389610389 611.038961038961 1123.3636363636365 835.0649350649351 1.935064935064947 848.0519480519481 box 0
1.2857142857142976 855.8441558441558 1121.4155844155844 848.7012987012987 1126.6103896103896 1068.1818181818182 4.532467532467543 1088.9610389610389 box 0
1.935064935064947 1094.8051948051948 1120.1168831168832 1081.8181818181818 1124.6623376623377 1309.7402597402597 0.6363636363636481 1327.2727272727273 box 0
1.2857142857142976 1333.7662337662337 1122.064935064935 1319.4805194805194 1116.8701298701299 1544.8051948051946 3.2337662337662456 1564.935064935065 box 0
1.935064935064947 1570.779220779221 1118.1688311688313 1556.4935064935064 1119.4675324675325 1786.3636363636365 1.935064935064947 1804.5454545454545 box 0
0.6363636363636481 1812.3376623376623 1120.1168831168832 1794.155844155844 1130.5064935064936 2024.025974025974 1.2857142857142976 2042.857142857143 box 0
0.6363636363636481 2048.051948051948 1131.155844155844 2029.8701298701299 1137.6493506493507 2262.987012987013 3.2337662337662456 2281.1688311688313 box 0
1.935064935064947 2286.3636363636365 1134.4025974025974 2273.3766233766232 1140.2467532467533 2499.3506493506493 3.2337662337662456 2515.5844155844156 box 0
1.2857142857142976 2521.4285714285716 1134.4025974025974 2509.090909090909 1134.4025974025974 2732.4675324675322 7.129870129870141 2746.753246753247 box 0
