3234.1105742944787 2609.273638508752 3303.816682529884 2221.4349189516006 2907.804865311234 2150.2598629255745 2838.098757075829 2538.0985824827258 box 0
3438.8939289221917 1413.7326375195705 3507.7962982497465 1028.4007464565589 3113.1666481851753 957.8358165169643 3044.2642788576204 1343.1677075799757 box 0
2826.119119282426 2532.483923277934 2898.3020526017212 2147.7852858633714 2500.4851737778768 2073.140911164204 2428.3022404585813 2457.839548578767 box 0
2746.4761049031936 2929.2818761228045 2823.1855190600722 2548.266456477804 2430.2822471090844 2469.163674129094 2353.5728329522058 2850.179093774095 box 0
3036.783966014673 1345.5329275585893 3105.3957566169347 959.6307519349884 2705.786575367163 888.5819131396523 2637.1747847649012 1274.4840887632533 box 0
2902.163515787113 2133.993031638088 2970.196075310445 1749.8025485719713 2570.241777486813 1678.9785282679184 2502.209217963481 2063.169011334034 box 0
3160.6231752259073 3009.8314384554906 3229.663030753314 2616.7177347582924 2830.9368177550496 2546.6921928311303 2761.8969622276427 2939.8058965283285 box 0
2974.102097206458 1740.8229464775109 3038.0647141898044 1352.634109934962 2636.567178458825 1286.4785931343054 2572.6045614754785 1674.667429676854 box 0
3380.037140255191 1824.4272883315589 3454.689326057249 1436.2098760732056 3057.988688717741 1359.9264102848251 2983.3365029156826 1748.1438225431784 box 0
3310.356461990758 2219.442287691813 3384.19612079952 1834.3418900656782 2985.033613692836 1757.8059438145344 2911.1939548840737 2142.9063414406696 box 0
