2326.271186440678 2079.661016949153 2417.1744475584483 1908.6122378568434 1891.1972451228703 1629.0835371626822 1800.2939840051001 1800.1323162549913 box 0
2420.3389830508477 1906.7796610169494 2511.083449127958 1743.0057825734173 1990.3351643769217 1454.467552243865 1899.590698299811 1618.2414306873964 box 0
1696.6101694915255 1969.491525423729 1794.0606506815673 1800.1072640016 1283.8841251878002 1506.5915177108056 1186.4336439977583 1675.9757791329346 box 0
2505.9322033898306 1721.1864406779662 2598.8802745648372 1551.1579448638429 2073.7360277699236 1264.081683943441 1980.7879565949177 1434.1101797575645 box 0
1893.2203389830509 1615.2542372881358 1986.3729951661232 1444.7495166793137 1462.9389664580926 1158.7793104782502 1369.7863102750205 1329.284031087072 box 0
1787.2881355932204 1783.8983050847457 1877.5719855972436 1621.1594153909377 1360.0859267856608 1334.069870901464 1269.8020767816377 1496.8087605952715 box 0
1976.271186440678 1427.9661016949153 2066.6406374335565 1258.5609807532344 1550.2789164582255 983.106939110994 1459.9094654653472 1152.512060052675 box 0
2239.6020039686614 2261.1350570035956 2328.813559322034 2092.3728813559323 1803.1131317835086 1814.4755823275163 1713.9015764301362 1983.2377579751792 box 0
2149.1525423728813 2440.677966101695 2239.3383776795913 2268.607908817057 1720.7539875569114 1996.8060210378846 1630.568152250201 2168.876078322522 box 0
1619.491525423729 2154.237288135593 1711.9947926430734 1991.5465417877015 1206.7087641431374 1704.2492641872725 1114.2054969237925 1866.9400105351638 box 0
