1801.7533113043812 3038.724845328353 1819.941881775637 2187.299981791481 1543.3402143914193 2181.391076455095 1525.1516439201635 3032.8159399919664 box 0
1509.3532260701056 3042.7315682039884 1525.9639639639638 2189.1711711711714 1254.784424156467 2183.8938735439874 1238.1736862626087 3037.4542705768044 box 0
2094.3625499686423 3038.7996550055295 2107.501599976831 2188.000285269531 1826.1208850899513 2183.6548715142458 1812.9818350817625 3034.4542412502437 box 0
3528.6229754790393 3047.190210326404 3520.558558558558 2192.774774774775 3245.243761065485 2195.373338914629 3253.3081779859667 3049.7887744662576 box 0
2381.702587465651 3032.850170435908 2391.262256514411 2189.1908297240298 2113.060543485277 2186.0384716844537 2103.500874436517 3029.6978123963318 box 0
1226.9554509790999 3051.1431849434903 1245.2593269028441 2166.3772347868066 962.9770765630143 2160.537431294391 944.67320063927 3045.3033814510736 box 0
3815.7666911617466 3039.6543632913695 3807.045045045045 2189.1711711711714 3531.5880194715423 2191.9959638533437 3540.309665588243 3042.4791559735418 box 0
2663.8018018018015 3032.4144144144143 2664.8609667267997 2186.294385711559 2386.9793972767584 2185.946536231957 2385.92023235176 3032.0665649348125 box 0
2956.5945945945946 3038.720720720721 2952.7880633982727 2183.6832609654784 2678.652820198236 2184.903680425874 2682.4593513945583 3039.9411401811167 box 0
3243.2759936583475 3041.6219698146 3236.7747747747744 2187.3693693693695 2959.8375638565535 2189.4769771474985 2966.338782740127 3043.7295775927305 box 0
