1456.5930067846089 305.03417810803785 1964.1659459385442 305.03417810803785 1964.1659459385437 812.4748635131824 1456.5930067846089 812.4748635131824 box 0
1988.623724784587 305.9379250375094 2484.9984090921903 325.803508517973 2464.5810633345277 835.964892140332 1968.2063790269247 816.0993086598684 box 0
1455.5714285714284 827.8571428571427 1959.1428571428569 827.8571428571427 1959.1428571428569 1339.2857142857142 1455.5714285714284 1339.2857142857142 box 0
1434.142857142857 1344.9999999999998 1937.7142857142856 1344.9999999999998 1937.7142857142856 1849.9999999999998 1434.142857142857 1849.9999999999998 box 0
1960.258886265092 1348.9412737038099 2460.233886473425 1353.9411903708933 2455.1696851634792 1860.344440581904 1955.1946849551464 1855.344523914821 box 0
1988.0494112985778 822.553936219384 2486.669951773189 837.5170416346058 2471.334826188896 1348.53453398665 1972.7142857142856 1333.5714285714284 box 0
1440.284046561374 1856.7663992384798 1946.687296772385 1861.8306005484255 1941.5730962957684 2373.23360076152 1435.1698460847574 2368.169399451574 box 0
1448.4285714285713 2374.285714285714 1944.1428571428569 2374.285714285714 1944.1428571428569 2882.142857142857 1448.4285714285713 2882.142857142857 box 0
1957.7142857142856 2394.9999999999995 1962.7142857142856 2898.5714285714284 2455.5714285714284 2885.7142857142853 2454.8571428571427 2387.8571428571427 box 0
1957.7142857142856 1875.7142857142853 1961.9999999999998 2380.0 2461.285714285714 2376.428571428571 2464.8571428571427 1867.1428571428569 box 0
