677.6470588235294 1608.0000000000002 905.8823529411765 1590.3529411764707 988.2352941176471 2819.764705882353 765.8823529411765 2819.7647058823527 box 0
921.1764705882354 1586.8235294117646 1143.5294117647059 1583.2941176470586 1217.6470588235295 2802.1176470588234 997.6470588235294 2816.235294117647 box 0
1157.6470588235295 1580.9411764705883 1378.8235294117646 1575.0588235294115 1452.9411764705883 2791.529411764706 1234.1176470588236 2804.470588235294 box 0
1391.764705882353 1560.9411764705883 1618.8235294117646 1549.1764705882354 1690.5882352941178 2779.7647058823527 1472.9411764705883 2790.3529411764703 box 0
1625.8823529411766 1545.6470588235295 1854.1176470588236 1538.5882352941176 1929.4117647058824 2759.7647058823527 1707.0588235294117 2772.705882352941 box 0
1864.7058823529412 1532.7058823529414 2087.0588235294117 1519.7647058823527 2161.176470588235 2750.3529411764703 1944.7058823529412 2759.7647058823527 box 0
2097.6470588235293 1517.4117647058824 2328.2352941176473 1511.5294117647059 2395.294117647059 2731.529411764706 2177.6470588235293 2742.1176470588234 box 0
2335.294117647059 1508.0 2563.529411764706 1498.5882352941176 2631.764705882353 2722.1176470588234 2414.1176470588234 2728.0 box 0
2574.1176470588234 1493.8823529411766 2800.0 1485.6470588235295 2865.8823529411766 2706.8235294117644 2644.7058823529414 2716.235294117647 box 0
2809.4117647058824 1484.4705882352941 3031.764705882353 1475.0588235294117 3097.6470588235293 2689.176470588235 2880.0 2704.470588235294 box 0
