2179.8050582948804 3209.0153194113927 2396.5957041422557 3027.938939821983 1716.962127293981 2214.2590860575747 1500.1714814466054 2395.3354656469846 box 0
2478.1804431324986 3127.985651165844 2689.1952443849136 2952.6431015595876 1925.8158536349551 2033.959354910424 1714.8010523825399 2209.3019045166793 box 0
1835.435580933142 3235.270484557673 2044.563102814252 3059.7033441429708 1485.8317757009345 2394.168224299065 1276.7042538198255 2569.7353647137684 box 0
3378.379664038181 2403.124831115291 3591.3509280230132 2225.459114625637 2826.840422863337 1309.0258722953936 2613.8691588785045 1486.6915887850466 box 0
4036.0216547789128 1824.2788593636662 4246.534729456694 1644.2555343280155 3495.258837389645 765.7393868287561 3284.7457627118647 945.7627118644068 box 0
3600.6787294587416 2216.0781021433277 3813.6499934435737 2038.4123856536737 3049.1394882838977 1121.9791433234311 2836.168224299065 1299.6448598130842 box 0
3832.3235892718258 2033.7042703676295 4045.2948532566584 1856.0385538779738 3280.784348096982 939.60531154773 3067.813084112149 1117.271028037383 box 0
3158.6226546923867 2585.236980648002 3371.593918677219 2407.5712641583477 2607.083413517543 1491.138021828104 2394.11214953271 1668.803738317757 box 0
2342.247123681342 2532.752698574935 2555.2183876661743 2355.086982085281 1790.7078825064982 1438.653739755037 1577.7366185216656 1616.31945624469 box 0
2706.959103290518 2941.984644199404 2919.9303672753504 2764.31892770975 2155.4198621156743 1847.885685379506 1942.4485981308417 2025.5514018691592 box 0
