381.2857142857144 1241.4285714285713 671.2857142857143 1241.4285714285713 671.2857142857143 2779.9999999999995 381.2857142857144 2779.9999999999995 box 0
681.2857142857143 1228.5714285714284 972.7142857142858 1228.5714285714284 972.7142857142858 2777.142857142857 681.2857142857143 2777.142857142857 box 0
987.0 1222.8571428571427 1277.0 1222.8571428571427 1277.0 2769.9999999999995 987.0 2769.9999999999995 box 0
1288.4285714285713 1215.7142857142856 1584.142857142857 1215.7142857142856 1584.142857142857 2767.142857142857 1288.4285714285713 2767.142857142857 box 0
1591.2857142857142 1218.5714285714284 1888.4285714285713 1218.5714285714284 1888.4285714285713 2761.428571428571 1591.2857142857142 2761.428571428571 box 0
1899.8571428571427 1209.9999999999998 2191.285714285714 1209.9999999999998 2191.285714285714 2752.8571428571427 1899.8571428571427 2752.8571428571427 box 0
2199.857142857143 1209.9999999999998 2495.5714285714284 1209.9999999999998 2495.5714285714284 2749.9999999999995 2199.857142857143 2749.9999999999995 box 0
2504.1428571428573 1202.8571428571427 2797.0 1202.8571428571427 2797.0 2745.7142857142853 2504.1428571428573 2745.7142857142853 box 0
2807.0 1204.2857142857142 3107.0 1204.2857142857142 3107.0 2745.7142857142853 2807.0 2745.7142857142853 box 0
3118.4285714285716 1198.5714285714284 3422.714285714286 1198.5714285714284 3422.714285714286 2734.285714285714 3118.4285714285716 2734.285714285714 box 0
