3288.3142561354584 2581.954060915976 3344.9569545640584 1849.3287203002237 2689.267649229532 1798.634307309122 2632.624950800932 2531.259647924874 box 0
3944.0936836311607 2611.2553225388865 3997.2775802098226 1884.738751550603 3355.8908904960367 1837.7867001661914 3302.706993917375 2564.3032711544747 box 0
2610.288906207661 2487.8822789895967 2681.016815068236 1766.8542579315404 2025.6491728633832 1702.567182375149 1954.9212640028086 2423.5952034332054 box 0
1794.783504065017 1203.1762942054002 1817.590114772682 586.0963414249431 1302.171690072744 567.0470313465272 1279.3650793650793 1184.126984126984 box 0
2334.6938125870047 1217.8954212515732 2367.1643414912364 597.8558810726215 1843.581640015343 570.4366502972388 1811.111111111111 1190.4761904761904 box 0
1261.5189277174347 2496.404531358877 1318.4445117130183 1766.3692829885124 674.6283144471772 1716.1667577036228 617.7027304515938 2446.202006073988 box 0
1941.4508624637294 2434.6048573827075 2001.8023193609706 1714.9242145735357 1347.5527271663975 1660.0597181362764 1287.2012702691563 2379.7403609454477 box 0
3435.543270206568 1306.3194141967851 3461.3931571434177 691.6609950748866 2930.487204438874 669.3333763120631 2904.6373175020235 1283.9917954339617 box 0
589.2261159455131 2391.7677433462577 659.9572953173947 1663.6477737007012 0.5940011841884711 1599.5957693980677 -70.137178187693 2327.7157390436246 box 0
1253.968253968254 1242.857142857143 1267.5262550325017 627.4363613611441 767.3208662711911 616.4166080523873 753.7628652069434 1231.837389548386 box 0
2874.8519279980515 1259.8401251152393 2904.6972078016415 643.5985793775246 2390.1627401210512 618.6790891829203 2360.3174603174602 1234.920634920635 box 0
