523.6355111289581 2844.413174361673 1148.315693228696 2728.2323525908882 1015.4069458794038 2013.6095841222134 390.72676377966576 2129.7904058929985 box 0
1427.278668698119 2889.8288853978693 2080.6991602530434 2873.8760037242405 2062.7891689921516 2140.2934740686833 1409.3686774372266 2156.246355742312 box 0
3256.545743014419 1211.3096975378965 3315.6169459166185 587.6139544694504 2786.146855709946 537.4670110650088 2727.0756528077463 1161.1627541334549 box 0
3794.63809049523 1245.782486983672 3839.1471974367737 620.8435585550756 3318.4221504198053 583.7567237453168 3273.9130434782605 1208.695652173913 box 0
2460.684641074194 2024.1877414183991 2477.621355593955 1300.3615084848698 1829.0192647943366 1285.1849537415128 1812.082550274575 2009.011186675042 box 0
1782.6086956521738 2023.9130434782608 1817.50614757708 1302.528876541564 1180.448757716919 1271.710790069752 1145.5513057920132 1993.0949570064492 box 0
1134.782608695652 1939.1304347826085 1155.3656441025819 1213.696759390317 511.09280872075834 1195.4165347023522 490.50977331382825 1920.8502100946432 box 0
2715.7231178883926 1176.4491426817285 2770.840016246777 551.0579959191703 2240.8834487314803 504.35192657791515 2185.7665503730955 1129.7430733404733 box 0
1632.6086956521738 1095.6521739130435 1678.4249235780776 480.273005840449 1166.5625799219717 442.1638155714845 1120.746351996068 1057.5429836440792 box 0
1097.8260869565217 1078.2608695652173 1151.6675620975902 465.43491786912966 650.0092598492753 421.36037609253054 596.1677847082066 1034.186327788618 box 0
462.25052315950535 1925.163703319152 499.36641567196267 1204.9027755675868 -15.25670811891695 1178.3836408886116 -52.372600631374276 1898.6445686401769 box 0
2176.086956521739 1150.0 2212.532028673126 521.5218921571293 1692.1237296519423 491.3437240247401 1655.6786575005547 1119.8218318676109 box 0
4005.8045992510333 2542.9326442813217 4184.577586604006 1676.3381457025246 3662.2648233630225 1568.5883121064064 3483.491836010049 2435.1828106852035 box 0
