1358.997004867455 1594.4307641430203 1504.0289855072467 1469.4492753623188 720.2336024203026 559.9114075194678 575.2016217805104 684.892896300169 box 0
1505.7070784324033 1463.240468603252 1640.2608695652177 1346.2608695652173 852.1735257991828 439.77682688157023 717.619734666368 556.7564259196047 box 0
2082.2898550724635 969.4492753623189 2227.8312633609853 841.3269435679179 1429.6613382736239 -65.35945000453611 1284.1199299851016 62.76288178986505 box 0
1938.8115942028987 1078.1449275362318 2070.3842382770463 962.0608675958531 1280.3816128160997 66.65167609444467 1148.808968741952 182.73573603482313 box 0
2690.461538461538 2955.3846153846152 2836.6426712439566 2827.99859158934 2069.822110744197 1948.0378640698602 1923.640977961778 2075.4238878651354 box 0
3592.2295606532816 2234.749414054686 3738.961621714539 2113.490619497493 2974.1166764458717 1187.9719746735757 2827.3846153846152 1309.2307692307693 box 0
2552.217391304348 3075.608695652174 2689.230645000243 2956.3415338331383 1918.877144269624 2071.3649986215883 1781.863890573729 2190.632160440624 box 0
1063.6982353952912 1845.1424855635703 1204.0289855072467 1723.072463768116 420.0614055635029 821.8294154027709 279.7306554515475 943.899437198226 box 0
3452.0 2360.0 3593.1975158419696 2241.4784943299037 2817.808733873253 1317.7392184346168 2676.6112180312825 1436.260724104713 box 0
2848.9230769230767 2856.9230769230767 2989.59866358478 2737.6986296112655 2226.1693055837213 1836.911289153395 2085.4937189220186 1956.1357364652065 box 0
1643.4356019111565 1331.2474499278135 1787.5444907660803 1204.5706285151055 1004.7510621075944 314.0565632830164 860.6421732526708 440.7333846957248 box 0
2985.846153846154 2724.6153846153843 3138.8114364022385 2593.5895952376895 2372.559659655872 1699.033492230815 2219.594377099787 1830.05928160851 box 0
3725.79684147999 2103.0729224996576 3859.6400577770905 1993.8511286809273 3095.0739855278694 1056.9320523351162 2961.230769230769 1166.1538461538462 box 0
1792.434782608696 1205.6811594202898 1935.467087621289 1079.7497447566625 1150.089188299463 187.72124221023157 1007.0568832868702 313.65265687385863 box 0
1206.7957612553962 1722.7941841641568 1354.753623188406 1594.086956521739 565.1907900515282 686.429859149833 417.23292811851843 815.1370867922509 box 0
3147.3846153846152 2606.153846153846 3294.19861928068 2482.6198854227787 2520.6392642509045 1563.2828424664854 2373.82526035484 1686.816803197553 box 0
3288.9230769230767 2487.6923076923076 3443.8534940055433 2359.1000070152672 2675.9869310633035 1433.9599618184411 2521.056513980837 1562.5522624954824 box 0
2239.2451171238213 858.8246884904711 2384.472778490965 731.6911963384746 1641.1264775635234 -117.45125261229435 1495.8988161963791 9.682239539702039 box 0
938.5098295981898 1990.9685725200923 1078.840579710146 1868.8985507246375 294.8729997664015 967.6555023592925 154.5422496544461 1089.7255241547477 box 0
2387.1739130434785 3182.304347826087 2524.1871667393734 3063.037186007052 1753.8336660087546 2178.0606507955013 1616.8204123128594 2297.327812614537 box 0
