2295.062154342334 487.1572130074536 2335.7695171437654 14.489606514607656 1827.8198543464557 -29.25633867884031 1787.1124915450257 443.41126781400567 box 0
3091.0823415138234 1682.569172866415 3131.3553187843636 971.1024891454533 2480.272977270539 934.2476019933235 2439.9999999999995 1645.7142857142856 box 0
1728.1716142986943 1664.12251873167 1782.7591010280048 952.6420165445134 1142.3818750048945 903.509843252583 1087.794388275584 1614.9903454397395 box 0
2399.9999999999995 1669.9999999999998 2442.7274563310275 953.1234824011194 1793.1863555710481 914.4093686917076 1750.4588992400197 1631.2858862905878 box 0
4437.326123754583 739.2920090425046 4502.0642658071465 118.73021822238223 3981.546233641133 64.4288242181679 3916.80809158857 684.9906150382903 box 0
3771.2068554988637 1699.4828019168315 3791.7331566194025 987.5575191189952 3143.602346313881 968.8705466244285 3123.0760451933425 1680.7958294222647 box 0
2834.035563602098 509.1871712257646 2883.6130251535374 13.038408884764038 2367.530174312941 -38.53095828282355 2317.952712761501 457.6178040581769 box 0
3366.2056644088343 600.2731311801474 3435.714285714285 14.285714285714269 2921.725188023931 -46.68261458358215 2852.2165667184795 539.3048023108508 box 0
3894.281677356871 704.688073967107 3965.144417986956 77.66795782545523 3444.82040982749 18.863488423901742 3373.9576691974053 645.8836045655535 box 0
3268.517888533362 2735.8278280787417 3359.657377099974 1849.6955092059961 2816.853774280896 1793.8676811272542 2725.7142857142853 2679.9999999999995 box 0
2698.5714285714284 2642.8571428571427 2758.5853229398604 1743.8164784648188 2215.2999014844177 1707.5504059872478 2155.286007115986 2606.591070379571 box 0
1762.5459839225296 443.3945670259804 1797.8158088060695 7.036882775170568 1294.3253442678651 -33.65913600878588 1259.0555193843254 402.69854824202395 box 0
1238.422633156323 491.17773208971374 1260.244702711072 2.6068640387139226 651.4368230422331 -24.585604371469486 629.614753487484 463.9852636795304 box 0
595.5708650555179 492.4768216185901 604.8363311170389 11.544170645707027 7.467374805016736 0.03548688360712049 -1.798091256504283 480.9681378564903 box 0
1875.7142857142856 2392.8571428571427 1919.150231476422 1903.773083753996 1021.2885219089952 1824.0332684956852 977.8525761468587 2313.1173275988317 box 0
