3183.703976090628 1399.1215110725389 4029.0630023581443 1369.4052840087725 4021.115564314645 1143.3187599235548 3175.7565380471287 1173.0349869873212 box 0
3190.2532041285767 1622.1425226663075 4036.3006228492045 1599.2237230554076 4030.337277438806 1379.0868451620615 3184.289858718179 1402.0056447729614 box 0
3164.2440735138493 717.3415952581089 4029.0372058113617 682.4580534688231 4020.11039120783 461.15460873664205 3155.3172589103174 496.0381505259279 box 0
3172.145933214044 1174.6359885472161 4032.046191120616 1140.7079374592681 4023.1379748670106 914.930823586573 3163.237716960439 948.8588746745207 box 0
3188.3682708609526 953.4658431730379 4045.4801131955733 919.7675422546947 4036.484233106332 690.95851786517 3179.3723907717117 724.6568187835132 box 0
4024.429137569538 2070.1131780774876 4023.86001792706 1844.9719692957945 3181.0105566443294 1847.1025529710967 3181.579676286807 2072.24376175279 box 0
3202.9979917130363 1862.4476697048265 4025.1529316050746 1844.5529377441464 4020.047036034485 1609.9678500682173 3197.892096142446 1627.8625820288971 box 0
4028.7169054669334 2526.036884528724 4031.4089999346693 2297.722081634207 3193.632725270371 2287.8437345203483 3190.940630802635 2516.1585374148654 box 0
4020.5585181084757 2753.6626634515287 4022.7527703836236 2523.853745638211 3215.6378884467 2516.147283753061 3213.443636171552 2745.9562015663787 box 0
4031.4760149533663 2299.72530033214 4031.3692003962387 2077.509700717838 3164.0174252932156 2077.926619223524 3164.1242398503427 2300.142218837826 box 0
