1003.933859253431 719.3401956876327 1248.8572234537137 19.047997479513924 956.3032531733267 -83.27115271888272 711.3798889730441 617.021045489236 box 0
3066.5067636354697 1570.6305030354738 3640.03740376146 70.05176602558072 3351.063206304716 -40.39599146931164 2777.5325661787256 1460.1827455405814 box 0
2185.0962257824353 1198.5513344776355 2613.423091118258 27.45808714305735 2312.6072631396833 -82.56517610666378 1884.2803978038605 1088.5280712279143 box 0
1584.0465834724246 994.2851767549807 1943.7287855339878 15.786603989427933 1637.291335381335 -96.85545797446332 1277.609133319772 881.6431147910896 box 0
2474.6872594813344 1331.894148026654 2959.3743963581387 43.63183110008583 2655.366268350697 -70.74613929862687 2170.6791314738925 1217.5161776279415 box 0
3363.0302747513883 1696.1454258369074 3954.0751099372424 150.2796181779346 3662.7520891402132 38.895456655157545 3071.707253954359 1584.7612643141306 box 0
1293.6106349568831 865.8682761422984 1596.936726298196 15.721933808758195 1289.0655681986345 -94.12427780550661 985.7394768573217 756.0220645280338 box 0
2761.4636495613668 1473.829751185201 3290.981182095803 55.80077368455761 2997.0067758536725 -53.97455861928335 2467.4892433192363 1364.05441888136 box 0
1877.1251757365076 1096.8496025295797 2266.979767719625 30.836777606747546 1966.7934407490877 -78.94522058683077 1576.93884876597 987.0676043360013 box 0
3683.1036592078726 1804.2313922884844 4257.620638202792 261.1375341847255 3963.959228365369 151.8029884335616 3389.4422493704496 1694.8968465373202 box 0
