-19.787302950616493 2775.9824202194022 766.9123401202869 2770.272067875726 765.3977281367736 2561.6081124649236 -21.301914934129684 2567.3184648086 box 0
1.3614163923149363 1925.7556279963708 729.0537660442048 1909.7934342751423 724.2839704942817 1692.3456453495762 -3.4083791576082376 1708.307839070805 box 0
-11.129444185874206 2562.6920207637595 763.4267983551176 2550.901254311534 760.1670250574562 2336.760997424717 -14.38921748353556 2348.5517638769425 box 0
20.56798281367122 2138.3555424778265 749.6804412398317 2126.4979233716144 746.1268084079475 1907.9887988002495 17.014349981786893 1919.8464179064615 box 0
3.171682595204061 1715.5662749934402 721.5817571622138 1703.7124950428258 718.077372983566 1491.3258209538255 -0.3327015834437361 1503.17960090444 box 0
-10.55409316414108 2353.3541085273555 759.6941904886644 2338.295457380221 755.4122556626153 2119.2749808281133 -14.836027990190189 2134.333631975248 box 0
755.7784610681794 1277.9374841638023 755.9284242220014 1070.3811536805097 7.102585703823808 1069.8401136450357 6.952622550001832 1277.3964441283283 box 0
747.8974358974359 1061.5897435897436 747.3318924631336 856.2251519205505 -0.8415690762677537 858.2855099669582 -0.2760256419654516 1063.6501016361512 box 0
-6.281374550351757 852.1775853863538 753.4250306810083 847.7334083073864 752.1348628048988 627.1866609820544 -7.571542426461178 631.6308380610218 box 0
-9.539175461894104 1489.7519668503921 714.4869692782049 1479.9134470575998 711.6230828753767 1269.1572891310532 -12.403061864722247 1278.9958089238455 box 0
