424.4444444444444 1794.6666666666667 684.4444444444443 1784.296296296296 713.3333333333333 2511.703703703704 446.66666666666663 2526.5185185185187 box 0
691.8518518518518 1790.9629629629633 959.9999999999999 1775.4074074074074 993.3333333333333 2504.2962962962965 724.4444444444443 2516.888888888889 box 0
967.4074074074074 1779.111111111111 1230.3703703703702 1766.5185185185187 1266.6666666666665 2492.444444444445 1001.4814814814814 2505.777777777778 box 0
1245.185185185185 1768.7407407407406 1504.4444444444443 1752.4444444444443 1538.5185185185185 2484.2962962962965 1274.074074074074 2496.888888888889 box 0
1517.037037037037 1755.4074074074074 1780.7407407407406 1745.7777777777776 1811.8518518518517 2471.703703703704 1548.148148148148 2484.2962962962965 box 0
1787.4074074074074 1748.7407407407406 2057.037037037037 1735.4074074074074 2085.185185185185 2459.1111111111113 1822.9629629629628 2475.4074074074074 box 0
2062.962962962963 1738.3703703703704 2331.8518518518517 1727.2592592592591 2360.0 2452.444444444445 2098.5185185185182 2464.2962962962965 box 0
2342.222222222222 1728.0000000000002 2606.6666666666665 1715.4074074074074 2636.296296296296 2443.5555555555557 2372.5925925925926 2453.185185185185 box 0
2620.7407407407404 1717.6296296296296 2884.4444444444443 1705.0370370370372 2909.6296296296296 2432.444444444445 2648.148148148148 2441.3333333333335 box 0
2897.7777777777774 1698.3703703703704 3161.4814814814813 1693.1851851851852 3185.1851851851848 2414.666666666667 2924.4444444444443 2422.814814814815 box 0
