1318.1923076923076 1571.096153846154 1372.679747145439 853.9746772889349 750.9017930877625 806.7315117548923 696.4143536346306 1523.8529883121116 box 0
3336.422554008029 1744.9032570799025 3392.6595808150455 1017.0487957291487 2760.967796037786 968.2416924954 2704.7307692307695 1696.096153846154 box 0
2667.2307692307695 1645.1346153846155 2717.330418084501 930.9172608443715 2079.6961607732874 886.1896269030683 2029.596511919555 1600.406981443312 box 0
2001.8461538461538 1613.4038461538462 2054.5394631692143 897.5562384946519 1420.4169523837081 850.8786869431431 1367.7236430606479 1566.7262946023375 box 0
2696.14626441109 2528.606687996381 2726.818719008308 1788.4872423916518 2081.557069981834 1761.7459390106553 2050.8846153846157 2501.8653846153843 box 0
1849.7801998224827 2370.1075766291406 1910.2283219957976 1645.526867787557 1271.6083255681424 1592.2500152639816 1211.1602033948275 2316.8307241055654 box 0
1241.2692307692307 802.8269230769231 1295.176116797526 178.70972247316428 799.2052613594066 135.87122298685853 745.2983753311114 759.9884235906175 box 0
2334.538461538462 837.4423076923077 2381.985346622374 220.6592103075611 1864.7678506577479 180.87154557018857 1817.3209655738356 797.6546429549353 box 0
1786.4615384615383 823.9807692307693 1831.775006985799 204.65214616609964 1318.3785359301803 167.08925311502844 1273.0650674059195 786.417876179698 box 0
2873.0 875.9038461538462 2909.4416316393067 253.48369625849065 2386.129728829175 222.84468240606685 2349.688097189868 845.2648323014224 box 0
3419.334715402085 931.5751520767535 3473.6604592969907 320.0309945690723 2955.1387854410355 273.9687841595114 2900.8130415461296 885.5129416671926 box 0
