2686.013986013986 1081.118881118881 2684.1888342157595 632.5124777287235 2000.173687355758 635.2953882397445 2001.9988391539846 1083.901791629902 box 0
1988.790885657066 1084.1598057779524 1985.6155837520316 626.8408227045044 1315.7058169760846 631.4922057377407 1318.881118881119 1088.811188811189 box 0
2687.247302060957 2477.6868959245166 2684.935594257844 2026.0774134045582 2014.4715089801039 2029.509398598923 2016.7832167832169 2481.1188811188813 box 0
2686.713286713287 1549.6503496503499 2688.7634935193323 1095.1558960941318 2007.4129506130298 1092.0823502907906 2005.362743806984 1546.5768038470087 box 0
1995.4408755709208 1548.5390147510636 1992.3472199386104 1092.8951947686003 1313.6895611509062 1097.5030331643893 1316.7832167832169 1553.1468531468533 box 0
1991.4351359206978 626.638511474941 1993.3780640096547 169.15777899075647 1319.4254455714745 166.29549129203937 1317.4825174825176 623.7762237762238 box 0
2002.7972027972028 2477.622377622378 1997.9274462295493 2025.8297742509644 1323.4419005579011 2033.0998809134267 1328.3116571255541 2484.89248428484 box 0
2685.3146853146854 618.8811188811189 2687.255755235739 174.4293453376076 2002.3358896056968 171.4380706287521 2000.3948196846427 615.8898441722633 box 0
1995.104895104895 2011.8881118881118 1988.1475671364617 1552.0155579235488 1313.244304477045 1562.2260462529944 1320.2016324454783 2022.0986002175569 box 0
2689.5104895104896 2015.3846153846155 2691.159535834991 1559.904270682859 2025.7314066436013 1557.4951177448079 2024.0823603191002 2012.975462446565 box 0
