0.8888888888885199 475.7294685990338 839.053140096618 469.44927536231876 843.8840579710142 639.0144927536231 1.855072463767747 648.1932367149758 box 0
1.855072463767747 654.4734299516907 838.5700483091784 648.1932367149758 843.4009661835745 816.3091787439613 0.8888888888885199 824.038647342995 box 0
1.3719806763281335 830.3188405797101 842.917874396135 823.0724637681159 847.2657004830915 992.6376811594203 0.40579710144890635 994.5700483091787 box 0
1.3719806763281335 1002.2995169082126 844.3671497584537 999.8840579710145 851.613526570048 1172.3478260869565 0.8888888888885199 1167.9999999999998 box 0
0.8888888888885199 1173.3140096618356 852.0966183574876 1179.5942028985505 852.5797101449272 1346.2608695652173 2.8212560386469745 1342.3961352657004 box 0
0.8888888888885199 1347.710144927536 851.613526570048 1350.6086956521738 856.9275362318837 1518.724637681159 2.3381642512073606 1517.2753623188405 box 0
0.8888888888885199 1522.1062801932367 857.893719806763 1528.3864734299518 860.309178743961 1695.5362318840578 2.3381642512073606 1692.1545893719806 box 0
0.40579710144890635 1695.5362318840578 848.2318840579707 1702.2995169082124 851.613526570048 1864.135265700483 1.855072463767747 1861.7198067632846 box 0
1.3719806763281335 1868.4830917874394 846.7826086956518 1879.5942028985507 847.748792270531 2047.2270531400966 1.855072463767747 2036.1159420289853 box 0
0.40579710144890635 2044.3285024154586 851.613526570048 2056.4057971014495 852.5797101449272 2218.24154589372 4.753623188405428 2207.130434782609 box 0
