470.12987012987014 158.4545454545456 955.8441558441558 158.4545454545456 955.8441558441558 659.5584415584417 470.12987012987014 659.5584415584417 box 0
991.1544193889918 141.94469655053348 1488.124585480449 156.85827587554215 1472.7272727272727 669.9480519480521 975.757106635815 655.0344726230435 box 0
466.23376623376623 677.935064935065 961.038961038961 677.935064935065 961.038961038961 1174.0389610389611 466.23376623376623 1174.0389610389611 box 0
993.5064935064935 679.0389610389611 1489.6103896103896 679.0389610389611 1489.6103896103896 1185.5324675324678 993.5064935064935 1185.5324675324678 box 0
446.75324675324674 1195.922077922078 954.5454545454545 1195.922077922078 954.5454545454545 1697.2207792207791 446.75324675324674 1697.2207792207791 box 0
981.8181818181818 1202.4155844155846 1485.7142857142858 1202.4155844155846 1485.7142857142858 1702.4155844155846 981.8181818181818 1702.4155844155846 box 0
454.54545454545456 1710.2077922077924 955.8441558441558 1710.2077922077924 955.8441558441558 2214.103896103896 454.54545454545456 2214.103896103896 box 0
981.8181818181818 1711.5064935064938 1496.103896103896 1711.5064935064938 1496.103896103896 2218.0 981.8181818181818 2218.0 box 0
487.012987012987 2225.792207792208 977.9220779220778 2225.792207792208 977.9220779220778 2742.6753246753246 487.012987012987 2742.6753246753246 box 0
982.1553981640263 2241.291516672287 1482.130398372359 2236.2916000052032 1487.0653810567528 2729.7734183926486 987.0903808484202 2734.773335059732 box 0
