967.6314969565594 1232.1540666284216 1117.3060080466132 1152.0927675996998 564.4318159554276 118.49506934264754 414.75730486537395 198.55636837136953 box 0
1442.686921547936 978.9759106319442 1592.873525188607 896.2579484796128 1062.1866036406707 -67.28206471643408 912.0000000000001 15.435897435897388 box 0
680.6234892989442 1411.934000459104 827.4005415825511 1333.2328659959348 266.01004633561 286.24361184558325 119.23299405200305 364.94474630875266 box 0
1289.6596092378795 1064.858560865572 1432.0605763558467 987.0436691389375 854.4009671179675 -70.07130198304456 712.0000000000001 7.743589743589694 box 0
535.1997025220626 1507.7317201055616 675.4205136931627 1434.5993664316961 117.12820512820531 364.1538461538461 -23.092606042894815 437.28619982771136 box 0
822.344413267297 1314.319774511398 965.5443084299033 1237.9790178058615 407.29915273224725 190.82345869493494 264.099257569641 267.1642154004713 box 0
1600.505962265119 892.6361323168164 1748.615132114839 809.1006777453196 1252.4168621574122 -70.66365969970211 1104.3076923076924 12.871794871794819 box 0
1738.1985008945103 811.5874826287131 1895.1535000453805 721.3508204798942 1427.099925161398 -92.76781710136945 1270.1449260105278 -2.5311549525504518 box 0
1122.4985226355764 1142.365595594607 1270.9377032276805 1062.5795451433996 703.4378737725046 6.765788301267108 554.9986931804006 86.55183875247438 box 0
376.1025641025643 1584.6666666666667 532.9671173923467 1502.1312038937433 -18.30768317649057 454.3939958397791 -175.17223646627295 536.9294586127024 box 0
