4036.5937072738407 1186.5435244908156 4091.707233048442 562.0898537902838 3571.7976371780637 516.2032616267381 3516.6841114034632 1140.65693232727 box 0
1416.3712699119476 921.4049505245354 1449.3242325589617 294.6856891240036 943.5884117897126 268.0940481174325 910.635449142698 894.8133095179642 box 0
895.5902319083889 977.4308246955904 923.3782837387157 275.3531371627627 301.7495902918652 250.74923554409511 273.96153846153857 952.8269230769231 box 0
1936.0185545948843 942.7725163181109 1976.4529486667338 321.17630533501676 1461.0783043833871 287.651549081059 1420.6439103115376 909.2477600641531 box 0
985.5000000000001 2324.9423076923076 1063.4087066165796 1615.7031133241198 430.2298295719579 1546.1495018497435 352.3211229553785 2255.3886962179313 box 0
3512.142731168425 1132.7281709370318 3569.1635472818357 519.6267304041047 3042.085291597688 470.6064047160445 2985.064475484277 1083.7078452489714 box 0
2670.1153846153848 2637.4423076923076 2741.8794951034033 1740.2655212856814 2199.5666199705975 1696.886555534703 2127.8025094825784 2594.0633419413293 box 0
2466.650774143675 935.7452277195965 2516.0383601350063 316.68937309394846 1997.941416408083 275.35617647046706 1948.5538304167517 894.412031096115 box 0
2985.853357782331 1021.2378161092422 3046.505747468154 404.8262269121305 2526.5239020443296 353.6621312479355 2465.871512358506 970.0737204450473 box 0
3242.9467396484133 2730.667606987062 3336.5931343462757 1845.4336972304907 2791.6463946978615 1787.7853210126596 2698.0 2673.0192307692305 box 0
285.85643468729927 2271.310477267456 373.72383554639845 1544.5737470701342 -39.82863005584586 1494.5724484410216 -127.69603091494511 2221.3091786383434 box 0
1982.7439701100284 2413.729987604173 2040.2843425349943 1941.4918726986764 1144.1034426949507 1832.2957254388211 1086.563070269985 2304.533840344317 box 0
246.0769230769231 961.4807692307692 269.25190151660826 245.12585081399857 -36.33025437154342 235.2398855024011 -59.50523281122855 951.5948039191718 box 0
