230.2751781964772 589.8580835313289 1002.5626661049724 583.2199040208925 1000.785046728972 376.41121495327104 228.4975588204767 383.0493944637074 box 0
1031.6261682242991 1861.4579439252334 1030.6540213242697 1655.5337349627282 260.7500521229259 1659.1683720010362 261.7221990229553 1865.0925809635414 box 0
1035.3644859813085 2077.345794392523 1035.2112189360437 1871.0485258492329 257.9865675317504 1871.6259592135661 258.13983457701516 2077.9232277568562 box 0
1029.7570093457944 2293.233644859813 1030.2475006725015 2087.644832035903 258.5578698684233 2085.803744159475 258.06737854171604 2291.3925569833846 box 0
238.22587486108392 799.683342749443 1013.8691588785048 789.4953271028036 1011.2057612147734 586.7231109821447 235.56247719735245 596.911126628784 box 0
1037.3111986293854 2502.4200783166575 1037.247564150777 2303.6429479699354 256.7698230248342 2303.892802135933 256.8334575034427 2502.669932482655 box 0
1030.6915887850469 1649.3084112149531 1029.4296624051156 1440.0863147136545 257.7967090536877 1444.7404310605502 259.0586354336191 1653.9625275618491 box 0
255.1051840216762 1440.0068504272463 1026.018691588785 1430.6168224299065 1023.4826499668543 1222.4099094523706 252.56914239974554 1231.7999374497103 box 0
243.36193558034853 1015.8251881457762 1023.2149532710281 1007.252336448598 1020.9726205424145 803.2723765886223 241.1196028517349 811.8452282858002 box 0
248.38351777467258 1228.88839442715 1028.822429906542 1218.467289719626 1026.0916736851386 1013.9603324878459 245.6527615532691 1024.38143719537 box 0
