2239.7316024565052 1588.9530297583055 3056.607795545304 682.452223916745 2889.0823852754284 531.4898436242627 2072.20619218663 1437.9906494658235 box 0
1730.3362742184445 1090.2914440760073 2547.693769148147 197.71332940603935 2384.0062436343387 47.820313202435095 1566.648748704636 940.3984278724032 box 0
2750.637310825035 2078.5191785491606 3572.6381152179106 1171.871285653765 3404.7587989466933 1019.6656343780855 2582.7579945538178 1926.3135272734812 box 0
2928.987892287542 2224.0291711706604 3755.9072674863687 1322.3174994291667 3590.147997910212 1170.3070997338805 2763.228622711385 2072.0187714753743 box 0
2409.544254771925 1745.8686877397854 3242.5087073703207 836.6058163518805 3071.9584185679187 680.3668095441499 2238.993965969523 1589.629680932055 box 0
1894.2795079668056 1261.0017307035869 2726.7091758164397 356.0832749927405 2556.5720514814366 199.5750404603533 1724.1423836318024 1104.4934961711997 box 0
2574.815399725006 1916.8872167939203 3401.7443708655615 1003.6860404667971 3234.3909753970643 852.1429032927496 2407.462004256509 1765.3440796198727 box 0
2063.0759887885056 1424.5645438822528 2894.5192650411805 511.2376228705244 2727.933388500313 359.5868789998272 1896.4901122476383 1272.9138000115556 box 0
3081.8974032319584 2407.1958586512583 3919.0046673526313 1499.7720677359239 3751.275779446264 1345.0405389012317 2914.168515325591 2252.464329816566 box 0
1556.3432887605413 945.2812087939568 2393.9012321955734 43.657590028414916 2217.9634464689507 -119.7787784503289 1380.4055030339186 781.844840315213 box 0
