2409.7902097902097 2446.153846153846 2885.798026034803 2102.1953119242853 2776.6900672726865 1951.1996655985058 2300.682251028093 2295.1581998280667 box 0
2778.793128197188 1926.6254009608617 3254.5454545454545 1591.6083916083917 3146.6461930555565 1438.3823665647753 2670.8938667072894 1773.399375917246 box 0
3014.685314685315 2248.951048951049 3491.822080359047 1906.8533510689851 3386.1182824601674 1759.4242144184125 2908.9815167864363 2101.5219123004767 box 0
2187.4125874125875 2121.678321678322 2658.3699570962194 1769.8350718288614 2546.0266541706974 1619.4587139762873 2075.069284487066 1971.3019638257472 box 0
2529.3706293706296 2608.3916083916083 3006.2964761484645 2273.1412401846505 2894.6705689134237 2114.3426664048557 2417.7447221355887 2449.593034611814 box 0
2545.7452135900653 1597.4537690952245 3025.5136980248226 1253.4749614522514 2917.482517482518 1102.7972027972028 2437.71403304776 1446.7760104401762 box 0
2896.929781024273 2087.353266114601 3374.1258741258744 1748.2517482517483 3265.8090030501116 1595.8242745556581 2788.612909948509 1934.9257924185108 box 0
2292.3076923076924 2290.2097902097903 2764.8680477224357 1944.0585135636547 2653.97878606194 1792.6742130067282 2181.418430647196 2138.825489652863 box 0
2667.6102161578856 1757.9894779392853 3149.224933275299 1417.2108381695568 3040.5594405594406 1263.6363636363637 2558.944723442028 1604.4150034060929 box 0
2064.335664335664 1973.4265734265732 2539.4463662287358 1617.0480875658425 2424.6820506492218 1464.0485191559555 1949.5713487561502 1820.4270050166867 box 0
