2087.972593392706 1053.8983312281255 2132.4484997248787 422.94088529063174 1625.3383544069764 387.19491942800255 1580.8624480748044 1018.1523653654963 box 0
922.109111532702 1156.6563322122192 956.9545030229131 452.7304041506331 333.21734110401684 421.85447711395256 298.3719496138058 1125.7804051755388 box 0
4708.548340895977 1359.0784671977135 4762.778562645613 731.2335544303183 4246.3796711889845 686.6295036122232 4192.149449439348 1314.474416379618 box 0
1563.7551233905663 1096.5579304032658 1597.5902911448356 398.1678903970033 969.5896111827983 367.74290272661716 935.7544434285286 1066.1329427328797 box 0
3657.7113107042546 1174.134561259187 3721.6957977537095 562.951374089012 3202.2487990064387 508.57070645626715 3138.264311956984 1119.753893626442 box 0
2673.974025974026 2637.6623376623374 2735.69518580604 1739.6629188643687 2194.627645513772 1702.4743467615094 2132.906485681758 2600.473765559479 box 0
4181.87405165897 1274.138698234517 4239.433754812835 665.1360916933659 3721.103031165738 616.1462150192672 3663.5433280118714 1225.1488215604184 box 0
2612.72904503825 1087.7107886552953 2660.8150842554246 463.6382471258163 2146.3430077266426 423.9971432447292 2098.256968509468 1048.0696847742083 box 0
3142.3529758268014 1099.9165832591827 3195.3455692969455 482.53784168617 2674.432394809185 437.8253528522676 2621.439801339041 1055.2040944252803 box 0
1856.8740272702785 2374.8128344083266 1898.4587082637745 1899.628687365043 1011.8416922929291 1822.0383763204395 970.2570112994331 2297.2225233637228 box 0
3258.684945306533 2728.9482382837573 3339.872172024454 1834.0472176713834 2786.7585156880377 1783.8676304506266 2705.5712889701176 2678.7686510630006 box 0
276.8810497634761 1109.4079539591667 331.1168831168832 384.4155844155844 -32.10658462863019 357.2432605481012 -86.34241798203729 1082.2356300916833 box 0
