2670.3902089407784 1570.8859924691737 3127.5955509667647 730.187227253937 2770.4290697762626 535.9459247213781 2313.2237277502763 1376.644689936615 box 0
2465.1884487688203 3043.819622814464 2481.2425028751513 2119.1344603068833 2077.8603335798125 2112.13108290453 2061.8062794734815 3036.8162454121107 box 0
1950.8515645616546 1143.5576846708652 2404.1387433346686 324.17842562646615 2041.879021681021 123.77344173294341 1588.5918429080068 943.1527007773425 box 0
2051.504009153929 3044.3979933510514 2066.099062627022 2096.0219786658404 1663.8025361036393 2089.83082744973 1649.2074826305466 3038.206842134941 box 0
3392.0631582626906 1992.1932703150098 3850.114419761015 1141.5430348991483 3500.096782838383 953.0683675634078 3042.0455213400587 1803.7186029792695 box 0
2311.1554298142623 1359.0382211667843 2760.373757631987 534.5103552276844 2405.159568049507 340.98296718770786 1955.9412402317826 1165.5108331268077 box 0
3039.716478948059 1770.4841325359143 3497.1937851223333 938.337345274658 3138.8091420846554 741.3134024067125 2681.331835910381 1573.4601896679687 box 0
1582.8645007685673 934.5620918389141 2035.3603971216266 118.53396192862579 1681.480854456042 -77.6958431359111 1228.9849581029825 738.3322867743772 box 0
2882.094840060607 3035.968900666322 2902.9939017487727 2125.3670942079307 2502.1768495451056 2116.1680126332385 2481.27778785694 3026.76981909163 box 0
1626.7195995672598 3042.556466190442 1641.5163273196688 2104.8979948646406 1244.7003703729258 2098.636037166492 1229.9036426205168 3036.2945084922926 box 0
1205.17364130025 3039.2871013926756 1216.959628232211 2090.8671242150062 831.5511542319766 2086.0776645375004 819.765167300016 3034.4976417151697 box 0
791.1532072088416 3040.3615403891645 798.3631194228933 2090.286495296476 419.9957641580407 2087.415147995846 412.7858519439889 3037.490193088534 box 0
