2130.7934809892313 1571.4656768219538 2647.101449275362 1121.623188405797 2463.9172014358737 911.372958026198 1947.6092331497432 1361.2154464423552 box 0
1248.0858065332036 1586.5995105152178 1748.550724637681 1123.0724637681158 1561.714918104477 921.3479532528977 1061.25 1384.875 box 0
1751.4492753623188 1118.7246376811593 2268.747307837122 682.0164984341897 2093.9499800873086 474.96216259618603 1576.6519476125056 911.6703018431562 box 0
1594.2028985507245 2027.4202898550723 2116.412705464656 1580.0692620000746 1935.281395606469 1368.6278201403036 1413.0715886925373 1815.9788479953004 box 0
1941.25 2463.625 2481.7639595502046 2034.4403940600785 2307.7613668803374 1815.3019882684289 1767.2474073301316 2244.4865942083493 box 0
2497.7611177191734 2024.5785094118592 3025.04087276336 1567.3208500830053 2838.075855089664 1351.7249673032286 2310.7961000454775 1808.9826266320827 box 0
2308.6944246029793 1787.9644611921428 2825.0 1338.625 2647.7915042767077 1135.0067063675804 2131.4859288796865 1584.3461675597234 box 0
1432.5 1803.6249999999998 1934.5426546654678 1344.080355617494 1744.5657086737297 1136.5346221249652 1242.5230540082616 1596.079266507471 box 0
1943.2110081812832 1336.5039649392036 2463.75 892.3750000000002 2288.0828534449593 686.4852549437435 1767.5438616262427 1130.6142198829473 box 0
1761.4958002303156 2250.7735537614126 2292.944255257985 1806.251327667016 2113.937443840386 1592.2397714774502 1582.488988812718 2036.7619975718465 box 0
