756.5330268418329 1003.2107932569622 443.43392835071324 1000.0796979015101 427.9587764368554 2547.5433051036935 741.057874927975 2550.6744004591455 box 0
1066.385772467859 999.8748106060012 764.7615100470944 996.858467436351 749.2535717944359 2547.6005992300643 1050.8778342152004 2550.616942399715 box 0
1384.050769332161 999.8599576707576 1082.4717509278164 993.8275729632604 1051.4246405039041 2545.976107903013 1353.0036589082488 2552.00849261051 box 0
1392.2069925399246 990.795425400747 1669.2007648786978 996.3360396157854 1638.0225156567965 2555.0406401730233 1361.0287433180233 2549.500025957985 box 0
1683.9948624524714 990.6969073732935 1970.8227332174733 996.4342297853151 1939.6772686950694 2553.499813938182 1652.8493979300674 2547.76249152616 box 0
2284.4760597619143 999.8500979021056 1987.7695842284447 996.8829342406561 1972.3108254839872 2542.7072791470746 2269.0173010174567 2545.674442808524 box 0
2294.2611413343207 993.6535071907969 2581.1320430931996 996.5223118358447 2565.6404980099414 2545.6251813337935 2278.769596251063 2542.7563766887456 box 0
2591.0810590918354 983.7683440753557 2887.7875346253054 986.735507736805 2872.2632032032466 2539.1169018262835 2575.5567276697766 2536.149738164834 box 0
2900.9332309521515 988.7438349216718 3186.1648704152653 991.5962463973194 3170.607752654406 2547.256165078328 2885.376113191292 2544.403753602681 box 0
3485.4189402251077 2540.7564510049037 3188.712464691638 2537.7892873434544 3204.1548302666956 993.6042047328011 3500.861305800165 996.5713683942505 box 0
