2117.043859649123 536.8421052631578 1874.061403508772 102.19298245614034 1429.7631578947369 341.2280701754386 1682.3947368421052 784.2105263157894 box 0
1678.0087719298247 792.5438596491227 1417.482456140351 347.36842105263156 992.043859649123 621.9298245614034 1249.5 1055.7017543859647 box 0
1938.5350877192982 1240.3508771929824 1685.4649122807018 795.6140350877192 1250.377192982456 1061.8421052631577 1510.0263157894738 1496.9298245614034 box 0
2390.289473684211 979.8245614035087 2140.728070175439 539.9122807017543 1700.377192982456 789.0350877192982 1955.201754385965 1232.017543859649 box 0
2186.342105263158 1692.5438596491224 1936.342105263158 1251.7543859649122 1498.622807017544 1515.7894736842104 1753.8859649122808 1949.561403508772 box 0
2635.464912280702 1427.6315789473683 2389.850877192983 990.3508771929822 1950.8157894736842 1249.5614035087717 2206.5175438596493 1685.5263157894735 box 0
2456.0789473684213 2130.7017543859647 2203.008771929825 1692.982456140351 1769.2368421052631 1953.9473684210525 2027.1315789473683 2387.2807017543855 box 0
2910.0263157894738 1865.3508771929824 2651.254385964912 1425.4385964912278 2218.3596491228072 1696.9298245614034 2481.9561403508774 2130.7017543859647 box 0
2732.3947368421054 2577.6315789473683 2476.2543859649127 2144.298245614035 2043.7982456140353 2388.59649122807 2299.938596491228 2821.929824561403 box 0
2750.377192982456 2577.6315789473683 2490.728070175439 2145.175438596491 2917.482456140351 1865.3508771929824 3171.4298245614036 2307.894736842105 box 0
