2518.9561392055175 2231.043093680428 2604.2916021772135 1786.2428410727366 1937.2504156566938 1658.270187866708 1851.914952684998 2103.070440474399 box 0
2422.173947481276 2680.012392437434 2504.8349036357913 2238.7788283963127 1835.1085086020673 2113.311890504333 1752.4475524475524 2554.5454545454545 box 0
1735.1231616719265 2553.413013703489 1827.9720279720282 2107.6923076923076 1165.0581733350277 1969.599553580651 1072.209307034926 2415.3202595918324 box 0
2116.783216783217 717.4825174825176 2204.787514869308 273.89399345712616 1538.709222876798 141.7495636931418 1450.7049247907078 585.3380877185333 box 0
1845.9706034928065 2087.9210764294207 1933.5664335664337 1644.755244755245 1265.6099848454724 1512.727467799366 1178.0141547718454 1955.893299473542 box 0
2611.8397214717656 1768.724435359668 2696.1391692174698 1329.0353111936577 2027.6560911023475 1200.8703163934304 1943.3566433566434 1640.5594405594406 box 0
1934.8306188854685 1630.9232760115367 2019.5804195804199 1187.4125874125875 1351.5183089068448 1059.7535880087837 1266.7685082118937 1503.2642766077324 box 0
2792.3076923076924 861.5384615384615 2880.2122110832643 417.3797138745568 2211.469749106043 285.02729570405637 2123.565230330471 729.186043367961 box 0
2702.588516842468 1318.0986398911443 2790.6539450100877 875.3279811916399 2119.533959636151 741.8447259158802 2031.4685314685319 1184.6153846153848 box 0
2025.76443116066 1170.2870482906458 2114.9450273687994 727.646018923384 1448.1928882400448 593.312892652752 1359.0122920319054 1035.9539220200134 box 0
