3783.769695091444 2401.5147081169684 3785.5924167484955 2171.0285701232356 2581.8386003492296 2161.5090902533925 2580.0158786921784 2391.9952282471254 box 0
3826.6995110198545 747.2416674948001 3828.204329073875 521.7164201278215 2625.682347805829 513.6925877237056 2624.1775297518084 739.2178350906843 box 0
3828.9029470934747 518.571736527114 3831.59210510294 293.15186505030414 2637.535219715607 278.9073017114113 2634.846061706142 504.32717318822125 box 0
3812.2669966553053 986.1674165560282 3816.281088013979 761.7917801811506 2618.4148514892254 740.3618932889424 2614.4007601305516 964.7375296638198 box 0
3834.6760122951196 1457.1559271572028 3836.378165836543 1230.8693890633112 2590.163495761521 1221.4952180149162 2588.461342220098 1447.7817561088077 box 0
3819.9011710087466 1219.3631400818704 3821.8382610457943 995.5993745323849 2609.333523662884 985.1028991942525 2607.3964336258364 1208.866664743738 box 0
3848.6041679660584 274.2804881463496 3849.320473606528 41.45556864612146 2618.5393470485897 37.6689659704717 2617.82304140812 270.49388547069987 box 0
3816.871801144518 2160.1188260731888 3818.6019700116603 1938.0068144142779 2576.0815931731086 1928.3280489268116 2574.3514243059662 2150.440060585722 box 0
3821.01675867322 1916.450630520781 3820.6704824233707 1693.3150449156565 2581.7681458067605 1695.2376537809769 2582.11442205661 1918.3732393861017 box 0
3812.218300264115 1681.7735672975555 3812.0085743995887 1463.0002607460344 2600.6180080244594 1464.1615538572294 2600.8277338889857 1682.9348604087506 box 0
