3071.6535433070867 548.708661417323 2642.51968503937 810.1259842519686 2911.8110236220473 1233.748031496063 3350.3937007874015 968.3937007874017 box 0
3355.9055118110236 979.4173228346458 3605.511811023622 1421.9370078740158 3179.527559055118 1674.6929133858268 2921.259842519685 1237.6850393700788 box 0
2914.9606299212596 1266.0314960629921 3173.228346456693 1699.1023622047244 2744.0944881889764 1951.8582677165355 2483.464566929134 1521.1496062992126 box 0
2903.1496062992123 1245.5590551181103 2630.7086614173227 812.4881889763781 2204.7244094488187 1083.3543307086613 2474.803149606299 1510.1259842519685 box 0
2184.251968503937 1076.267716535433 2454.3307086614172 1507.763779527559 2028.3464566929133 1767.6062992125985 1759.0551181102362 1337.6850393700788 box 0
2462.2047244094488 1525.0866141732283 2035.4330708661419 1788.0787401574803 2304.7244094488187 2213.2755905511813 2725.984251968504 1951.0708661417323 box 0
2020.4724409448818 1801.4645669291338 1598.4251968503936 2070.755905511811 1870.0787401574803 2493.5905511811025 2296.0629921259842 2229.8110236220473 box 0
2022.0472440944882 1790.4409448818897 1755.1181102362204 1356.5826771653544 1333.8582677165355 1620.3622047244094 1596.8503937007874 2057.3700787401576 box 0
1329.1338582677165 1637.6850393700788 1586.6141732283465 2070.755905511811 1152.755905511811 2332.9606299212596 905.511811023622 1905.4015748031497 box 0
1583.4645669291338 2081.779527559055 1855.1181102362204 2499.8897637795276 1438.5826771653542 2761.3070866141734 1154.3307086614172 2346.3464566929133 box 0
