1677.2597402597403 792.2077922077922 1414.922077922078 341.55844155844153 992.1948051948052 618.1818181818181 1248.6883116883116 1054.5454545454545 box 0
2124.6623376623374 533.7662337662338 1679.2077922077922 782.4675324675325 1430.5064935064936 340.9090909090909 1874.6623376623377 98.05194805194806 box 0
1935.051948051948 1235.064935064935 1686.3506493506493 794.8051948051948 1251.935064935065 1061.6883116883116 1507.7792207792209 1496.7532467532467 box 0
1955.1818181818182 1227.922077922078 2388.298701298701 974.025974025974 2141.5454545454545 536.3636363636364 1703.2337662337663 787.6623376623377 box 0
2637.6493506493503 1422.7272727272727 2387.6493506493503 984.4155844155844 1949.3376623376623 1248.051948051948 2205.181818181818 1687.012987012987 box 0
2185.051948051948 1694.155844155844 1929.857142857143 1259.090909090909 1496.7402597402597 1514.2857142857142 1757.1298701298701 1945.4545454545455 box 0
2459.7272727272725 2127.272727272727 2199.987012987013 1694.8051948051948 1768.8181818181818 1949.9999999999998 2022.064935064935 2385.714285714286 box 0
2908.428571428571 1862.987012987013 2481.805194805195 2127.9220779220777 2218.168831168831 1696.1038961038962 2644.7922077922076 1433.1168831168832 box 0
2725.961038961039 2579.87012987013 2472.7142857142853 2138.311688311688 2042.1948051948052 2387.6623376623374 2298.0389610389607 2820.12987012987 box 0
3168.8181818181815 2306.4935064935066 2909.077922077922 1880.5194805194806 2488.298701298701 2143.5064935064934 2743.493506493506 2575.974025974026 box 0
