618.367128138038 1453.2452343611133 1224.693181349544 901.565912075285 1093.0555555555557 756.8888888888889 486.7295023440497 1308.5682111747174 box 0
2863.9852642728465 1706.5146131138108 3536.815301314634 1230.4878344311574 3426.7828772747757 1074.964819218835 2753.952840232989 1550.9915979014888 box 0
3003.7408935966464 1891.5209045717759 3665.7780064263407 1414.4740444628399 3547.222222222222 1249.9444444444446 2885.1851093925284 1726.9913045533801 box 0
2202.777777777778 2206.8888888888887 2852.5951353250875 1714.652117805587 2730.0012885846822 1552.8120964575512 2080.183931037373 2045.0488675408528 box 0
931.8396805367697 1770.7584101226187 1529.8495012481083 1210.1862572722914 1400.5451314175796 1072.2463281724004 802.5353107062407 1632.8184810227276 box 0
783.0570019741554 1611.8705052373773 1380.5555555555554 1061.0555555555557 1237.3175659891144 905.6776166791793 639.8190124077139 1456.4925663610002 box 0
1234.444859907025 2097.3770300501515 1823.611111111111 1545.777777777778 1684.8120965607363 1397.5257728365425 1095.6458453566502 1949.125025108916 box 0
169.44444444444446 2183.277777777778 773.3424029271872 1622.7283695323613 633.9761798739908 1472.5846420655612 30.078221391248047 2033.134050310978 box 0
3387.5 2431.8888888888887 4048.39027714649 1940.3773628882268 3926.388888888889 1776.3333333333335 3265.4986117423978 2267.8448593339954 box 0
2318.9634311520267 2381.952947072917 2980.688786889676 1887.9243466519495 2864.9616180985895 1732.9138839549748 2203.23626236094 2226.9424843759434 box 0
1085.0767037447342 1938.37157002787 1675.0 1383.277777777778 1539.9327305752224 1239.7356774918428 950.0094343199567 1794.8294697419349 box 0
322.22222222222223 2338.8333333333335 924.9417496106948 1785.588615940188 783.6249806492328 1631.6343647331366 180.90545326076017 2184.8790821262824 box 0
2455.5555555555557 2558.277777777778 3123.436176132011 2077.9836062676563 3004.2686690152336 1912.2733534127026 2336.3880484387773 2392.567524922823 box 0
2580.5555555555557 2737.4444444444443 3254.745886246869 2256.9879001115373 3136.05145106595 2090.432482249656 2461.8611203746364 2570.8890265825626 box 0
3265.487372130217 2244.4732228346975 3924.570082639344 1763.0155347341208 3801.388888888889 1594.3888888888891 3142.3061783797616 2075.846576989466 box 0
3126.1751237910066 2058.108909846836 3792.932940828041 1572.7184371530948 3683.3333333333335 1422.1666666666667 3016.575516296299 1907.557139360408 box 0
463.04960591996905 2500.8150378716628 1067.4101791236442 1955.5528840036916 936.3050176481197 1810.2378461320295 331.94444444444446 2355.5 box 0
611.1111111111111 2659.6666666666665 1218.9373125975455 2106.910587985318 1081.2324521263404 1955.4864327483322 473.4062506399061 2508.2425114296807 box 0
2705.5555555555557 2909.6666666666665 3378.950984152065 2444.1851126917695 3265.4735797181165 2280.0214315699627 2592.0781511216073 2745.5029855448597 box 0
470.83333333333337 1315.2222222222224 600.0 1461.0555555555557 20.833333333333336 2029.1111111111115 2.7777777777777777 1768.0000000000002 box 0
