868.2352941176471 2779.7647058823527 1049.4117647058824 2533.882352941176 1.1764705882352942 1764.4705882352941 2.3529411764705883 2142.1176470588234 box 0
0.0 1372.3684210526317 1231.578947368421 2292.1052631578946 1053.9473684210527 2534.2105263157896 3.9473684210526314 1757.8947368421052 box 0
169.73684210526315 1122.3684210526317 1.3157894736842106 1361.842105263158 1230.2631578947369 2285.5263157894738 1403.9473684210527 2048.684210526316 box 0
346.05263157894734 873.6842105263158 172.3684210526316 1119.7368421052631 1406.578947368421 2039.4736842105262 1585.5263157894738 1798.6842105263158 box 0
519.7368421052631 632.8947368421052 350.0 873.6842105263158 1590.7894736842104 1797.3684210526314 1765.7894736842104 1555.2631578947369 box 0
1934.2105263157894 1298.6842105263158 1768.421052631579 1552.6315789473683 526.3157894736842 625.0 694.7368421052631 380.2631578947368 box 0
2114.4736842105262 1051.3157894736842 1947.3684210526314 1302.6315789473683 702.6315789473684 377.63157894736844 871.0526315789474 136.8421052631579 box 0
2294.7368421052633 813.1578947368421 2134.2105263157896 1053.9473684210527 880.2631578947369 130.26315789473685 1188.157894736842 5.2631578947368425 box 0
1189.4736842105262 2.6315789473684212 2303.9473684210525 809.2105263157895 2488.157894736842 561.8421052631579 1727.6315789473683 2.6315789473684212 box 0
1736.842105263158 3.947368421052631 2486.842105263158 556.578947368421 2664.4736842105262 303.9473684210526 2252.6315789473683 3.947368421052631 box 0
