493.8396226415096 54.71698113207546 1209.4056603773588 178.77358490566036 1171.669811320755 442.4528301886792 449.50000000000017 319.811320754717 box 0
455.16037735849073 333.0188679245283 1174.0283018867926 454.71698113207543 1127.8018867924532 718.3962264150942 411.76415094339643 600.9433962264151 box 0
408.93396226415115 609.4339622641509 1128.7452830188681 727.8301886792452 1084.4056603773588 991.9811320754717 364.5943396226417 873.5849056603774 box 0
359.8773584905662 880.188679245283 1082.047169811321 1000.4716981132075 1041.0094339622644 1265.0943396226414 318.36792452830207 1150.0 box 0
316.0094339622643 1155.6603773584905 1034.4056603773588 1275.943396226415 997.1415094339625 1538.2075471698113 272.1415094339625 1423.1132075471698 box 0
269.3113207547172 1426.4150943396226 991.4811320754719 1543.3962264150946 948.0849056603776 1810.3773584905657 227.3301886792455 1691.0377358490566 box 0
222.61320754717005 1697.1698113207547 948.0849056603776 1815.0943396226414 904.6886792452832 2079.7169811320755 181.57547169811343 1965.566037735849 box 0
175.91509433962287 1967.924528301887 901.3867924528304 2087.7358490566035 856.1037735849059 2355.188679245283 134.40566037735874 2235.8490566037735 box 0
135.34905660377382 2240.094339622641 854.2169811320757 2364.622641509434 813.6509433962267 2625.4716981132074 90.53773584905684 2505.66037735849 box 0
88.17924528301911 2508.962264150943 811.7641509433964 2633.490566037736 768.8396226415097 2894.3396226415093 43.83962264150967 2772.1698113207544 box 0
