3324.0853886712007 585.6445378314706 3380.398975257999 27.787820341908002 2867.0581652533597 -24.032048894092554 2810.7445786665608 533.82466859547 box 0
1711.7939903033844 1668.9158541972897 1774.2218328758556 955.9778867575264 1133.098419974936 899.8384281818608 1070.6705774024647 1612.7763956216238 box 0
2789.2879848649036 514.2095900101049 2836.6624905417757 10.254998134346124 2322.0304913367136 -38.123242605745986 2274.655985659841 465.8313492700129 box 0
3075.3973880118515 1696.0868984112658 3118.076420405864 976.6066188689707 2462.058369892202 937.6921184649553 2419.3793374981888 1657.17239800725 box 0
2384.3636363636365 1681.4545454545453 2444.1806105449905 965.0626949601415 1792.7679036718273 910.671320963429 1732.950929490473 1627.063171457833 box 0
1053.6913399807258 1622.5221355728559 1127.7440918553043 915.6936517636861 498.77799614750904 849.7983585067341 424.7252442729303 1556.6268423159038 box 0
2251.9684969413483 482.04901484462624 2293.648504295726 6.305504417269901 1783.3101271179353 -38.40536782328718 1741.6301197635569 437.3381426040691 box 0
3771.30191592672 1684.2440892347154 3767.74132607508 979.384441687528 3120.196985905937 982.6555039679638 3123.757575757576 1687.5151515151513 box 0
3854.170278737652 680.518663271057 3909.2205837445886 55.24654985507607 3387.745414926899 9.334751645935171 3332.6951099199614 634.6068650619161 box 0
2681.3333333333335 2642.060606060606 2747.5792205491616 1747.1744008645387 2207.259797270827 1707.1760867021526 2141.0139100549986 2602.06229189822 box 0
4389.688673148362 727.2568757737572 4446.059788536689 103.18505787469718 3920.1510981223896 55.68081457963626 3863.779982734063 679.7526324786965 box 0
3242.106148104033 2739.114099011102 3343.733130824572 1845.7522223692542 2810.2330433265993 1785.062365782393 2708.6060606060605 2678.424242424242 box 0
1712.698412698413 431.74603174603175 1754.9903083662552 -4.997205881569894 1250.4757202774022 -53.851719206745884 1208.1838246095597 382.8915184208557 box 0
1177.7777777777778 469.8412698412698 1227.4945293950423 4.593646175908994 621.1798483510943 -60.197649611653226 571.46309673383 405.0499740537077 box 0
368.033413429864 1667.5584891406688 474.6245783899211 960.1526183879981 -1.6092414677042088 888.3942124279347 -108.2004064277613 1595.8000831806055 box 0
1872.2424242424247 2381.454545454545 1911.6669922229944 1900.4520463467484 1022.7022585544632 1827.5895339068907 983.2776905738931 2308.5920330146873 box 0
