1539.6265890254824 1923.9296869173277 1699.2397083469834 1673.7891950513701 370.3594526157528 825.8388242826236 210.74633329425188 1075.9793161485813 box 0
1860.9550438475617 1401.4388139146472 2018.6910233583326 1144.4559737782006 679.6094153809541 322.5281401258802 521.873435870183 579.5109802623268 box 0
1378.6358948406662 2178.06479608523 1540.1017447707507 1922.5003368352577 242.48894990115514 1102.6674327660885 81.02309997107089 1358.2318920160606 box 0
1229.163516708143 2438.427231927404 1392.8561614199743 2179.3239567949586 79.52258177208132 1349.6044291991475 -84.17006293975005 1608.7077043315935 box 0
2003.7175934293275 1131.3952146070792 2160.2760882281677 874.1590925616042 832.6953464052671 66.16975960556715 676.1368516064268 323.40588165104214 box 0
1073.5384615384614 2694.9230769230767 1233.7402884850922 2441.6624164987415 -50.35572578276924 1629.3983755066445 -210.55755272939982 1882.6590359309798 box 0
2173.6432999820845 874.8170245827657 2331.2246783040655 613.8065931127675 1024.9703566341263 -174.82608830346896 867.3889783121452 86.1843431665294 box 0
1691.0595712848183 1659.393338743212 1852.2057846663704 1404.6115607208008 555.1874120525838 584.2640419330573 394.0411986710317 839.0458199554689 box 0
896.6153846153846 3000.051282051282 1081.4526861753297 2712.0407216984845 -85.89053014371746 1962.8717681906169 -270.7278317036625 2250.882328543414 box 0
2339.2477563699845 606.9667743934599 2491.9276190426413 345.23072416303603 1494.1835065999865 -236.78858091964403 1341.5036439273292 24.947469310779894 box 0
