2394.3042236358024 1515.3477523259294 2541.7201894374875 1353.5244788455689 1787.088587185731 666.0785751887188 1639.6726213840454 827.9018486690792 box 0
1609.5625347722482 2345.151610453391 1757.9019963773592 2188.2103061387115 1017.6252463709401 1488.5076050922632 869.2857847658289 1645.4489094069427 box 0
1935.1711503822341 2023.6393717009048 2084.655598401699 1862.1307372702165 1330.3853468101486 1164.0152921479719 1180.9008987906834 1325.5239265786602 box 0
1774.0971124289213 2187.9750147191476 1924.9427570000385 2026.6045316321126 1179.89119476102 1330.1464124353931 1029.0455501899028 1491.5168955224283 box 0
1444.9135998509823 1025.1643534139316 1595.1661889119373 865.6937745199419 846.3123793818061 160.12648749793357 696.0597903208509 319.59706639192336 box 0
1295.6714925386352 1199.459685322442 1449.2057351435494 1035.2854308669148 688.4219698331907 323.80749798139084 534.8877272282767 487.98175243691804 box 0
973.910753758125 1510.0122236595869 1123.5311359884613 1347.5714972077647 372.21415678722417 655.5508687628983 222.59377455688798 817.9915952147205 box 0
2559.7810165592296 1360.5244103981324 2709.814103429439 1196.6739825490738 1963.881435375585 513.6450624869996 1813.848348505375 677.4954903360582 box 0
814.6800334578055 1679.7052740503404 970.067151860812 1512.5331544420512 224.6139944428902 819.6316209386733 69.22687603988378 986.8037405469626 box 0
2088.315333953464 1852.4167399937667 2240.3024758137626 1686.3504970184963 1480.432287964261 990.9021267359698 1328.445146103962 1156.9683697112403 box 0
1444.7006144078327 2503.6863638146074 1593.2272728345574 2348.7613279268176 864.0884583918496 1649.7358217017495 715.5617999651247 1804.6608575895393 box 0
1581.8491256589837 860.0125704740192 1738.186255188264 698.7359804957212 1000.1672046785407 -16.679566857686154 843.8300751492602 144.597023120612 box 0
2706.871794871795 1184.6666666666667 2851.6759660045195 1026.6214583729695 2099.2892344693887 337.2697329556187 1954.4850633366636 495.31494124931595 box 0
1283.3096379163928 2671.265727196067 1438.8953144431114 2509.416354865888 697.6701995012097 1796.8772247692648 542.0845229744914 1958.7265970994445 box 0
1127.4613375518934 1349.9217216343936 1276.3757251040283 1191.564738540655 529.4152207519396 489.1443977503721 380.50083319980484 647.5013808441106 box 0
652.5554985547861 1843.6924649550426 810.4997512111785 1674.5142945883856 60.97525467626255 974.7603830979357 -96.96899798012984 1143.9385534645928 box 0
2241.7606920892813 1683.9860362599131 2392.2349905208666 1518.3910375722246 1645.8261929815194 840.1378231456047 1495.351894549934 1005.7328218332927 box 0
1738.5723254731292 704.3752955501446 1899.8092814156453 537.2479009231041 1189.3651085326078 -148.15652399710507 1028.1281525900918 18.97087062993546 box 0
499.1794871794874 1994.923076923077 646.7255960761657 1836.9138811526334 -75.04328293009746 1162.9392488482779 -222.5893918267758 1320.9484446187214 box 0
1906.466970691215 541.7497100119816 2065.968822590566 369.87473602281 1492.3892083554156 -162.41340668251382 1332.8873564560645 9.461567306657756 box 0
