3014.065733208621 2390.527755161405 3728.923845151183 1962.6714532386648 3626.25 1791.125 2911.391888057439 2218.981301922741 box 0
2904.2504073640534 2202.995871546934 3618.065326506592 1784.992900823925 3516.25 1611.125 2802.435080857461 2029.1279707230083 box 0
3142.4897798504203 2585.94133856179 3840.0 2164.875 3735.524758912853 1991.8083315510748 3038.0145387632733 2412.874670112865 box 0
2805.295787216195 2010.0240057535634 3520.5679627553436 1592.2117638055056 3416.25 1413.625 2700.977824460851 1831.4372419480576 box 0
2681.5573057543684 1815.3604337669842 3396.0405090105323 1413.0822946217647 3295.0 1233.625 2580.5167967438356 1635.903139145219 box 0
2300.0 2811.125 3009.005937066898 2397.419049657462 2909.7022920285917 2227.233259856161 2200.6963549616935 2640.9392101986987 box 0
1971.25 2248.625 2673.1154932523864 1823.2981043784441 2568.880667767581 1651.291988715202 1867.015174515195 2076.6188843367577 box 0
2087.5 2428.625 2790.252986780508 1998.7723208643565 2687.7116611449965 1831.130646503526 1984.9586743644884 2260.9833256391694 box 0
2188.0438760073116 2623.465328817987 2892.5 2211.125 2787.1990021761876 2031.225224025699 2082.742878183499 2443.565552843686 box 0
2415.0 2989.875 3120.9524270185266 2583.7619369378535 3020.5600299521516 2409.248327774856 2314.607602933625 2815.361390837003 box 0
