2186.358974358974 1787.2307692307693 2912.9844270305907 849.5102825423794 2764.3310696246076 734.3210394260859 2037.705616952991 1672.041526114476 box 0
2627.3846153846152 2115.4358974358975 3344.250997655188 1180.9236473158446 3204.790847037734 1073.9434620574912 2487.9244647671603 2008.455712177544 box 0
2479.0352210242136 2013.9769889505021 3206.112570371478 1072.5464947998619 3061.256958846392 960.6728782980329 2334.1796094991278 1902.103372448673 box 0
2771.5219883687378 2234.8599596677236 3493.4076067582346 1315.1571021805316 3349.8834758036255 1202.503319293458 2627.9978574141287 2122.20617678065 box 0
1912.280274549032 1549.1223800220528 2618.8672231745954 608.170020319367 2464.74079477941 492.4322556819298 1758.1538461538462 1433.3846153846155 box 0
2040.5448289572444 1661.4862166772054 2758.153846153846 735.9487179487179 2617.200456290772 626.6614943525586 1899.5914390941698 1552.1989930810464 box 0
2343.0775698319444 1890.9124100984584 3061.157826229895 958.3421334826816 2917.265437827967 847.5448179899207 2199.1851814300167 1780.1150946056973 box 0
1740.205128205128 1428.2564102564102 2467.9753253921695 490.4327987408151 2332.7665017716945 385.50800156208203 1604.9963045846532 1323.3316130776773 box 0
2903.8319424708807 2370.322116176405 3642.0812167374334 1426.5669705725961 3495.565909091619 1311.9558661539174 2757.316634825066 2255.711011757726 box 0
1615.4913594774494 1318.4354074607963 2333.192691296819 376.76555793383466 2181.0637773938884 260.81926935805143 1463.362445574519 1202.4891188850129 box 0
