3419.2332807730313 2271.1469380786803 3551.738503466408 2121.3589525809653 2682.966761154915 1352.827399117669 2550.4615384615386 1502.6153846153845 box 0
3565.2461550631015 2122.7969163359962 3688.1168889227483 1985.3493736725707 2807.7817280850913 1198.3769392548238 2684.9109942254445 1335.8244819182491 box 0
2801.569599645145 3016.3281352169315 2921.809966412293 2874.5150347875533 2042.2065775704311 2128.717687689563 1921.966210803284 2270.530788118941 box 0
3053.4343925148473 2737.727346546947 3179.244564169507 2597.2684690248707 2300.4735534995566 1810.1460482284442 2174.663381844897 1950.6049257505204 box 0
3672.806806223435 1949.4419402932242 3798.5567842377304 1807.6151552532692 2935.6051368307635 1042.483585372059 2809.8551588164682 1184.3103704120142 box 0
2923.1046355855033 2866.7992438154315 3047.571495922488 2721.326304321462 2179.6909065592718 1978.7663994951156 2055.224046222287 2124.239338989085 box 0
3167.2892461567644 2553.97381775861 3292.884384409822 2409.402020313111 2428.0715173930403 1658.1054775905109 2302.476379139983 1802.6772750360096 box 0
2670.4975253463017 3146.3746875320726 2788.7785153258174 3002.7372666477045 1900.0771061539426 2270.919041105623 1781.7961161744277 2414.556461989991 box 0
3302.752838785644 2411.8670625386344 3428.302689851929 2264.9716535971706 2545.3333333333335 1510.3076923076924 2419.783482267049 1657.2031012491566 box 0
3797.24349365937 1793.9304439501107 3927.4922427672873 1646.4737261346713 3052.5395263601613 873.6266254468621 2922.290777252244 1021.0833432623014 box 0
