701.8477983475201 1950.9657822867243 1210.0698088685676 1945.8833927674004 1214.9563253638203 2434.51875379575 706.7343148427726 2439.601143315074 box 0
1735.6520261817075 1898.4093901879282 2247.997541859112 1893.2857642424842 2253.0077676327255 2394.291640739906 1740.662251955321 2399.4152666853506 box 0
1221.2705304776741 1920.04830788767 1731.5542935769 1914.945300155286 1736.4614282852126 2405.6424137618146 1226.1776651859868 2410.7454214941986 box 0
2252.1725669899142 1895.3010141580735 2761.4254538000505 1890.2083155322193 2766.3841340410136 2386.059810584195 2257.1312472308773 2391.1525092100487 box 0
1753.6286738938647 2423.6669777628395 2256.9313075468717 2413.5995827346455 2266.7010309278353 2902.0206185567013 1763.398397274828 2912.0880135848947 box 0
1221.530781597203 2450.787295564135 1742.7630021853004 2429.9268799987353 1761.9743730419723 2909.9549724771023 1240.7421524538747 2930.815388042502 box 0
2270.1030927835054 2416.453608247423 2776.2886597938145 2416.453608247423 2776.2886597938145 2916.453608247423 2270.1030927835054 2916.453608247423 box 0
1213.4020618556701 2438.1030927835054 1237.1134020618556 2936.041237113402 739.1752577319588 2950.4742268041236 704.1237113402062 2452.536082474227 box 0
2793.814432989691 2396.865979381443 2786.59793814433 2904.082474226804 3292.7835051546394 2890.680412371134 3297.938144329897 2390.680412371134 box 0
2784.690721649484 2396.0103092783506 3296.0309278350514 2381.5773195876286 3266.1340206185564 1877.4536082474226 2767.1649484536083 1890.8556701030927 box 0
