1756.3401629273662 2021.2645889977389 1791.9927540192034 1297.2545960626871 1148.415519064211 1265.5627738257476 1112.7629279723737 1989.5727667607996 box 0
2143.946398833814 2963.004641165804 2783.033075997426 2907.4415929402503 2718.7338623966552 2167.8714635705237 2079.6471852330433 2223.4345117960775 box 0
2251.6253834232475 1158.2107070191398 2275.388883030316 544.7238845723384 1761.9707946315618 524.836561657618 1738.207295024494 1138.3233841044193 box 0
1717.6078431372548 1174.235294117647 1741.6060244609955 544.2450546460144 1229.9052353561076 524.7528664325284 1205.9070540323671 1154.7431059041612 box 0
1086.235294117647 1923.254901960784 1132.1194834313924 1207.9574075589821 506.5382097783528 1167.8282447755514 460.65402046460747 1883.1257391773538 box 0
2436.6183337560315 2005.5968293706724 2442.6466160096843 1283.6795240700105 1787.470699041688 1278.2085576251295 1781.4424167880352 2000.125862925791 box 0
2805.0892242770833 1132.4672375514501 2817.7651000512633 512.2504518111625 2291.4517642476167 501.493757351534 2278.775888473437 1121.7105430918216 box 0
1185.5092729004734 1132.6139437061438 1214.6207852053333 520.3270384029687 701.1849075384492 495.9154517088927 672.0733952335897 1108.2023570120682 box 0
3345.5446549429917 1100.128837682638 3361.0831198332794 494.66106454805066 2835.7461264595954 481.17904157456417 2820.207661569308 1086.6468147091516 box 0
1441.137254901961 2891.8823529411766 2084.5327637858327 2869.567878334283 2059.3356504734684 2143.0569553746705 1415.9401415895964 2165.3714299815642 box 0
656.8235294117648 1115.4117647058824 698.3174903226886 496.5779336329505 178.635791774773 461.7323078721825 137.1418308638493 1080.5661389451145 box 0
3099.9177334710903 2014.5953964773303 3110.0153268076992 1300.8853692293371 2474.7642600032755 1291.8978158892614 2464.6666666666665 2005.6078431372548 box 0
4242.044535149605 2433.2538681572146 4257.754552216026 1545.9837817359453 3721.8270636663137 1536.4946418220334 3706.117046599892 2423.7647282433027 box 0
