877.6194146951276 1224.2667156770653 906.4410949237948 398.8264689501006 690.2697731176776 391.27847170086403 661.4480928890104 1216.7187184278291 box 0
656.5587762736168 1212.4747223703066 692.5441628621534 393.2326262419259 479.6235027035366 383.88004010810306 443.6381161150001 1203.1221362364838 box 0
431.36798055561246 1204.0057933655983 469.63083247754514 382.61981733648133 258.3405821429968 372.7772246978991 220.0777302210643 1194.1632007270161 box 0
398.56480509318317 2045.9773410558907 427.82277253256075 1208.188252498986 219.9463697959625 1200.928619847099 190.68840235658493 2038.7177084040038 box 0
834.2368341818884 2049.2622312239705 880.77417909386 1229.9481911666485 666.3473409279749 1217.7686662980022 619.8099960160033 2037.0827063553245 box 0
207.78153500372508 1195.9981993796334 251.25472535725083 380.8219128796391 43.378666130558244 369.73592369869294 -0.0945242229675074 1184.9122101986873 box 0
619.4507920768444 2052.0559630045727 653.1214953271028 1222.2056074766354 443.41803733738914 1213.6970096824793 409.74733408713075 2043.5473652104165 box 0
1056.3943667994174 2053.816934974275 1093.3579482634998 1230.4577909400236 887.585827484897 1221.2199333118579 850.6222460208146 2044.579077346109 box 0
1094.2429906542056 1220.3364485981308 1133.1425057471135 403.09201767853773 924.3467774163583 393.1536782072026 885.4472623234504 1210.3981091267958 box 0
185.31557390659592 2034.6557512913305 214.75749541987093 1201.8819623053705 -0.4776951071574391 1194.2725278224389 -29.91961662043247 2027.0463168083986 box 0
