1797.029702970297 574.2574257425742 2083.168316831683 662.3762376237623 1772.2772277227723 1532.673267326733 1494.059405940594 1427.7227722772277 box 0
2100.990099009901 655.4455445544554 2376.237623762376 756.4356435643564 2085.1485148514853 1622.772277227723 1794.059405940594 1517.8217821782177 box 0
2394.059405940594 744.5544554455446 2670.29702970297 841.5841584158416 2382.1782178217823 1707.920792079208 2097.029702970297 1610.8910891089108 box 0
2682.1782178217823 841.5841584158416 2956.4356435643563 925.7425742574259 2681.188118811881 1815.8415841584158 2398.019801980198 1709.90099009901 box 0
2971.2871287128714 938.6138613861386 3243.5643564356437 1027.7227722772277 2984.158415841584 1909.90099009901 2694.059405940594 1806.930693069307 box 0
2690.09900990099 1818.8118811881188 2974.257425742574 1929.7029702970297 2625.7425742574255 2773.267326732673 2352.4752475247524 2664.3564356435645 box 0
2383.168316831683 1731.6831683168318 2667.326732673267 1834.6534653465346 2338.6138613861385 2691.089108910891 2061.3861386138615 2582.1782178217823 box 0
2082.1782178217823 1636.6336633663368 2363.366336633663 1742.5742574257429 2042.5742574257426 2599.009900990099 1767.3267326732673 2489.108910891089 box 0
1776.2376237623762 1541.5841584158413 2064.3564356435645 1639.6039603960396 1752.4752475247524 2500.0 1475.2475247524753 2398.019801980198 box 0
1485.148514851485 1430.6930693069307 1765.3465346534654 1538.6138613861385 1460.3960396039604 2404.9504950495048 1184.1584158415842 2294.059405940594 box 0
