624.0192307692308 510.57692307692304 624.9807692307693 11.538461538461538 1122.0961538461538 15.384615384615383 1131.7115384615386 501.92307692307685 box 0
619.2115384615385 525.9615384615385 1120.173076923077 524.0384615384615 1141.326923076923 1020.1923076923076 648.0576923076924 1025.0 box 0
1146.1346153846155 519.2307692307692 1649.9807692307693 499.03846153846155 1666.326923076923 1000.9615384615385 1158.6346153846155 1015.3846153846154 box 0
1142.2884615384617 492.30769230769226 1644.2115384615386 470.1923076923077 1634.5961538461538 6.730769230769231 1132.673076923077 1.923076923076923 box 0
2160.557692307692 456.7307692307692 2150.9423076923076 4.8076923076923075 1646.1346153846155 2.8846153846153846 1658.6346153846155 473.0769230769231 box 0
2161.5192307692305 479.80769230769226 1660.5576923076924 485.57692307692304 1673.0576923076924 992.3076923076923 2172.096153846154 984.6153846153845 box 0
2176.9038461538457 493.2692307692308 2685.557692307692 491.34615384615387 2688.4423076923076 988.4615384615386 2181.711538461538 988.4615384615386 box 0
2177.8653846153843 472.1153846153846 2682.6730769230767 458.6538461538462 2668.2499999999995 4.8076923076923075 2159.596153846154 6.730769230769231 box 0
2692.2884615384614 462.49999999999994 2675.9423076923076 2.8846153846153846 3181.711538461538 3.846153846153846 3203.826923076923 456.7307692307692 box 0
3205.7499999999995 475.0 2699.980769230769 475.0 2700.9423076923076 976.9230769230769 3205.7499999999995 972.1153846153846 box 0
