666.114188955794 2211.367910994788 665.8461538461539 1943.6410256410254 -11.85758819638918 1944.3195095988915 -11.589553086749076 2212.046394952654 box 0
642.7692307692308 1387.2307692307693 642.4293642495838 1139.2452094045238 -5.577652846489008 1140.1333090574294 -5.237786326842031 1388.1188688836746 box 0
660.7179487179488 1923.128205128205 659.8252394037718 1663.467832697049 -53.445913126976535 1665.9200505516112 -52.553203812799545 1925.5804229827672 box 0
660.7179487179488 2979.5384615384614 660.1481701226996 2728.2635164898006 4.837688090576377 2729.749466017447 5.407466685825701 2981.024411066108 box 0
647.7832660984845 1659.690477923261 647.7692307692308 1403.0 3.8121863876205673 1403.0352103015907 3.826221716874243 1659.7256882248519 box 0
673.5463903230058 2459.7873497271908 673.5384615384615 2220.5641025641025 3.196838434086147 2220.586320280665 3.204767218630304 2459.809567443753 box 0
623.5078096715507 609.5102341464246 627.5858359943194 344.825842803983 -12.51825107017133 334.9636771389758 -16.59627739293991 599.6480684814173 box 0
668.4102564102565 2712.871794871795 667.8174899835988 2470.3267909057754 -48.640227407227826 2472.0777735030033 -48.047460980570044 2714.6227774690237 box 0
628.4024101552122 870.9233775848663 629.9487179487181 620.5641025641025 -15.743313828551969 616.576079268944 -17.289621622057783 866.9353542897078 box 0
624.820512820513 1125.6923076923076 627.8289924329588 874.8519208447938 -2.5580976951409 867.2913093641862 -5.5665773075866305 1118.1316962116998 box 0
