8.517877739314486 2226.3715849302175 1071.5392196259359 2165.9618280728614 1058.5401214901167 1937.2186669923901 -4.481220396504682 1997.6284238497462 box 0
19.080562280523964 1519.3104959958748 1055.144882471283 1459.6376380880888 1041.9088711987852 1229.8286511904048 5.844551008026201 1289.5015090981906 box 0
-4.392584526293945 2928.614131961753 1086.216667690779 2865.839896145478 1073.4901644823485 2644.735776485512 -17.11908773472453 2707.510012301787 box 0
16.547745482357982 813.0834045904662 1046.8812590842272 752.3071808028806 1033.3105795222195 522.2447471124146 2.9770659203503556 583.0209709000003 box 0
24.583233581564173 2698.795298257878 1086.213722281687 2639.9062849583506 1073.3323105468537 2407.6847096766924 11.701821846730809 2466.57372297622 box 0
-11.551221024547317 1753.840928871322 1076.5789340389733 1696.5923905283723 1064.2293078775747 1461.8614957502602 -23.90084718594619 1519.1100340932096 box 0
-12.74070035402508 2460.6677373919765 1092.6098266868566 2403.133680808357 1080.3857542175506 2168.2834764446934 -24.964772823331373 2225.817533028313 box 0
-1.235794747870841 1051.7664808155178 1052.5379263792963 997.2072307754182 1040.1057694564279 757.0888227580905 -13.667951670739285 811.6480727981901 box 0
22.551250685618925 1993.4883627577433 1078.5207264142982 1933.0433958206638 1065.0191224680675 1697.1712899522176 9.049646739388209 1757.6162568892973 box 0
11.628153380299693 1284.9273007794793 1034.5670621916695 1231.083893510113 1022.4373562251079 1000.6388155535285 -0.5015525862618233 1054.4822228228948 box 0
