1094.8453608247423 1616.4536082474228 1230.6053003321233 1478.6025954665477 383.5887000735157 644.4344592074174 247.82876056613483 782.2854719882924 box 0
1245.360824742268 1484.4948453608247 1374.3380406268343 1353.0060364336032 520.0142122458114 515.0008119021596 391.03699636124526 646.4896208293811 box 0
830.9278350515464 1892.7422680412374 961.7445315742789 1760.6015063503248 113.95162458333328 921.3035788313638 -16.865071939399225 1053.4443405222762 box 0
964.9484536082474 1756.659793814433 1102.7795827042924 1615.284314642352 247.65788238615644 781.6009194765069 109.82675329011153 922.9763986485875 box 0
1637.1433617197647 1072.2088169888896 1763.9175257731958 944.2886597938144 917.1952878036207 105.15191811245184 790.4211237501898 233.07207530752697 box 0
1368.041237113402 1345.319587628866 1511.3557054837886 1200.221844746354 666.9881180945904 366.2316703171567 523.6736497242038 511.32941319966875 box 0
1935.714943670815 826.9174285661496 2062.8865979381444 695.8350515463918 1216.905120720391 -124.90734253671658 1089.7334664530617 6.1750344830413155 box 0
1508.2474226804125 1200.9896907216496 1639.1726435458484 1069.1827823645285 793.332979110969 229.0011389044148 662.4077582455332 360.80804726153593 box 0
712.3711340206186 2048.4123711340208 843.3365662940984 1917.4147924245406 1.232390297802965 1075.517266415717 -129.73304197567685 1206.5148451251966 box 0
1779.4432989690722 947.4432989690723 1911.1423588335606 814.5537266646669 1058.2645135115854 -30.68347637832153 926.5654536470971 102.20609592608372 box 0
