2984.9885057471265 502.77011494252883 2572.344827586207 201.6206896551725 2270.0459770114944 610.2413793103449 2667.7471264367814 901.6206896551726 box 0
2659.7011494252874 914.2643678160921 2256.2528735632186 610.2413793103449 1959.7011494252874 1012.5402298850576 2355.103448275862 1315.9885057471267 box 0
3068.32183908046 1243.0000000000002 2680.9655172413795 935.528735632184 2366.022988505747 1329.2068965517244 2762.0 1641.2758620689656 box 0
3374.6436781609195 828.6321839080459 3066.597701149425 1226.9080459770116 2676.942528735632 918.2873563218392 2997.057471264368 509.0919540229886 box 0
2761.425287356322 1656.793103448276 2368.3218390804595 1344.1494252873565 2057.402298850575 1742.425287356322 2453.9540229885056 2053.919540229885 box 0
2429.2413793103447 2053.919540229885 2035.5632183908046 1745.2988505747126 1722.344827586207 2145.298850574713 2122.919540229885 2448.747126436782 box 0
2042.4597701149428 1728.0574712643684 1647.057471264368 1418.8620689655174 1953.9540229885058 1020.0114942528736 2352.8045977011493 1329.7816091954026 box 0
2020.6206896551726 1732.0804597701153 1707.4022988505747 2129.7816091954023 1314.2988505747126 1811.3908045977014 1630.9655172413793 1415.4137931034486 box 0
2116.022988505747 2455.0689655172414 1717.7471264367816 2152.1954022988507 1400.5057471264367 2555.6436781609195 1808.551724137931 2851.6206896551726 box 0
1387.8620689655172 2546.4482758620693 1001.080459770115 2221.16091954023 1321.7701149425288 1829.2068965517244 1703.9540229885058 2148.747126436782 box 0
