545.3333333333334 1412.871794871795 549.7276890460389 1250.7317123605894 -13.38034457273632 1235.4702361970255 -17.774700285441824 1397.6103187082313 box 0
537.6410256410257 1753.8974358974358 541.7275264015324 1596.2631805056449 1.472571827372112 1582.2576442264424 -2.6139289331345634 1739.891899618233 box 0
553.0256410256412 1253.8974358974358 558.6694766043569 1079.0332890968557 3.2694050228017772 1061.1074492848334 -2.374430555913757 1235.9715960854135 box 0
536.2188928307288 1942.20746363551 540.2051282051283 1764.1538461538462 2.4592310203435863 1752.1148786331953 -1.5270043540558276 1930.1684961148592 box 0
541.1823230649381 2116.8258836052914 545.4333413967062 1953.153651765981 -1.697699616949773 1938.943152776074 -5.9487179487177855 2102.6153846153848 box 0
540.7142507784778 1598.1135398878039 545.3333333333334 1420.5641025641025 -12.260857213397033 1406.0578690492787 -16.879939768252644 1583.60730637298 box 0
537.6410256410257 1079.5384615384617 540.4341433434457 896.7332675392412 -8.61468011925993 888.3442390069716 -11.407797821679834 1071.1494330061923 box 0
527.3846153846156 2284.6666666666665 532.4091560908442 2128.253080199733 1.4465235599964785 2111.1967398849383 -3.5780171462322024 2267.6103263518717 box 0
553.0256410256412 892.3589743589743 553.5829165598233 717.2979008896879 -1.8364166065367922 715.5298230443317 -2.3936921407187772 890.5908965136182 box 0
560.4350263786781 720.667142578925 559.4356319342984 540.3456573223834 0.3543094443810118 543.4442496329891 1.3537038887608093 723.7657348895307 box 0
