3356.740595876599 1160.3836051755288 3400.291525803295 530.8204479279952 2880.002562082386 494.8287162966391 2836.45163215569 1124.3918735441728 box 0
2273.0951174120987 1836.6978661180124 2322.469508596257 1119.1621351689475 1673.3960168499857 1074.498702943267 1624.021625665828 1792.0344338923317 box 0
3895.966912471578 1169.7057268146577 3928.013081819482 541.1915237035882 3416.199185550883 515.0955743785796 3384.1530162029785 1143.609777489649 box 0
684.1592504007778 862.691282205432 754.8333379822533 167.80938357992625 125.75098128486076 103.82754485145279 55.076893703385224 798.7094434769585 box 0
960.0702813338228 1628.1897840717897 1015.9798083972361 922.4478600902095 385.9714676667263 872.538017441882 330.0619406033132 1578.2799414234623 box 0
1601.9939882533909 1775.832314255666 1671.1258933106888 1051.8352675472115 1026.2938821537136 990.2625503988753 957.161977096416 1714.2595971073297 box 0
2960.3827642279166 1893.5087469504842 3007.67131132279 1161.6963699694584 2339.321263329456 1118.5086572243204 2292.032716234583 1850.3210342053462 box 0
1219.75181541231 914.139729196869 1272.4111046381413 280.96957957874383 753.0728677770821 237.7774258782042 700.4135785512509 870.9475754963294 box 0
1738.980964125547 1018.9185560734059 1802.7403486846936 401.5610910452334 1282.1706174479398 347.7977406947824 1218.411232888793 965.155205722955 box 0
3638.7574651610357 1945.543185271752 3690.779336373218 1216.4385882529996 3043.9318842041985 1170.2857934574959 2991.910012992016 1899.390390476248 box 0
2819.9667171960286 1105.7598077670207 2879.3476238477037 495.4707737544229 2374.004764890153 446.30109273041586 2314.623858238478 1056.5901267430136 box 0
2281.9691163160037 1049.3624212894422 2324.7495178993527 543.02398680671 1797.0066386125854 498.43512929344377 1754.2262370292365 1004.7735637761759 box 0
3979.1556604762277 2967.4268236213875 4015.352620217757 2070.1585601138167 3483.6601575474533 2048.7093999809076 3447.4631978059247 2945.9776634884784 box 0
