1202.2710926546401 985.4820371502282 1914.5182851388963 582.8374882383124 1812.5 402.37500000000006 1100.2528075157438 805.0195489119159 box 0
1305.9060862042015 1182.1000268244982 2017.4999999999998 773.625 1914.3138381346785 593.8670222794709 1202.7199243388804 1002.3420491039691 box 0
583.75 1586.125 1293.5799057838008 1187.2341998633092 1191.102131480778 1004.8740430145644 481.27222569697733 1403.7648431512555 box 0
358.75 1212.375 1080.0508144451092 799.2833251178994 974.8692761042289 615.6254741299325 253.5684616591197 1028.7171490120336 box 0
1085.0729025846188 788.8464975544472 1803.75 392.37500000000006 1702.1901717752055 208.2792377249918 983.5130743598244 604.7507352794387 box 0
472.5 1399.875 1188.778647576485 997.3946821637785 1084.2037283717634 811.2867450078094 367.9250807952785 1213.767062844031 box 0
257.7319543071561 1012.5537646775779 966.9116016835433 603.8665521675307 866.6796473763872 429.93778748995305 157.5 838.6250000000001 box 0
685.0 1778.6250000000002 1402.23064808529 1377.4157426318404 1304.7333738003256 1203.1225728264717 587.5027257150351 1604.3318301946306 box 0
1404.5584705739036 1357.1157303749203 2126.25 956.125 2032.4992768781447 787.3951575636073 1310.8077474520483 1188.3858879385273 box 0
973.913028851305 593.4539367553114 1688.0865419462089 204.21172458578587 1593.75 31.125000000000114 879.5764869050962 420.36721216952554 box 0
