928.7051684785085 1188.1069628095065 1075.0051728647047 968.3627159444051 406.58336015460907 523.3448575640288 260.283355768413 743.0891044291301 box 0
1431.342927901522 1864.3517571148982 1578.5645723652663 1644.1509128498642 913.7594890906655 1199.6762427630315 766.5378446269212 1419.8770870280655 box 0
2104.3076923076924 2330.8205128205127 2246.975076045675 2120.1966491504363 1586.5212023254624 1672.83411101528 1443.85381858748 1883.4579746853567 box 0
781.0343529346562 1424.6361446552673 929.1725104351469 1209.6642088928825 263.21725972861293 750.7513583964904 115.07910222812214 965.7232941588754 box 0
2778.6290913173225 2800.9025010476244 2928.1315869709506 2586.289698451754 2264.015368979308 2123.656384908186 2114.5128733256797 2338.2691875040564 box 0
2263.2820512820513 2105.1794871794873 2410.5963054729414 1888.1262383151586 1741.8616375671074 1434.2553593046478 1594.5473833762178 1651.308608168977 box 0
3600.5578287538133 3045.23560798011 3751.074920795251 2834.1145322450166 3096.7855519834916 2367.6441298738937 2946.268459942054 2578.7652056089873 box 0
2927.6636275230426 2570.805008072038 3076.345747555159 2357.6870654760837 2422.5287682594276 1901.5504614409015 2273.846648227311 2114.668404036856 box 0
1592.9502077206625 1649.656195304217 1742.923426722516 1430.0797062102433 1081.0628316775305 978.0214536215644 931.0896126756769 1197.597942715538 box 0
3424.6849420242606 3215.9862354197235 3556.651393326072 3018.113901851961 2912.365961296052 2588.4223903737334 2780.3995099942404 2786.2947239414957 box 0
