2620.228377319671 1718.536472537323 3797.7318880639614 775.4884716284213 3652.5845108286617 594.2553359819135 2475.081000084371 1537.303336890815 box 0
2771.0902010001446 1886.212553589498 3954.096168325815 950.6369045304418 3812.954685274389 772.1679406845338 2629.948717948718 1707.7435897435898 box 0
2328.216993678144 1352.3830916124439 3503.2319823856865 416.0725332334571 3371.6303733229274 250.9202108517826 2196.6153846153848 1187.2307692307693 box 0
2468.1701150505696 1544.9338354720494 3638.1408293986024 613.8170502048295 3492.227124604444 430.4729583225238 2322.25641025641 1361.5897435897436 box 0
2183.3913951459876 1191.9464726086294 3353.285184848004 256.5114542030647 3210.0989179071444 77.4367764662302 2040.2051282051282 1012.8717948717947 box 0
2903.82560930818 2059.0721957080896 4097.555805102137 1126.1665679601233 3967.2686573324186 959.4533466110071 2773.5384615384614 1892.3589743589744 box 0
2042.1074086921901 1013.555567915839 3212.0011983942063 78.12054951027329 3068.8149314533466 -100.95412822656122 1898.9211417513307 834.4808901790033 box 0
1902.371559635586 828.5366999913108 3072.2653493376024 -106.89831841425489 2929.0790823967427 -285.97299615108943 1759.1852926947267 649.4620222544751 box 0
1755.0885407676612 652.9517943309331 2924.9823304696774 -282.4832240746323 2781.796063528818 -461.55790181146676 1611.902273826802 473.87711659409763 box 0
1611.579106805397 473.59330376489527 2781.472896507412 -461.84171464067003 2638.2866295665526 -640.9163923775045 1468.3928398645378 294.5186260280599 box 0
