2810.7650528260074 3043.1983912763953 2980.5360957415933 2975.6373258086387 2550.4615384615386 1894.923076923077 2380.690495545952 1962.4841423908324 box 0
2404.5336310319603 3108.6718741945283 2568.1290452668404 3043.0014480338623 2171.0145112104715 2053.726358837698 2007.4190969755914 2119.3967849983637 box 0
3734.770764338853 2656.285711619607 3896.488408480792 2586.856555580705 3433.841924870131 1509.2386833694068 3272.1242807281924 1578.6678394083092 box 0
2985.10965430345 2952.07943182899 3158.466099381119 2882.5499258182945 2727.3846153846152 1807.7435897435898 2554.0281703069463 1877.2730957542854 box 0
3546.9456989184596 2741.4893884494936 3716.380189422865 2670.4907196481013 3261.6224208935523 1585.2358534023126 3092.187930389147 1656.2345222037052 box 0
2608.6586259405235 3080.163734727284 2786.4246845167386 3008.5793185120456 2365.846153846154 1964.1538461538462 2188.0800952699383 2035.738262369084 box 0
3348.5312445592 2784.269116491692 3515.3443824527058 2715.254892573074 3077.204723458378 1656.2347775512771 2910.391585564872 1725.2490014698944 box 0
3163.576423380292 2876.812292355251 3333.0294635059818 2809.5382688445798 2904.5299632026117 1730.2131559765082 2735.076923076923 1797.4871794871797 box 0
2192.751885125672 3099.367467593112 2359.438839639348 3031.763602265439 1991.6288697266227 2124.8757575045443 1824.9419152129462 2192.479622832217 box 0
1969.3233784697327 3096.657515061577 2144.857753241266 3028.101604338454 1820.6224702788895 2197.911514624201 1645.088095507356 2266.4674253473245 box 0
