68.26340389011773 583.5730336350467 1117.4187692980095 551.360314896596 1110.1694915254238 315.2542372881356 61.01412611753232 347.4669560265864 box 0
74.51532778156283 820.8614885251949 1125.4237288135594 797.4576271186442 1120.0686696933308 556.9983063376711 69.16026866133427 580.4021677442217 box 0
1135.5932203389832 1782.2033898305085 1130.7751080801138 1543.6168203246611 77.3905123910339 1564.8892886128194 82.20862464990324 1803.4758581186672 box 0
1142.3728813559323 2037.2881355932204 1136.9715416491463 1795.512142651828 84.47166366721603 1819.0252686374572 89.87300337400228 2060.8012615788493 box 0
1144.9152542372883 2278.813559322034 1139.8691511326151 2043.176168420185 93.07910854627056 2065.592859012537 98.1252116509437 2301.230249914386 box 0
1125.4237288135594 1046.6101694915255 1120.0097389129608 799.4795678179902 75.38335299903645 822.3646199521155 80.79734289963483 1069.4952216256509 box 0
1127.1186440677966 1295.7627118644068 1121.4576196468836 1051.6595790285983 72.03839151159713 1075.9967835914151 77.69941593251016 1320.0999164272241 box 0
108.22073729040962 2797.377985141737 1150.8474576271187 2770.3389830508477 1144.693817221128 2533.0539718265827 102.0670968844189 2560.0929739174717 box 0
105.24983966141872 2547.495006981145 1149.1525423728815 2520.3389830508477 1142.9490856137252 2281.8723616611005 99.04638290226228 2309.028385591397 box 0
1135.5932203389832 1540.677966101695 1132.439436485299 1299.2767728594881 80.01890152434169 1313.026112064765 83.17268537802597 1554.4273053069717 box 0
