2913.0191261969885 2516.7931001075344 3165.474258730819 2480.5415998324565 2989.160815361849 1252.6963141075535 2736.7056828280183 1288.9478143826313 box 0
3175.5149315652066 2454.52615742668 3427.9804822535502 2416.4178523722117 3245.2452231589145 1205.8062087537394 2992.779672470571 1243.9145138082079 box 0
2656.147139430645 2550.8179789313253 2914.644353877238 2506.579115711952 2704.3269152873722 1277.648983501536 2445.8297008407794 1321.8878467209092 box 0
2388.57748542497 2597.873861342273 2649.873937582093 2558.3463021383277 2469.316784899737 1364.7754275981565 2208.020332742614 1404.3029868021017 box 0
852.4608458333555 2857.0707456919295 1114.745765576913 2811.5011251021047 979.8004670328553 2034.7969010976208 717.5155472892977 2080.3665216874456 box 0
2136.5579589339636 2653.0428261878765 2381.230769230769 2615.4358974358975 2193.9282936969635 1396.8353739354918 1949.255483400158 1434.4423026874715 box 0
1112.3737299703766 2829.358846551532 1365.9916038504293 2789.408212080516 1241.945991633017 2001.9317464050112 988.3281177529643 2041.882380876027 box 0
1351.6025416258751 2788.3812716908433 1601.6915655862895 2747.8762169800534 1476.707336532694 1976.1902119212177 1226.6183125722796 2016.6952666320074 box 0
1863.2089535147645 2697.5778570401258 2126.57094065663 2658.3555622763715 1955.2052354096797 1507.7035432234215 1691.8432482678147 1546.9258379871758 box 0
1604.9149869453606 2727.790035337461 1861.2354725345333 2690.807519036553 1733.1833879936041 1803.2969931659568 1476.8629024044315 1840.279509466865 box 0
