3212.3645691017405 1850.1575183004707 3728.7292823245566 748.1025106484418 3496.863813771795 639.4626103311213 2980.4991005489787 1741.51761798315 box 0
1535.127925129917 1085.3148524204878 2023.255330325286 36.767140706852615 1788.7759887494776 -72.38935383955516 1300.6485835541089 976.1583578740799 box 0
2261.562055485362 1391.404168503399 2765.7612184418385 308.7007300462117 2537.507018763905 202.40608616579038 2033.3078558074285 1285.1095246229777 box 0
2741.365238753468 1623.1310769425365 3250.455221235559 525.8474621028824 3017.838165482372 417.9236662520434 2508.748183000281 1515.2072810916975 box 0
2020.6719742720327 1282.5164624921813 2523.3842377460046 193.92093503400974 2292.915677552918 87.4907976396546 1790.2034140789463 1176.0863250978261 box 0
2503.6577053930587 1499.5258390116244 3011.7004093846226 402.2638689295302 2779.945291433113 294.95905020956707 2271.9025874415493 1392.2210202916613 box 0
1772.8418353112354 1184.9389092229098 2273.2119916581855 107.19021845862505 2046.0898785559518 1.74344017284227 1545.719722209002 1079.492130937127 box 0
2974.173753522674 1745.2751612192103 3489.740669358839 639.9102274276 3256.733373857697 531.2304158681922 2741.166458021532 1636.595349659802 box 0
3452.052853218628 1969.38585551769 3964.295327420644 872.7809003641382 3731.1296129068596 763.8653041502788 3218.887138704844 1860.4702593038305 box 0
1294.0549766047025 979.0644735579609 1738.0745774947768 14.803735556769652 1507.457426120517 -91.39008886862985 1063.4378252304427 872.8706491325615 box 0
