1034.857142857143 675.7142857142857 1976.9999999999998 645.7142857142857 1993.4285714285713 908.5714285714284 1042.0 940.7142857142857 box 0
1032.0 953.5714285714284 1976.2857142857142 939.9999999999999 1986.9999999999998 1198.5714285714284 1034.857142857143 1215.7142857142856 box 0
1027.7142857142856 1229.9999999999998 1973.4285714285713 1225.7142857142856 1986.2857142857142 1482.8571428571427 1029.857142857143 1492.8571428571427 box 0
1047.0 1505.7142857142856 1995.5714285714284 1499.2857142857142 1997.7142857142856 1759.9999999999998 1049.142857142857 1764.9999999999998 box 0
1043.4285714285713 1779.2857142857142 1990.5714285714284 1777.1428571428569 1994.1428571428569 2039.9999999999998 1052.0 2037.8571428571427 box 0
1997.7142857142856 1779.2857142857142 2947.714285714286 1747.1428571428569 2952.714285714286 2008.5714285714282 2004.8571428571427 2041.4285714285713 box 0
2003.4285714285713 1492.142857142857 2952.0 1474.2857142857142 2962.0 1727.8571428571427 2011.9999999999998 1759.9999999999998 box 0
2001.2857142857142 1208.5714285714284 2947.714285714286 1195.7142857142856 2956.285714285714 1454.9999999999998 2009.8571428571427 1477.142857142857 box 0
2010.5714285714284 929.9999999999999 2954.1428571428573 921.4285714285714 2960.5714285714284 1176.4285714285713 2015.5714285714284 1194.9999999999998 box 0
1999.8571428571427 649.2857142857142 2947.714285714286 643.5714285714286 2951.285714285714 902.8571428571428 2010.5714285714284 910.7142857142857 box 0
