19.483748306298423 1580.5175776793117 831.3786119185436 1527.7187444438732 819.1872605666874 1340.2506710694674 7.2923969544422675 1393.049504304906 box 0
11.270117160101904 1769.1028319188501 829.3778456464524 1713.6823419996947 816.836978367547 1528.5562188318818 -1.2707501188035621 1583.9767087510377 box 0
-9.863948967108854 1391.3726244889558 808.7925675573056 1341.0492304647873 797.5859692826215 1158.7412823713958 -21.07054724179295 1209.0646763955642 box 0
-16.403439425615034 1213.871827476173 815.2108751948512 1161.3800129191334 803.2284075875647 971.5448610809868 -28.385907032901514 1024.0366756380263 box 0
-16.7363990722435 663.5727658174238 781.8378286849684 598.6696229077189 766.6989339767235 412.3992728330888 -31.875293780488448 477.3024157427936 box 0
7.015077618435782 1958.3386268255613 838.9891617686505 1894.4157104289675 824.8333759032928 1710.1743202569583 -7.1407082469219745 1774.097236653552 box 0
0.8365528590176154 2329.396795682374 868.5954916377979 2263.737423291795 854.4740346425083 2077.107242556151 -13.284904136271962 2142.76661494673 box 0
-17.605601722582094 1030.1921827093515 802.1470719969805 974.1542681297682 788.928411890726 780.7846174854134 -30.82426182883654 836.8225320649965 box 0
-7.843498623016899 2142.909006927772 859.6868156177248 2071.419886048177 844.1891225930486 1883.353249694542 -23.34119164769311 1954.8423705741377 box 0
-37.97942512041237 846.3574241493491 786.0930832498091 782.207231213694 771.679905559525 597.0557460929604 -52.392602810696474 661.2059390286156 box 0
