599.4215184373766 1675.6028001556454 735.3191443679204 1564.2995639603855 -0.16171814324269462 666.3013875437192 -136.05934407378675 777.604623738978 box 0
1033.8707752922348 1325.9529689603798 1171.4285714285716 1214.2857142857144 411.2531568156121 277.8603045643401 273.6953606792754 389.5275592390056 box 0
882.3296557674977 1438.865005122639 1026.1904761904761 1321.4285714285716 268.21181199068525 392.89703257953124 124.3509915677065 510.33346627359833 box 0
741.0626763940714 1567.7124640084692 885.7142857142858 1448.8095238095239 115.59845031804716 511.923566518158 -29.05315900216715 630.8265067171037 box 0
1612.3419758048387 853.3916511011407 1761.904761904762 729.7619047619048 1047.6184716708058 -134.35575950336957 898.0556855708821 -10.726013164133462 box 0
1763.5977187253914 738.165784267827 1902.3809523809525 623.8095238095239 1200.0313686077166 -228.56485431407992 1061.2481349521552 -114.20859385577648 box 0
1313.5552903001771 1096.1136358075107 1465.4761904761906 971.4285714285714 716.2469430455445 58.53990850153997 564.3260428695311 183.22497288047938 box 0
1467.63046471115 978.221965790445 1611.904761904762 860.7142857142858 859.9322583421024 -62.54710783980918 715.6579611484904 54.96057223635024 box 0
1183.2583303901838 1209.041069790286 1319.047619047619 1096.4285714285716 552.5684339830913 172.20022355606307 416.77914532565615 284.8127219177773 box 0
456.0797531807381 1780.068205010216 589.2307692307692 1670.6923076923074 -13.164729410234647 937.3536592798483 -146.3157454602657 1046.7295565977565 box 0
