1588.8888888888887 1760.3174603174602 1653.8437845317685 1044.855435348114 1022.3680020559118 987.5254274368174 957.4131064130319 1702.9874524061634 box 0
2260.3174603174602 1841.2698412698412 2319.732192350012 1122.3216442755036 1675.531978296498 1069.084174241757 1616.117246263946 1788.0323712360948 box 0
3898.1571673954068 1166.4547374085398 3936.2327217461675 538.6337069730914 3416.2681680073097 507.0993402243036 3378.192613656549 1134.920370659752 box 0
2941.2698412698414 1892.0634920634923 2996.1703347101684 1170.7385459845702 2342.831702392351 1121.0125334671097 2287.9312089520236 1842.3374795460318 box 0
3356.8574646854163 1156.5556181872016 3401.732080236405 527.5766765682023 2877.672776708626 490.1875714398251 2832.7981611576374 1119.1665130588244 box 0
2820.6349206349205 1084.126984126984 2866.0856993516195 461.0628522845248 2341.362317462363 422.7857551144434 2295.9115387456645 1045.8498869569028 box 0
3652.380952380952 1941.269841269841 3692.7770282512156 1214.7113263058616 3039.7300019503746 1178.402430768925 2999.333926080111 1904.9609457329047 box 0
2282.5396825396824 1033.3333333333333 2328.416078161097 408.10211238168864 1806.0890649147393 369.77632201733456 1760.2126692933243 995.007542968979 box 0
945.9248909288107 1645.0553996322014 1029.0791579274996 931.810380847351 402.25482270186563 858.7315415146489 319.10055570317655 1571.9765602994994 box 0
1212.5270775819743 904.2332224379452 1276.9797599419799 282.8563577234539 756.6055458059225 228.88023496024226 692.1528634459166 850.2570996747335 box 0
687.3015873015873 847.6190476190476 732.1002494520789 137.29503438310826 108.23601077907688 97.9492108781916 63.437348628585454 808.2732241141308 box 0
1743.9899215523135 1005.8275412419459 1799.7471741823545 393.7900065661528 1277.6190808486447 346.2235970637183 1221.8618282186037 958.2611317395114 box 0
3967.813466163144 2970.390572164919 4022.425709590069 2073.613308741118 3494.2921429677153 2041.4508531585675 3439.6798995407903 2938.228116582368 box 0
