2359.3979258411764 3037.3461326574334 2565.664629234898 3027.46676601287 2520.8990170604347 2092.8263603235237 2314.6323136667133 2102.705726968087 box 0
844.195696453564 3050.8685634926724 1043.8748158779085 3044.0962079064384 1013.122971833664 2137.395273314187 813.4438524093197 2144.167628900421 box 0
1067.5172589777262 3037.3823662232576 1275.6448384355976 3029.7040144486946 1242.8682493688311 2141.2695762205904 1034.7406699109597 2148.947927995153 box 0
2577.788393598648 3047.7993683982554 2780.7899300070026 3037.125003471603 2731.1042913378756 2092.2199850868515 2528.102754929521 2102.8943500135033 box 0
2790.373838291157 3051.695059276058 2999.1808623059824 3041.77592673928 2953.280437221538 2075.5290168042643 2744.4734132067124 2085.4481493410426 box 0
1282.633158428556 3038.9907441709693 1489.4482894393284 3030.897357440384 1455.0105015445886 2150.888054504568 1248.1953705338162 2158.981441235153 box 0
1708.5312475572778 3047.1802810548497 1913.2870881672106 3040.1177588591368 1882.5637857068823 2149.3912666441247 1677.8079450969494 2156.453788839837 box 0
2144.6827609753473 3028.976350869786 2351.1577111978786 3019.8375476671035 2310.613106181635 2103.804548941005 2104.1381559591036 2112.9433521436877 box 0
1494.737619313997 3044.6327697408133 1699.9592285830438 3036.9938163029115 1666.6677681829512 2142.6138290751046 1461.4461589139044 2150.252782513006 box 0
1921.0245246220943 3042.9311215226116 2133.650889316854 3035.070503211968 2100.827962560523 2147.224367063813 1888.2015978657632 2155.084985374457 box 0
