2284.7078767615135 1649.7607678211598 2314.3326378417682 1140.0302414060102 1893.2091766646702 1115.5551878705649 1863.5844155844152 1625.2857142857144 box 0
3708.24841673888 2395.6572822126864 3749.9914835051272 1813.9320098439975 3234.0058232640326 1776.9062437496907 3192.262756497785 2358.6315161183793 box 0
3150.5974025974033 2373.337662337662 3211.642682924808 1799.5417059612892 2697.319198898826 1744.8236116414691 2636.273918571421 2318.619568017842 box 0
2726.393389425265 1673.0983331386428 2750.9700321094565 1156.1053430546058 2326.415820016874 1135.9230245884078 2301.839177332682 1652.9160146724448 box 0
3249.298701298702 1743.4675324675325 3276.258046406319 1161.3859112981083 2764.2182918999774 1137.6705835012558 2737.25894679236 1719.7522046706797 box 0
3783.53757874076 1790.8098794456812 3825.9220779220777 1209.7012987012988 3321.0547706391244 1172.8776332431191 3278.670271457807 1753.9862139875017 box 0
1834.3636363636363 1636.974025974026 1872.1390362745833 1132.1974368340377 1467.4916537393813 1101.9152941454706 1429.7162538284342 1606.6918832854592 box 0
3108.983527917996 943.4001008369601 3175.747870330277 447.8390625339023 2604.15047654023 370.8307403065444 2537.3861341279494 866.3917786096023 box 0
2603.0091871037425 2283.3409409464803 2643.084201901089 1709.0422237108305 2133.075196825238 1673.4533954376725 2093.0001820278917 2247.7521126733222 box 0
2503.4054054054054 928.7927927927929 2582.2797479960186 434.77801750618767 2178.1399572449463 370.2531046800369 2099.2656146543336 864.2678799666421 box 0
2062.864864864865 866.6306306306308 2154.7703259626473 375.96952874620257 1596.9798538003993 271.490102227293 1505.0743927026167 762.1512041117212 box 0
