1865.1058867482911 1833.9052654813524 1916.5266441294975 1120.0060012553022 1287.1350430954915 1074.6721643453782 1235.7142857142856 1788.5714285714284 box 0
628.5714285714286 1040.0 719.3003880792678 353.10190574219916 102.94435901124092 271.69049745441066 12.215399503401581 958.5885917122115 box 0
2542.26268584615 1867.3011361102124 2582.3884377626714 1137.7037139872061 1930.1257519165204 1101.8311493055648 1889.9999999999998 1831.4285714285713 box 0
3361.8008794421194 1121.9828537726887 3383.011896903915 499.99958543178576 2864.0681603189373 482.3024459448112 2842.8571428571427 1104.2857142857142 box 0
2821.6028557989075 1109.3817964997659 2842.1762872185113 492.18590822952524 2309.5159844459304 474.43036186684657 2288.9425530263266 1091.626250137087 box 0
1215.6155706302327 1801.9507322104039 1272.0780798875173 1086.1598197335418 643.084964190324 1036.5440324990689 586.6224549330393 1752.334944975931 box 0
3908.3661764860426 1122.6662442404809 3927.7059850874975 501.64001029581783 3401.3466018778663 485.2482877397606 3382.0067932764114 1106.2745216844237 box 0
1722.8571428571427 1078.5714285714284 1768.1846729233962 456.20832892922704 1251.9833528095069 418.61270208188694 1206.655822743253 1040.9758017240883 box 0
2269.5369742091993 1091.7579403801838 2299.5809873709622 463.15226163537824 1771.640873789284 437.9195278924339 1741.596860627521 1066.5252066372395 box 0
3236.9186081848407 1878.8507055994946 3259.2868785561477 1157.4135618761152 2605.2254132284497 1137.1342848480485 2582.8571428571427 1858.5714285714287 box 0
1187.142857142857 1040.0 1241.025823090804 411.45726377316646 727.9818941736485 367.47564254309077 674.0989282257017 996.0183787699244 box 0
542.8571428571428 1768.5714285714284 607.614120034265 1043.3151608979356 -19.0316265612243 987.3629601115874 -83.78860373834654 1712.6192277850798 box 0
3917.5961796252973 1892.7983963749232 3930.285454786593 1168.4553487489784 3281.260703732725 1157.0855238026265 3268.5714285714284 1881.4285714285713 box 0
3545.442118968126 2831.4603568715684 3608.4993371648575 1932.1057462920564 3064.4054808243545 1893.9572288828256 3001.3482626276236 2793.311839462338 box 0
2981.78108685908 2801.4993911707725 3029.4076237971994 1899.6864860395162 2489.809741082814 1871.1892463719525 2442.183204144695 2773.002151503209 box 0
2125.7046618365375 2522.8707732996945 2173.122453493395 2047.9744462334675 1268.4474943763043 1957.643807136722 1221.0297027194479 2432.540134202949 box 0
