3186.2076595321887 2763.6788222114246 3314.7727272727275 2680.4999999999995 2786.0246364126265 1863.2422856947753 2657.4595686720863 1946.4211079061997 box 0
2629.5802794648703 3097.811597808546 2769.318181818182 3008.9090909090905 2252.878177404922 2197.163219786915 2113.14027505161 2286.065726686371 box 0
3440.9887300863834 2586.89067574817 3580.778324858095 2499.60082709644 3076.4133802852157 1691.8898239510331 2936.6237855135037 1779.1796726027635 box 0
3042.39417340893 2846.078596739415 3178.409090909091 2758.9090909090905 2653.273243061398 1939.5134967615982 2517.2583255612362 2026.6830025919216 box 0
2451.247933650842 3123.2781792172414 2588.137791716953 3037.3686253962073 2119.8444035206553 2291.1813552698745 1982.9545454545455 2377.090909090909 box 0
3585.7332080364827 2511.552824335186 3720.454545454545 2428.2272727272725 3215.4194155827986 1611.6829255673285 3080.698078164737 1695.0084771752424 box 0
3712.5166506014484 2421.4081279425473 3851.8824699838865 2336.888737672879 3359.6042571196162 1525.160727318635 3220.238437737178 1609.6801175883031 box 0
2767.8449803206877 3006.3618321074696 2901.1363636363635 2921.4090909090905 2382.570075236614 2107.7753346978507 2249.2786919209375 2192.7280758962297 box 0
3310.9341113265045 2680.0283734254776 3441.765174035373 2597.4099712315156 2921.5695451547576 1773.6498265705168 2790.738482445889 1856.268228764479 box 0
2906.2054160894845 2925.7923470922574 3037.5 2841.863636363636 2515.7384408900202 2025.6415568257735 2384.4438569795043 2109.5702675543944 box 0
