3188.7999631275457 1629.6097203176214 3215.01431218564 908.7945967384446 2575.420698264444 885.534082770029 2549.2063492063494 1606.3492063492063 box 0
2791.623352985434 858.0430017828567 2824.6067081197684 230.58770852068824 2303.5306639876676 203.19637658013193 2270.547308853333 830.6516698423003 box 0
2253.8940224508815 875.2269920260696 2290.3614773368845 245.54072448967202 1772.0286040444803 215.52215548597263 1735.5611491584766 845.2084230223704 box 0
1163.3789539243357 2393.546922680959 1804.7619047619048 2379.3650793650795 1788.5785871368514 1647.4641704700903 1147.195636299282 1661.6460137859694 box 0
1146.031746031746 1639.6825396825398 1780.9211866834478 1612.9065845445734 1751.1376811854996 906.7045817100493 1116.2482405337978 933.4805368480157 box 0
3312.380383058134 888.1831312894396 3360.5840415615717 262.99749592138943 2841.1703203720413 222.94916431908092 2792.9666618686038 848.1347996871311 box 0
1859.7617560384333 1631.8941749198298 2506.3492063492063 1612.6984126984128 2485.2324466199366 901.4043429615167 1838.6449963091645 920.6001051829337 box 0
3169.84126984127 2366.6666666666665 3180.312018251376 1640.8023241554017 2530.95927416647 1631.4352719191645 2520.4885257563637 2357.2996144304293 box 0
1728.7812607568922 837.9432796493502 1761.4569400847472 213.30655300926998 1238.8190415548383 185.9665845946567 1206.1433622269833 810.6033112347368 box 0
1186.335316906898 837.32747778057 1238.6730531189828 225.37390755975224 727.8476014509511 181.68522096515755 675.5098652388662 793.6387911859754 box 0
3844.4679618759583 970.4481153178704 3889.4482357121856 363.11694607222273 3365.956912239032 324.34603446240305 3320.9766384028053 931.6772037080507 box 0
3741.600086045003 2488.7339450859213 3938.176111634448 1621.444549369807 3419.378000808024 1503.8560359931803 3222.801975218579 2371.145431709295 box 0
1856.4552372171197 2393.2164532352886 2498.4126984126983 2382.5396825396824 2486.385593237983 1659.391258393987 1844.4281320424045 1670.0680290895928 box 0
