1.893727738398752 2074.3205690189106 1077.7964606967198 1985.1567006206055 1054.6734641485032 1706.1412695125832 -21.22926880981788 1795.3051379108883 box 0
3.2114591999076083 2364.977076413657 1094.8220960438107 2274.3956123022413 1071.6444177227 1995.0779788231591 -19.966219121203153 2085.6594429345746 box 0
-3.5091914418229635 2660.8246139705006 1132.7856270807106 2561.8908443907203 1108.4542327168474 2282.4348258793525 -27.840585805686374 2381.368595459133 box 0
-7.781602659886289 1791.1606460659707 1070.6071373658583 1697.1356868066646 1045.5861677081039 1410.165799704293 -32.80257231764074 1504.190758963599 box 0
-9.265494896066343 655.2540451688358 986.3195349235473 568.1204893866925 961.4051749955536 283.4498645143917 -34.179854824060044 370.583420296535 box 0
0.08036008603244227 2953.930919729996 1160.5450506813193 2843.8595285257247 1133.9185609268459 2563.1407981044763 -26.546129668440926 2673.2121893087474 box 0
-11.182255477068793 1503.785822682545 1057.171920602301 1403.5931148802936 1030.4047520819884 1118.174975199535 -37.94942399738153 1218.3676830017864 box 0
-4.210533838534047 357.3211356975044 976.3654641190791 289.3022615936855 956.0341887762781 -3.7981590129341143 -24.541809181334997 64.22071509088485 box 0
-17.246033175781406 941.1340294725665 1001.6717684982189 854.5342419497521 977.5240807374269 570.4168135755291 -41.39372093657329 657.0166010983436 box 0
-14.595411541342912 1228.988933985816 1031.6997400501639 1137.505585534001 1006.740768673301 852.0498038834468 -39.55438291820582 943.5331523352618 box 0
