676.1894017457037 3036.962036840125 687.644739919629 2242.916124688019 438.453026080224 2239.3211495002065 426.9976879062985 3033.3670616523127 box 0
1212.0899834107954 3044.018542090548 1227.3048132753488 2246.782820447309 971.6557807493609 2241.903891381131 956.4409508848078 3039.1396130243706 box 0
1473.441841681023 3035.620302459154 1481.440701330554 2243.562427259946 1228.980267159919 2241.0128716741465 1220.9814075103882 3033.0707468733544 box 0
1740.6014004776755 3052.4215329034005 1749.0273004617377 2240.9138107829235 1489.2118258406838 2238.2161418097335 1480.7859258566216 3049.723863930211 box 0
2263.10583029971 3030.6097359424634 2265.0817754961436 2224.2962148641677 2015.1368920208467 2223.6837020153002 2013.160946824413 3029.997223093596 box 0
1997.943842988322 3031.3922939605377 2006.7049130445025 2239.421062350559 1753.024232573201 2236.614755600009 1744.2631625170206 3028.5859872099877 box 0
949.6452821065724 3052.3429184748716 958.7229538919092 2239.6969224952963 698.4602827737987 2236.7896552250786 689.3826109884618 3049.4356512046547 box 0
416.6930090799081 3039.9503193311 430.28797527196076 2233.78660857645 177.05619689085603 2229.5161639757844 163.46123069880338 3035.6798747304347 box 0
2804.6180032915668 3038.8947393446415 2801.6474502927026 2228.2591851506604 2551.4535733991065 2229.176014134362 2554.4241263979707 3039.811568328343 box 0
2529.752773626037 3026.58927672049 2537.437262436557 2246.819415652399 2280.984862940125 2244.2921243415217 2273.300374129605 3024.0619854096126 box 0
