2113.6233766233763 535.7142857142857 1871.4155844155844 100.0 1431.8051948051948 335.06493506493507 1682.4545454545455 781.8181818181818 box 0
1671.4155844155844 794.1558441558441 1412.3246753246754 346.1038961038961 992.8441558441559 616.8831168831168 1246.090909090909 1050.6493506493507 box 0
1931.155844155844 1242.2077922077922 1675.9610389610389 800.0 1249.3376623376623 1059.7402597402597 1502.5844155844156 1498.051948051948 box 0
2381.805194805195 979.2207792207791 2143.493506493506 533.7662337662338 1698.6883116883116 787.6623376623377 1953.8831168831168 1229.8701298701299 box 0
2183.1038961038957 1692.2077922077922 1931.8051948051948 1252.5974025974026 1494.7922077922078 1516.2337662337661 1751.935064935065 1949.3506493506493 box 0
2634.402597402597 1430.5194805194806 2383.7532467532465 987.012987012987 1946.7402597402597 1246.7532467532467 2205.181818181818 1681.8181818181818 box 0
2477.9090909090905 2125.974025974026 2216.87012987013 1694.8051948051948 2648.0389610389607 1423.3766233766235 2905.8311688311687 1867.5324675324675 box 0
2453.8831168831166 2126.6233766233768 2194.142857142857 1692.8571428571431 1763.6233766233765 1952.5974025974026 2019.4675324675322 2386.3636363636365 box 0
2725.961038961039 2580.5194805194806 2472.0649350649346 2141.5584415584417 2039.5974025974024 2385.714285714286 2301.9350649350645 2818.8311688311687 box 0
3164.9220779220777 2305.194805194805 2907.1298701298697 1875.9740259740258 2485.7012987012986 2145.4545454545455 2744.142857142857 2579.220779220779 box 0
