1584.5281246280315 1165.9180307996878 1858.5643055121727 1130.7147932757368 1708.8071185970662 -35.05547243481982 1434.770937712925 0.14776508913127273 box 0
1302.0149393815516 1188.1051791188938 1574.2749704333758 1150.311624551899 1409.8476296644687 -34.202333354733916 1137.5875986126446 3.5912212122610683 box 0
1867.8547657653019 1131.3188976399051 2142.5898426921576 1096.8478354298713 2000.579114086993 -34.98060113111593 1725.844037160137 -0.5095389210823527 box 0
3574.728453094865 958.7261550557635 3843.7519867308924 928.4532917573869 3735.823474090193 -30.66674801230658 3466.7999404541656 -0.3938847139298858 box 0
3287.599334965098 982.8769955922911 3563.2058163905667 949.8144764864886 3445.3176953693746 -32.89135220545027 3169.711213943906 0.1711669003521834 box 0
3003.1571159531686 1004.334343373423 3279.084449686122 970.3567650508454 3155.1336845229052 -36.23069156373059 2879.206350789952 -2.253113241153084 box 0
2718.757517375039 1043.692967170723 2994.1827091966293 1009.1836060532768 2862.656693135215 -40.54832262421439 2587.2315013136244 -6.038961506768263 box 0
1029.144354438803 1230.7643253418087 1292.8857025204209 1196.029598560618 1132.1516044918742 -24.427034473498292 868.4102564102565 10.307692307692257 box 0
2156.288010200989 1101.7949864957366 2431.7939594159157 1066.0063218373418 2288.4779062418816 -37.25991188025807 2012.971957026955 -1.4712472218635604 box 0
2439.4522366511105 1079.6643571119434 2715.526949793191 1042.1660396086559 2567.9800745976686 -44.121664927495374 2291.9053614555883 -6.623347424207683 box 0
