1097.793524383616 1926.3490063700772 1113.2949789871518 1202.2125595185119 476.73277719109115 1188.5857905354403 461.2313225875552 1912.7222373870054 box 0
2142.7945262884173 2961.088651674908 2782.1695172880272 2909.2648747298417 2722.373824694249 2171.5365062535593 2082.998833694639 2223.3602831986254 box 0
1747.0196078431372 2017.3725490196077 1764.6230899897246 1294.2785920142067 1131.658520349561 1278.8692798589404 1114.0550382029737 2001.9632368643415 box 0
3257.6807334774285 1207.9225944378588 3317.1246675641205 587.57234688571 2790.400542462513 537.0999656817701 2730.956608375821 1157.450213233919 box 0
3794.8104136818065 1247.1133803436076 3840.1815310432125 618.1870061303764 3319.056451094805 580.5927373387558 3273.6853337333987 1209.519111551987 box 0
1104.8645443288303 1098.5512430887231 1168.3960369626436 468.40744235668495 659.7270225199244 417.12311375331785 596.1955298861112 1047.266914485356 box 0
2433.682906213669 2020.6143158718726 2450.2982209384013 1301.582929746029 1800.889824528654 1286.5764570114113 1784.2745098039215 2005.6078431372548 box 0
1640.5073931838433 1103.9978496292913 1696.9055923258372 486.9467500957384 1177.1546646927436 439.44174387656824 1120.7564655507497 1056.492843410121 box 0
2718.8564096700247 1175.1349407977784 2775.377973104615 551.0227866694295 2245.906290220112 503.0721625499998 2189.3847267855217 1127.1843166783488 box 0
1437.2156862745098 2886.0 2087.275900372849 2870.8994958474295 2070.2330331765456 2137.222673766443 1420.1728190782067 2152.3231779190132 box 0
2185.023013904884 1152.4057260528768 2228.318330693155 525.4395699939809 1701.215413066552 489.04033603513585 1657.9200962782813 1116.0064920940317 box 0
3100.465395018689 2014.1356963314129 3108.696934092074 1298.9565869378275 2457.4679652718382 1291.4610985599447 2449.236426198453 2006.64020795353 box 0
3996.3247848502756 2540.509737305791 4183.478108077934 1675.6727719615335 3660.9776763924006 1562.6021053545524 3473.8243531647418 2427.4390706988097 box 0
