3373.8168870925956 2710.065658928716 3527.138627017064 2570.605866656844 2711.315719413752 1673.692242835199 2557.9939794892834 1813.1520351070717 box 0
3685.5178409553714 2422.476118826734 3836.8317664784604 2288.8891679056846 3045.3333333333335 1392.3589743589744 2894.019407810245 1525.9459252800239 box 0
2468.4102564102564 851.3333333333333 2472.404519086722 -24.30821270717015 2247.770545887167 -25.33288667230386 2243.7762832107014 850.3086593681995 box 0
3041.518691461689 3010.145227447562 3201.401874335482 2867.879999981789 2388.327779180401 1954.1157825316864 2228.444596306608 2096.38100999746 box 0
3206.21611030982 2868.7339518744343 3366.05108960586 2726.034916607646 2558.437816539545 1821.4397976678013 2398.6028372435053 1964.1388329345896 box 0
2871.7134456680774 3124.9364830512463 3020.8362261247944 2990.360981882405 2219.6923076923076 2102.6153846153848 2070.5695272355906 2237.190885784226 box 0
3525.9923822162295 2573.4492789648343 3689.3495883181076 2427.41555180166 2878.6666666666665 1520.5641025641025 2715.3094605647893 1666.5978297272773 box 0
3860.498619852271 2300.2646368865953 4022.8724705636514 2158.792956396009 3229.6983833215572 1248.428914749147 3067.324532610177 1389.900595239733 box 0
1593.0478263707348 854.4375281880748 1791.4871794871797 851.3333333333333 1777.9588997611804 -13.478060031714788 1579.5195466447358 -10.373865176973325 box 0
2624.4225117391975 3175.6058078591664 2779.859387379093 3033.598623152801 2058.153846153846 2243.6410256410254 1902.7169705139513 2385.6482103473913 box 0
3534.646205173983 881.2156885581845 3538.379464999875 -12.972111885305367 3328.2007232317787 -13.84961418684668 3324.467463405887 880.3381862566431 box 0
3316.69930317111 861.8718949684039 3327.3286704815027 -5.766012054983207 3111.574460104036 -8.409200800313101 3100.945092793643 859.2287062230741 box 0
2031.097815663084 852.6781895804805 2240.205128205128 848.7692307692307 2224.3696724892893 1.6614080703582015 2015.262359947246 5.57036688160812 box 0
2375.740171155454 3211.436644423432 2536.426506214465 3061.433729818637 1903.4555658282418 2383.38170077982 1742.769230769231 2533.3846153846152 box 0
2887.8540445584713 861.113292189736 2889.6867627133433 20.853410966986075 2679.8914540987553 20.395819596152705 2678.058735943883 860.6557008189026 box 0
4015.539755200332 2160.045281572151 4187.533500768382 2014.3933281631982 3412.330229235704 1098.9911579420095 3240.3364836676546 1244.643111350962 box 0
2682.584012260277 854.0718884078783 2679.065320894036 1.9906028813422267 2467.3758388139418 2.864779988117732 2470.8945301801828 854.9460655146538 box 0
3111.924054414752 857.5948004719851 3112.4877200370333 12.752470653635726 2898.276242368695 12.609552097594985 2897.7125767464136 857.4518819159443 box 0
1800.2655022105253 860.6434637918896 2014.5641025641025 859.025641025641 2008.0467030412492 -4.276337924254996 1793.7481026876717 -2.658515158006416 box 0
1368.4185975026862 858.7589153954283 1576.102564102564 859.025641025641 1577.2004550217512 4.1608842757814255 1369.5164884218734 3.8941586455686723 box 0
