2253.968253968254 1836.5079365079362 2312.071777132929 1119.4744813081477 1671.023951820238 1067.528317711998 1612.9204286555625 1784.5617729117869 box 0
1596.898111493623 1769.5964679351378 1657.2436135964888 1043.3881342272564 1016.844366304839 990.1730823883486 956.4988642019732 1716.38141609623 box 0
3890.6704112406524 1162.5688989249059 3931.1444894796437 546.2998041057538 3413.489951254863 512.3023337522766 3373.0158730158732 1128.5714285714287 box 0
2933.333333333333 1895.2380952380952 2987.3888872589337 1171.0765237099076 2342.438974913199 1122.9337802437706 2288.3834209875986 1847.0953517719577 box 0
3347.6190476190477 1158.7301587301588 3391.494196323426 533.1372292953434 2874.0945247101577 496.85007440032626 2830.2193760057785 1122.4430038351416 box 0
2820.6349206349205 1080.952380952381 2865.509851453763 460.01142379084996 2338.8176527283103 421.94777907868394 2293.9427219094673 1042.888736240215 box 0
3634.1041846135176 1947.3220758192879 3687.7412078156963 1221.4026651373863 3047.287816852973 1174.0805893180984 2993.6507936507937 1900.0 box 0
688.6475904979602 863.6680343377136 757.7083430531364 151.8933390422019 120.05790676690191 90.02457735662233 50.99715421172544 801.799272652134 box 0
2280.9523809523807 1030.1587301587301 2336.099517073198 411.11942229792083 1808.7967852417926 364.1446419246463 1753.6496491209753 983.1839497854555 box 0
950.2977045571095 1638.6808937706342 1018.6542926865914 924.8967943477795 393.35475496895265 865.0140609107625 324.99816683947085 1578.7981603336173 box 0
1737.985552034671 1007.5684915973038 1802.9045913891441 397.0345435623594 1281.1528100869107 341.5558522747664 1216.2337707324377 952.0898003097109 box 0
1209.3442681247013 909.3201093955602 1278.394556089246 287.53264287535495 761.2481053417905 230.1028726295863 692.1978173772458 851.8903391497915 box 0
3965.096508293482 2972.232031402945 4019.2453449698887 2071.634205297618 3490.247178382543 2039.827960052134 3436.0983417061366 2940.4257861574606 box 0
840.8681498024006 2424.0867425421297 1715.7439467864406 2298.557516696934 1646.031746031746 1812.6984126984128 771.1559490477058 1938.2276385436094 box 0
