2280.5555555555557 2654.1111111111113 2667.186702350026 2112.8675720745846 2303.995467213873 1853.426057084205 1917.3643204194025 2394.6695961207315 box 0
2697.222222222222 2101.3333333333335 3085.4088805451934 1556.3464885649273 2711.553269120298 1290.0542617204553 2323.3666107973263 1835.041106488861 box 0
1166.8034947395026 1009.2058671366673 1566.923076923077 459.1538461538463 1206.1813691084794 196.7426270312208 806.0617869249047 746.7946480140417 box 0
2304.788973237004 1814.9938764039637 2693.0555555555557 1273.5555555555557 2331.6808515552484 1014.4129794654128 1943.4142692366966 1555.8513003138212 box 0
1902.757750903764 2383.7155227654835 2298.149890310544 1836.2749018472139 1930.5555555555557 1570.777777777778 1535.1634161487757 2118.2183986960476 box 0
767.1543251805894 1564.2354824394345 1156.8333715047827 1019.453085784841 796.1538461538461 761.4615384615386 406.4747998296526 1306.2439351161318 box 0
1520.9072822494506 2111.3513408755707 1917.3661094555935 1559.9972292319035 1546.0585297163614 1293.0033599791311 1149.5997025102188 1844.3574716227974 box 0
1944.6447304751607 1531.0767266013677 2316.666666666667 999.9444444444445 1952.617587496437 744.9528955375572 1580.5956513049312 1276.0851776944808 box 0
1556.8194478194557 1267.6357904273386 1939.4957332883166 728.9933871586582 1573.8247120746307 469.20391040656887 1191.1484266057698 1007.846313675249 box 0
1142.7350427350427 1839.6025641025644 1524.847355375749 1303.6883756360887 1159.2307692307693 1043.0 777.1184565900629 1578.9141884664748 box 0
