2772.9463769740687 3035.2027440356833 2767.033096978109 2432.857526827066 2310.062670016962 2437.343648750665 2315.9759500129217 3039.688865959283 box 0
3234.151898734177 2414.518987341772 3225.530523580015 1741.4495127766857 2768.597168051201 1747.302391309038 2777.2185432053625 2420.3718658741245 box 0
2764.53164556962 2422.746835443038 2754.5785813518514 1742.0077254333328 2303.3601952425697 1748.6049746689755 2313.313259460339 2429.3440846786807 box 0
3239.9271052188396 3032.1403065015083 3230.987341772152 2428.4430379746836 2775.580884643254 2435.186858447421 2784.520648089942 3038.884126974246 box 0
2307.5696202531644 3034.772151898734 2299.611746800119 2444.6752260022927 1844.668322162283 2450.8104591185524 1852.6261956153292 3040.9073850149944 box 0
1829.0886075949368 2440.4683544303793 1823.8705535733743 1760.0535685238767 1369.2180230406684 1763.5402673941824 1374.4360770622304 2443.9550533006854 box 0
1371.3545696479525 3033.2026961383976 1368.132215940455 2489.419629000523 916.2451664104249 2492.0974246095097 919.4675201179225 3035.8804917473844 box 0
1834.6061651683092 3043.2628408329906 1834.1518987341772 2491.1012658227846 1384.3305436924504 2491.471336382199 1384.7848101265822 3043.632911392405 box 0
1367.0632911392404 2450.5949367088606 1361.3724924867536 1780.0051455090695 910.3084223856323 1783.8329920346239 915.999221038119 2454.4227832344154 box 0
2301.240506329114 2431.6075949367087 2295.236706684131 1756.0013577776551 1841.6663575769644 1760.0320273469524 1847.6701572219472 2435.6382645060057 box 0
