28.50459462759693 935.8458604349951 937.0091100933088 886.5480518622064 928.2592799985628 725.2982847676418 19.754764532850913 774.5960933404301 box 0
-6.217327145461354 1138.6690903751119 941.3720204943824 1070.0587095470773 926.666130665664 866.9532263668312 -20.923216974179695 935.563607194866 box 0
-9.349037367340202 1650.2143945656474 932.6951638889276 1563.9100686772947 912.8388792099915 1347.171247676784 -29.20532204627625 1433.4755735651368 box 0
23.73417503588763 689.5553080897103 963.4257009326816 645.661042648913 949.7195505881969 352.2388107915154 10.02802469140289 396.1330762323125 box 0
28.524078449946387 2121.8150783982774 1003.0813197510644 2066.31172635868 987.7323483612718 1796.8063602003556 13.175107060153834 1852.3097122399524 box 0
-42.61724143462567 530.4115682941078 921.5812766019371 500.6542941022458 914.2743119760075 263.89321114009624 -49.924206060555264 293.6504853319583 box 0
2.9826617620780667 2608.773841799754 1022.7653710556762 2535.390997183468 1001.5841919519112 2241.0415436372573 -18.19851734168691 2314.4243882535434 box 0
1.0323722505222577 1401.064444601398 921.0945780118043 1344.3965952903477 910.3325786924709 1169.6642037750667 -9.729627068811169 1226.332053086117 box 0
-13.723423723415976 1318.8780465636762 930.3846396855113 1260.260101169895 919.3305573980375 1082.2216497864213 -24.777506010889738 1140.8395951802024 box 0
-7.919394245580292 2381.6442507838206 953.6370561496034 2339.5198907135914 945.922752705053 2163.4284741307297 -15.633697690130703 2205.552834200959 box 0
33.05883877674984 1721.93056005704 929.3335672606918 1717.937374930976 928.6964873035724 1574.944088227872 32.421758819630384 1578.937273353936 box 0
29.812600921977207 756.7303104122016 958.855112324221 729.7425026562187 952.7531835323684 519.6864914219047 23.710672130124806 546.6742991778876 box 0
17.529924436473664 1874.351507945811 933.7950760655228 1843.4178775819314 928.5539498845103 1688.1738529245501 12.288798255461018 1719.1074832884296 box 0
49.374018203359924 754.6654640576311 895.043414480039 768.7143923193607 897.50327690925 620.6439960101178 51.83388063257087 606.595067748388 box 0
1225.93307585854 284.92670730298516 1225.3214391534532 -6.933305495729314 -9.25683016914767 -4.3460604066228825 -8.645193464061057 287.5139523920916 box 0
