1067.853186196535 695.23727956868 1283.1362712739285 683.0688769311029 1244.6203523929423 1.6461718931119895 1029.3372673155488 13.814574530689207 box 0
2191.5616938409903 633.1019958889473 2416.141662305614 621.9981913773616 2385.0417843999767 -7.01230606198194 2160.461815935353 4.091498449603728 box 0
843.704232472448 705.2805089449054 1063.1997709907782 691.9335430108753 1020.8100673017217 -5.180009601033452 801.3145287833916 8.16695633299671 box 0
1967.3301311835337 642.1628293677984 2189.882919843695 630.5582001987907 2156.7276179924916 -5.291922919434006 1934.1748293323299 6.312706249573585 box 0
1293.5235301926555 689.3065231063493 1512.3411220302578 677.2364544391202 1474.8868198439654 -1.770470402491896 1256.0692280063631 10.299598264737227 box 0
618.6262419164244 723.5554403889289 835.7509515563453 710.8306148864274 793.8903359949526 -3.4403978932013164 576.7656263550317 9.284427609300133 box 0
1741.8876166417504 654.9974087983694 1968.4094652047938 642.8449756555513 1933.7755196497533 -2.7331795960989904 1707.2536710867098 9.419253546719188 box 0
1517.7605391364173 669.4864223198047 1737.0875896373805 657.6164519397439 1700.9831719536705 -9.50193059006834 1481.6561214527073 2.3680397899923813 box 0
2642.5597509642 632.2150632690461 2862.3695763639676 623.2050854661532 2836.672223065341 -3.714410383609125 2616.862397665573 5.295567419283903 box 0
2417.701726089186 635.4158624554465 2633.500293651058 627.0715318829144 2608.9634121554427 -7.493917455751715 2393.1648445935707 0.8504131167804179 box 0
