834.5490196078432 1447.7124183006536 1471.8039215686274 1418.3006535947711 1480.3006535947711 1728.1045751633987 841.0849673202615 1756.2091503267973 box 0
1492.718954248366 1420.2614379084966 2129.320261437909 1422.875816993464 2145.0065359477126 1726.1437908496732 1503.1764705882354 1732.0261437908496 box 0
846.3137254901961 1759.4771241830065 1484.875816993464 1739.2156862745098 1498.6013071895425 2043.7908496732025 854.81045751634 2064.705882352941 box 0
1512.9803921568628 1743.7908496732025 2142.392156862745 1732.0261437908496 2160.039215686275 2034.6405228758167 1518.862745098039 2052.9411764705883 box 0
1520.8235294117646 2060.78431372549 2162.0 2040.5228758169935 2169.1895424836603 2349.0196078431372 1524.7450980392157 2367.97385620915 box 0
861.3464052287583 2071.2418300653594 1497.9477124183006 2052.9411764705883 1505.1372549019607 2358.169934640523 865.2679738562092 2370.5882352941176 box 0
1534.549019607843 2377.124183006536 2172.4575163398695 2356.2091503267975 2178.339869281046 2659.4771241830067 1537.1633986928105 2678.4313725490197 box 0
874.4183006535949 2377.124183006536 1514.9411764705883 2368.627450980392 1516.9019607843138 2677.124183006536 876.3790849673204 2673.856209150327 box 0
901.21568627451 2687.581699346405 1538.4705882352941 2691.503267973856 1536.5098039215686 3001.3071895424837 905.7908496732027 2996.732026143791 box 0
1548.9281045751634 2698.0392156862745 2187.4901960784314 2669.281045751634 2194.6797385620916 2978.4313725490197 1556.1176470588234 3000.653594771242 box 0
