1186.111111111111 858.2777777777778 1181.295262646943 678.5434607921468 -7.616900963630883 710.3994853576316 -2.801052499462662 890.1338023432626 box 0
1189.5779874303882 1046.4462888899966 1184.7222222222222 865.2222222222223 -8.267928818739826 897.1875134532659 -3.4121636105737476 1078.4115801210405 box 0
1192.3031731092906 1230.594588039604 1187.5 1051.3333333333335 -22.887921136350663 1083.7647849827044 -18.08474802706025 1263.0260396889753 box 0
1202.0386568055696 1420.7778826420385 1199.0283065232695 1241.4775599932432 -11.623404832629717 1261.8037126024926 -8.61305455032982 1441.1040352512882 box 0
1194.483101250014 1607.6667715309272 1191.4727509677139 1428.366448882132 -19.178960388185374 1448.6926014913815 -16.168610105885477 1627.9929241401771 box 0
1194.4444444444446 1799.9444444444446 1191.273156080971 1611.058443328068 -21.178960388185374 1631.4148237136037 -18.0076720247117 1820.3008248299802 box 0
1201.388888888889 1986.0555555555557 1198.347826279801 1804.9259673442994 -12.067849277074288 1825.2481570469374 -9.026786667986451 2006.3777452581935 box 0
1200.7777777777776 2165.9999999999995 1197.7367151686897 1984.870411788744 -12.678960388185601 2005.1926014913813 -9.637897779097763 2186.3221897026374 box 0
1207.111111111111 2352.8888888888887 1204.0700485020232 2171.759300677633 -6.345627054852116 2192.08149038027 -3.304564445764278 2373.2110785915265 box 0
1202.333333333333 2538.3888888888887 1199.292270724245 2357.259300677633 -11.123404832630172 2377.58149038027 -8.082342223542334 2558.7110785915265 box 0
