3190.238734942541 1401.86960490105 4027.693946067762 1371.6174461085416 4019.5581537903686 1146.3984233582273 3182.102942665147 1176.6505821507358 box 0
3178.170847944835 719.7062166041292 4028.4044062446683 684.1315443091373 4019.118582291981 462.2006414586148 3168.885023992148 497.7753137536067 box 0
3193.0255315668423 1625.823414176758 4039.1940786567106 1601.9911847545363 4032.9582925908726 1380.588229042236 3186.789745501004 1404.4204584644576 box 0
3179.133615342016 1176.759342026784 4028.332116529993 1144.2250123800877 4019.666288527613 918.0329183339337 3170.467787339636 950.56724798063 box 0
3199.268025472556 955.9625815597506 4043.2834956607576 922.0237802747937 4034.0977780552757 693.586491087344 3190.082307867074 727.5252923723008 box 0
3213.1410833112236 1862.3878724805008 4028.724398196518 1842.156367919687 4022.99598627355 1611.229539362823 3207.4126713882556 1631.461043923637 box 0
4021.4605760938884 2530.5181954188615 4024.5362234263916 2303.7075749310593 3197.2310681932204 2292.488969345543 3194.1554208607176 2519.299589833345 box 0
3991.5017955344733 2743.842586626217 3991.126990269246 2523.3302323964936 3221.253104062694 2524.638788495853 3221.6279093279213 2745.1511427255764 box 0
3217.2457915707964 2080.2641680598936 4016.252008211378 2061.7773675873586 4010.912408502446 1830.9979329227722 3211.9061918618645 1849.4847333953069 box 0
4010.9788858137654 2302.982027414198 4010.622007861668 2086.8499412813358 3186.4525350846716 2088.2108123990342 3186.809413036769 2304.3428985318965 box 0
