2303.4414414414414 2532.4144144144143 3117.846659460606 2504.4353223557305 3110.9419947263423 2303.456856847874 2296.536776707178 2331.4359489065578 box 0
2289.027027027027 2317.099099099099 3109.182591265015 2280.778156005157 3100.4187036550034 2082.882656179685 2280.263139417015 2119.2035992736264 box 0
3126.1139088343953 2284.4174336802307 3952.9909909909907 2258.5405405405404 3946.7935648056055 2060.506346350817 3119.91648264901 2086.3832394905075 box 0
2288.954375145654 2094.479220421531 3100.039812422236 2057.213143089633 3090.8288288288286 1856.7387387387391 2279.743391552246 1894.004816070637 box 0
3142.5881651234668 2947.8491621951994 3963.7622147855727 2912.9543672640925 3955.1354914596327 2709.9429627591207 3133.961441797526 2744.837757690227 box 0
2307.945945945946 2750.4324324324325 3129.7394406694957 2730.1631586484173 3124.600914191793 2521.827740377464 2302.8074194682426 2542.097014161479 box 0
3136.3515714033215 2503.473071707815 3965.6036036036035 2474.7567567567567 3958.610973679373 2272.8279025505176 3129.358941479091 2301.544217501576 box 0
3147.6524423689634 2725.320273025974 3969.8795963719526 2683.5758786751694 3959.9028296786637 2487.066416460006 3137.6756756756754 2528.810810810811 box 0
2308.846846846847 2965.747747747748 3127.628450778025 2959.066607847654 3125.9814061713923 2757.2193415232714 2307.199802240214 2763.900481423366 box 0
926.3248247143305 1780.2748732018094 1528.5584415584415 1223.3766233766235 1384.7559984033098 1067.8676673338998 782.5223815591986 1624.7659171590856 box 0
616.5544595339403 1457.7607640363992 1225.4835615187653 910.5124782624562 1087.6493506493507 757.1428571428571 478.7202486645256 1304.3911429168002 box 0
773.9744986826054 1617.1579464218457 1376.6585045457311 1057.5522351764705 1237.0 907.1428571428571 634.3159941368743 1466.7485683882323 box 0
1074.986857276122 1941.9988022367866 1673.3636363636363 1380.5194805194806 1534.770825630199 1232.819081798272 936.3940465426845 1794.2984035155775 box 0
1218.791177260476 2102.31865178638 1819.4675324675325 1538.9610389610389 1681.3606657025425 1391.7054991957843 1080.684310495486 1955.0631120211256 box 0
163.62337662337663 2186.3636363636365 767.5831620105639 1621.2757583090333 626.3192012406233 1470.2943716205132 22.359415853436072 2035.3822496751166 box 0
3934.566139493218 2040.4638341195716 3930.6052089284512 1847.9402061047024 3108.846846846847 1864.846846846847 3112.807777411614 2057.3704748617165 box 0
312.3246753246753 2342.8571428571427 917.017252058141 1784.6412715922675 776.7034767786315 1632.645058849855 172.01090004516578 2190.8609301147303 box 0
458.4285714285714 2505.194805194805 1069.9667015446526 1957.2431319641503 929.3616699551461 1800.3217421704107 317.8235398390651 2348.2734154010664 box 0
607.7792207792209 2661.688311688312 1215.2493951091728 2109.810240148304 1079.569139910292 1960.4625625919193 472.09896558034023 2512.340634131928 box 0
0.6363636363636481 1755.8441558441557 12.974025974025986 2030.5194805194803 599.3376623376623 1464.2857142857142 466.87012987012986 1310.3896103896104 box 0
