2409.673928406876 537.4110398498935 2462.1891038016893 2.3513448489957796 2244.8228677025063 -18.982771923974703 2192.3076923076924 516.0769230769231 box 0
3065.3846153846152 584.5384615384617 3115.2452521949294 -1.0904007120217394 2901.014373882579 -19.33008920011747 2851.1537370722644 566.298773050366 box 0
2628.4615384615386 556.0769230769232 2678.6100315343633 2.2243904127342993 2462.6050644987004 -17.333746373202473 2412.4565714258756 536.5187862909864 box 0
3503.076923076923 627.6153846153846 3552.9367982494077 -0.08797654147532084 3334.473047246659 -17.44103855891433 3284.6131720741732 610.2623225979455 box 0
3285.3846153846152 606.8461538461539 3335.156527636437 0.5604012410386117 3119.8961890078604 -17.110999809510474 3070.124276756039 589.1747527956048 box 0
2850.0 564.5384615384617 2898.516760926663 -0.053470574954701686 2680.64172599844 -18.776003399560295 2632.124965071777 545.8159287138561 box 0
2191.5384615384614 513.7692307692308 2246.520651096562 -8.978911714240404 2033.3331175061937 -31.401788871876875 1978.3509279480932 491.34635361159434 box 0
3726.9230769230767 658.3846153846155 3786.6449218259595 -3.4291164929626983 3561.6937188290967 -23.728636144786208 3501.9718739262144 638.0850957327921 box 0
1974.6153846153845 503.00000000000006 2028.6358570104817 -28.864319511313816 1811.207968709298 -50.94806682621231 1757.187496314201 480.91625268510154 box 0
1753.1427784959606 477.54156316795 1802.1330360724587 1.8690813570476053 1583.1224348101728 -20.68716517412861 1534.1321772336746 454.98531663677386 box 0
