2643.958980567198 1686.5162544459918 2671.0147092784755 1108.457290403057 2158.360076537364 1084.4627750875 2131.3043478260865 1662.5217391304348 box 0
3644.4133850534704 1740.6647666075226 3689.5328053343983 1230.0713871955356 3267.7281159331014 1192.7979249358393 3222.6086956521735 1703.391304347826 box 0
2096.5217391304345 1709.4782608695652 2107.7521751181566 1133.8642794279308 1612.0064543466794 1124.192101956898 1600.776018358957 1699.8060833985326 box 0
3190.4347826086955 1731.2173913043478 3228.955279490406 1152.7408528153626 2718.604791576876 1118.756839514489 2680.0842946951648 1697.233378003474 box 0
1692.1739130434783 2421.6521739130435 1686.6771495735977 1718.064302492475 1278.8851344047728 1721.250167888027 1284.3818978746533 2424.838039308596 box 0
2600.7801383986384 2416.14971905778 2590.790378465234 1705.4711339604216 2178.7998706872427 1711.26234021575 2188.789630620647 2421.9409253131084 box 0
2140.0965489771784 2431.819594328978 2139.643333235848 1724.1201810826153 1722.155479910843 1724.3875432753764 1722.6086956521738 2432.086956521739 box 0
3056.5217391304345 2467.7391304347825 3040.7319889209193 1757.212812941394 2614.6465907206407 1766.6815431486564 2630.436340930156 2477.207860642044 box 0
3535.8032228332736 2468.9555998070373 3958.2608695652175 2452.086956521739 3930.078311683078 1746.2840724124026 3507.6206649511355 1763.1527156977008 box 0
3072.1294862608356 2494.5385211959783 3492.2110911515 2487.8081933826675 3480.8695652173915 1779.9130434782608 3060.7879603267274 1786.6433712915716 box 0
