2421.6683916470647 3043.9388776543055 2417.0454545454545 1885.0454545454545 2223.4033531830155 1885.8179114746004 2228.0262902846252 3044.711334583452 box 0
2606.400919885363 3088.7292891194957 2607.9545454545455 1873.681818181818 2425.904872799295 1873.4490396006815 2424.3512472301118 3088.496510538358 box 0
2220.2493545318407 3099.0707550409816 2220.4545454545455 1882.7727272727273 2039.5802287475708 1882.742213560552 2039.375037824866 3099.0402413288057 box 0
2037.1608571695117 3090.5035793593474 2032.9545454545455 1879.3636363636363 1848.5044979677625 1880.0042348345698 1852.7108096827287 3091.1441778302806 box 0
2802.636477737693 3041.534494302445 2796.590909090909 1854.363636363636 2610.831060146025 1855.3096029118403 2616.8766287928083 3042.4804608506493 box 0
1853.6869535249887 3057.440394285643 1838.6363636363637 1874.8181818181818 1647.6380415596009 1877.248913614598 1662.6886314482258 3059.87112608206 box 0
1657.9614552080234 3108.3174060239826 1647.7272727272727 1879.3636363636363 1464.2248439220032 1880.8917632862406 1474.4590264027536 3109.845532946587 box 0
1274.3630126676237 3041.516703930979 1265.9567575172941 1875.746715132629 1079.5454545454545 1877.090909090909 1087.9517096957838 3042.860897889258 box 0
1472.4797808671317 3044.834156121696 1456.818181818182 1881.6363636363635 1267.1934309412075 1884.1895208355763 1282.8550299901572 3047.387313320908 box 0
1078.6895964604998 3044.5628047493224 1076.1363636363637 1838.4545454545455 900.0765684141261 1838.827249682966 902.6298012382621 3044.9355089777423 box 0
