1354.056074766355 1414.7289719626167 1366.3057064231868 734.4592080515215 924.129867944607 726.4969386162727 911.8802362877753 1406.7667025273681 box 0
1810.5243872147087 2118.652690822867 1822.6569682696354 1444.0302409583223 1373.124853924251 1435.9457415243307 1360.9922728693246 2110.5681913888757 box 0
1343.0409155556624 2112.4629023252423 1353.9626202671943 1427.3229321491785 909.8375925619994 1420.2432073940302 898.9158878504674 2105.3831775700937 box 0
2286.0577849192723 1426.9935771644734 2296.11214953271 753.9813084112149 1851.2765616514512 747.3357546802605 1841.222197038013 1420.348023433519 box 0
1827.3667941242356 1425.7759490889005 1833.4953271028037 748.3738317757009 1382.8222450853746 744.2965418247164 1376.6937121068065 1421.6986591379157 box 0
3217.607476635514 1437.1588785046727 3227.1955798867766 759.7964889136965 2781.9526579804374 753.4940499641268 2772.364554729175 1430.856439555103 box 0
2277.4205607476633 2122.2056074766356 2291.395832812771 1445.8932496326784 1836.6623435938802 1436.4966680749951 1822.687071528772 2112.8090259189526 box 0
3200.785046728972 2131.551401869159 3211.2055330778817 1452.6134568948046 2773.803027448883 1445.9001086829023 2763.382541099972 2124.8380536572563 box 0
2759.663551401869 1412.859813084112 2768.2736810314423 755.7420338125845 2314.097450821256 749.7910211628948 2305.487321191682 1406.9088004344221 box 0
2745.2442277639543 2127.2109673023524 2755.4676130836583 1449.5838678705834 2303.588785046729 1442.7663551401868 2293.365399727025 2120.3934545719558 box 0
