3083.266932270916 91.63346613545816 3804.7808764940237 148.20717131474103 3789.6414342629478 409.16334661354585 3065.7370517928284 352.9880478087649 box 0
3069.721115537848 372.9083665338645 3790.8366533864537 423.1075697211155 3774.5019920318723 684.4621513944222 3050.1992031872505 630.6772908366534 box 0
3051.394422310757 647.808764940239 3776.09561752988 695.6175298804781 3756.5737051792826 959.3625498007967 3031.8725099601593 911.5537848605577 box 0
3034.262948207171 923.1075697211154 3754.1832669322707 967.7290836653384 3739.8406374501988 1235.0597609561753 3017.5298804780873 1190.0398406374502 box 0
3013.9442231075695 1198.00796812749 3735.458167330677 1243.027888446215 3716.3346613545814 1511.1553784860557 2998.0079681274897 1464.5418326693225 box 0
2990.8366533864537 1469.7211155378484 3716.7330677290834 1517.1314741035856 3695.617529880478 1782.4701195219122 2978.486055776892 1732.2709163346613 box 0
2978.486055776892 1743.027888446215 3695.617529880478 1789.6414342629478 3680.876494023904 2054.9800796812747 2962.1513944223107 2006.3745019920316 box 0
2960.1593625498003 2015.9362549800796 3682.868525896414 2064.1434262948205 3663.7450199203186 2325.896414342629 2947.4103585657367 2279.6812749003984 box 0
2939.043824701195 2286.852589641434 3654.5816733067727 2334.661354581673 3639.8406374501988 2599.2031872509956 2924.7011952191233 2551.394422310757 box 0
2918.3266932270913 2556.5737051792826 3641.4342629482067 2607.9681274900395 3617.5298804780873 2871.7131474103585 2903.187250996016 2817.9282868525893 box 0
