639.1276595744682 1028.6382978723404 350.8297872340427 1028.6382978723404 350.8297872340427 -0.08510638297864599 639.1276595744682 -0.08510638297864599 box 0
944.4468085106384 1026.5106382978724 648.7021276595746 1026.5106382978724 648.7021276595746 -0.08510638297864599 944.4468085106384 -0.08510638297864599 box 0
1249.7659574468087 1021.1914893617021 949.7659574468086 1021.1914893617021 949.7659574468086 0.9787234042553965 1249.7659574468087 0.9787234042553965 box 0
1557.2636923501555 1011.155583721284 1257.2786922251557 1014.1555337215339 1247.1618395647383 2.503990746801321 1547.1468396897378 -0.49595925344868874 box 0
1863.2355052615328 1001.8364785030763 1565.4227373182966 1007.7935281564093 1545.445345802297 9.057138518200475 1843.2581137455331 3.1000888648672458 box 0
2171.800873822227 1004.7621530459727 1869.6883205048512 1007.7833792873594 1859.6459346884117 3.5782724859423074 2161.758488005787 0.5570462445557496 box 0
2477.072204406886 993.0709028666741 2177.0872042818864 996.070852866924 2167.140561550561 1.4397354311984714 2467.1255616755607 -1.5602145690515383 box 0
2780.2318325979295 986.6987218369762 2482.374385665306 989.6773955960897 2472.49157165739 1.4289377374918786 2770.3490185900137 -1.549736021621584 box 0
3086.9019395137066 980.2946264455737 2784.789386196331 983.3158526869604 2774.970400911825 1.450054405490107 3077.0829542292004 -1.5711718358964504 box 0
3389.1276595744685 971.1914893617021 3087.0 971.1914893617021 3087.0 4.170212765957524 3389.1276595744685 4.170212765957524 box 0
