1088.7825715626093 1610.2538292552395 1227.7777777777778 1466.6111111111113 379.83571492246347 646.1039290705182 240.840508707295 789.7466472146465 box 0
1370.669388395983 1334.4191066915703 1498.611111111111 1201.3333333333335 643.6198879990551 379.3893551680649 515.6781652839273 512.4751285263019 box 0
1506.3769629745561 1201.3895704732638 1631.9444444444446 1070.777777777778 774.9091157063757 246.84170325150976 649.3416342364872 377.4534959469956 box 0
1235.6078627811921 1467.2282064505107 1366.6666666666667 1330.5000000000002 506.50478231235473 506.0045236247122 375.4459784268798 642.7327300752224 box 0
813.8643842898185 1891.1660868764593 952.7777777777778 1749.9444444444446 105.9205274232341 916.9289631008904 -32.992866064725206 1058.1506055329053 box 0
962.1308839860907 1754.9387660685686 1093.0555555555557 1620.777777777778 239.69021481631754 787.9978587532936 108.76554324685252 922.1588470440842 box 0
1774.2618894529546 933.9324110088435 1901.388888888889 799.9444444444445 1034.4632554574232 -22.58952885283896 907.3362560214889 111.39843771156018 box 0
1632.656588446292 1071.895559176286 1765.9457469393192 932.4881899238677 904.5465148156488 108.893430249338 771.2573563226215 248.30079950175627 box 0
723.6111111111111 2033.277777777778 836.1264000008172 1919.5408658087376 -89.86454097167251 1003.495789245283 -202.37982986137854 1117.2327012143235 box 0
1937.5396672307324 826.3768554532879 2064.666666666666 692.3888888888889 1197.741033235201 -130.1450844083945 1070.6140337992667 3.8428821560046345 box 0
