445.3333333333333 988.0000000000001 630.6666666666666 860.0 1318.6666666666667 1864.0 1145.3333333333333 1990.666666666667 box 0
645.3333333333334 854.6666666666666 825.3333333333334 730.6666666666666 1513.3333333333333 1734.6666666666667 1336.0 1860.0 box 0
839.1304347826086 721.7391304347826 1022.8260869565216 597.8260869565217 1707.6086956521738 1594.5652173913045 1534.782608695652 1717.391304347826 box 0
1029.3478260869565 593.4782608695652 1217.391304347826 460.8695652173913 1906.8497854077252 1459.6309012875536 1715.2173913043478 1586.9565217391303 box 0
1221.7391304347825 451.0869565217391 1407.6086956521738 320.65217391304344 2106.9148936170213 1327.5744680851064 1916.3043478260868 1461.9565217391303 box 0
1421.7391304347825 318.4782608695652 1602.1739130434783 191.30434782608694 2294.565217391304 1193.4782608695652 2128.2608695652175 1313.0434782608695 box 0
1611.9565217391303 186.95652173913044 1797.8260869565217 61.95652173913043 2488.0434782608695 1061.9565217391305 2309.782608695652 1183.695652173913 box 0
1806.7115384615383 51.25641025641024 2049.9807692307695 3.179487179487179 2687.4807692307695 933.9487179487178 2510.5576923076924 1054.1410256410259 box 0
2054.7884615384614 0.9615384615384615 2328.826923076923 0.9615384615384615 2879.7884615384614 789.4230769230769 2703.826923076923 923.0769230769232 box 0
2340.3653846153843 1.923076923076923 2617.2884615384614 1.923076923076923 3075.9423076923076 669.2307692307692 2901.9038461538457 795.1923076923076 box 0
