961.2753623188403 1499.8840579710145 0.0 1515.0 0.0 1226.0 946.2995169082122 1206.6473429951689 box 0
918.2801932367146 283.45893719806753 0.40579710144890635 314.3768115942028 1.3719806763281335 4.714975845410514 902.821256038647 0.8502415458936058 box 0
919.2463768115939 291.671497584541 0.8888888888885199 318.7246376811593 0.40579710144890635 605.1980676328502 931.8067632850239 588.7729468599033 box 0
939.5362318840577 893.1207729468599 1.855072463767747 921.1400966183575 1.855072463767747 610.0289855072463 930.357487922705 595.5362318840579 box 0
938.5700483091784 898.9178743961352 0.40579710144890635 925.0048309178745 1.3719806763281335 1222.589371980676 950.6473429951687 1201.816425120773 box 0
969.0048309178741 1811.4782608695655 0.8888888888885199 1834.183574879227 0.8888888888885199 1517.7584541062802 962.2415458937195 1503.2657004830917 box 0
969.9710144927533 1823.5555555555557 0.40579710144890635 1837.0821256038646 0.8888888888885199 2135.632850241546 979.6328502415456 2117.75845410628 box 0
982.5314009661832 2129.352657004831 1.3719806763281335 2139.980676328503 1.855072463767747 2442.8792270531403 990.7439613526567 2419.207729468599 box 0
992.6763285024151 2429.352657004831 0.40579710144890635 2447.227053140097 2.3381642512073606 2750.1256038647343 1000.4057971014489 2725.4879227053143 box 0
999.9227053140094 2736.1159420289855 0.40579710144890635 2753.0241545893723 1.855072463767747 3034.666666666667 1008.6183574879223 3029.835748792271 box 0
