2042.307692307692 2733.769230769231 2265.0930331924415 2348.9415933656846 1681.4940317863654 2011.0830566309382 1458.7086909016166 2395.910694034485 box 0
2278.052924354855 2335.087644805593 2507.2050050174757 1945.4408491465733 1922.3076923076922 1601.4615384615383 1693.155611645072 1991.108334120558 box 0
2985.100624944223 1130.2408640682988 3210.8037697427394 744.050641860328 2624.6153846153843 401.4615384615386 2398.9122398168674 787.6517606695095 box 0
2511.5934600229475 1931.2048008631639 2738.0134452169746 1542.5592413081379 2153.846153846154 1202.2307692307693 1927.4261686521272 1590.8763287857953 box 0
2385.8050784893503 774.9089698003594 2610.7692307692305 397.6153846153847 2025.7333830491114 48.783337891948705 1800.7692307692307 426.07692307692315 box 0
1683.076923076923 1983.0 1908.2439605210268 1592.0187697639822 1322.7066726520588 1254.8064275169568 1097.539635207955 1645.7876577529748 box 0
1448.4615384615383 2385.3076923076924 1672.9539863559169 1999.8313242799122 1089.3111384889291 1659.9313395310053 864.8186905945505 2045.4077075587854 box 0
2746.1399118967315 1535.1535531900793 2976.153846153846 1146.076923076923 2391.9525523853986 800.7093847112887 2161.9386181282835 1189.786014824445 box 0
1918.6579856201326 1575.2383955457726 2145.490357586137 1179.9053586874875 1566.3575710674424 847.6132115568415 1339.5251991014366 1242.9462484151268 box 0
2147.2564855553146 1167.3321656709227 2373.431122837389 788.0084426988282 1800.3284834359215 446.2916616432906 1574.1538461538462 825.6153846153848 box 0
