1281.230769230769 910.3076923076924 1281.4530590812944 28.356483184088674 1027.4424827388732 28.292461532479308 1027.220192888348 910.2436706560828 box 0
1820.158215087355 888.6711929444193 2081.373943111049 884.5288576954014 2067.293970734178 -3.354428875815815 1806.0782427104841 0.787906373202135 box 0
1551.6939259772191 884.2095902814257 1806.7937929201669 883.5535591470858 1804.5113283867943 -3.990290965019401 1549.4114614438465 -3.334259830679596 box 0
2338.9842468044108 892.2001850647729 2604.3076923076924 892.3589743589743 2604.840741965403 1.6781981799312364 2339.5172964621215 1.5194088857299126 box 0
1024.8205128205127 923.1282051282051 1024.5646031948706 -30.901719534604624 763.4042170380013 -30.831665697794907 763.6601266636434 923.1982589650148 box 0
2094.85061020444 895.3029914273179 2350.6322112302764 889.2723048488622 2329.324357752103 -14.465073336497536 2073.5427567262664 -8.4343867580418 box 0
1293.6221451066572 901.1704816533262 1553.5492528430996 897.0108620292183 1538.8478675581378 -21.652117319219894 1278.9207598216954 -17.492497695111968 box 0
2865.846153846154 884.6666666666666 2866.4934331385402 -9.92435332000884 2618.1427044861916 -10.104046923358624 2617.495425193805 884.486973063317 box 0
3124.081150640569 881.906432075662 3128.813401802242 5.057981523727506 2873.754445825495 3.681457404928721 2869.022194663822 880.5299079568634 box 0
758.1538461538463 912.8717948717947 759.7650584274992 19.832472947115946 498.93391391061823 19.361884103960904 497.32270163696546 912.4012060286399 box 0
