3514.8921661683407 2097.8976918299195 3518.77598002396 1875.3589153528214 2315.590933959833 1854.3605669896608 2311.7071201042136 2076.8993434667586 box 0
3485.5253219744695 2808.213550466767 3489.9825141100123 2587.738419803974 2272.711394486712 2563.129697519072 2268.254202351169 2783.6048281818653 box 0
3548.256365543702 1390.1732136238315 3552.0228824611445 1170.9437071889834 2345.093291896483 1150.2078090202112 2341.3267749790407 1369.4373154550594 box 0
3507.074595641403 2333.0236747779004 3510.746308556276 2107.0900486386204 2324.9370147711943 2087.819117733086 2321.2653018563215 2313.752743872366 box 0
3566.372709357921 920.7367893331259 3569.524064570319 689.6644221208846 2357.0762820361215 673.1291103250771 2353.9249268237236 904.2014775373184 box 0
3533.241919254965 1630.8332195442867 3538.219555907671 1406.2260669049501 2345.484618830972 1379.7932437735844 2340.5069821782663 1604.4003964129213 box 0
3519.205689872942 1859.913893018581 3522.9911238073105 1637.1584375174907 2333.1869531019115 1616.9392914906964 2329.401519167543 1839.6947469917861 box 0
3536.8319566512077 1160.0147495884528 3539.8143120774416 938.6084090836894 2344.7755230506896 922.5111717196245 2341.7931676244557 1143.917512224388 box 0
3505.242080420568 2561.83631015086 3507.575133756151 2346.6614147012983 2275.886217003748 2333.3067158195986 2273.553163668165 2548.48161126916 box 0
3474.936414924277 3041.8409836569185 3477.2566425774817 2814.989451962274 2254.573671898233 2802.483903428042 2252.2534442450283 3029.335435122687 box 0
