1034.3576969961377 1274.4358605575767 1292.6155351864786 1268.7981719892177 1266.3971987863329 67.75792339322894 1008.1393605959921 73.39561196158806 box 0
2351.890669024924 1212.015904733247 2604.0950895534215 1207.4664209477558 2582.310917889138 -0.15726787716781665 2330.106497360641 4.392215908323271 box 0
3147.597728767028 1186.0741208158413 3402.439061103674 1181.0407564640202 3379.0114753345347 -5.107663067428165 3124.170142997889 -0.07429871560721191 box 0
1824.0558936208326 1245.8227790899305 2080.2158780581362 1241.5497365160422 2060.322002497331 48.95341529178335 1804.1620180600275 53.226457865671364 box 0
2624.1992501690165 1214.944271310733 2874.7463570829195 1209.8584854548706 2850.9061682269794 35.39095665557566 2600.3590613130764 40.47674251143794 box 0
1561.0763725851564 1265.6976647559277 1812.4089608112943 1260.7932472426805 1788.7907256509277 50.44927547539559 1537.4581374247898 55.35369298864267 box 0
2881.699964984226 1195.0910297785574 3138.2984343223693 1189.5867300257353 3112.6549414793967 -5.857069817620012 2856.0564721412534 -0.3527700647979972 box 0
1308.0197486399143 1245.7908603000424 1552.6459100905477 1240.9350418061458 1528.872121858743 43.26042410852697 1284.2459604081096 48.11624260242357 box 0
3419.6933692062375 1166.988508954306 3667.914977589683 1162.0723033229267 3644.649820796204 -12.596754803915532 3396.4282124127585 -7.680549172536017 box 0
2082.00244365727 1230.800443647503 2345.527210247605 1226.20173916372 2324.545726813921 23.876052858234218 2061.020960223586 28.474757342017334 box 0
