601.7028136535127 1665.1059106177963 740.5810435182029 1553.7451533889669 17.81160788778641 652.3779005209464 -121.06662197690355 763.7386577497764 box 0
1035.3644859813085 1322.2056074766354 1181.0054261320106 1202.0998164719203 419.9198037912637 279.2032213482322 274.27886364056144 399.3090123529471 box 0
893.3084112149534 1441.8317757009345 1027.7300015769706 1332.9565480516608 273.5813442714916 401.85528587158086 139.1597539094744 510.7305135208545 box 0
1622.2803738317757 853.9813084112147 1765.5464485023851 733.1457076977582 1048.1423884489786 -117.42865142953156 904.8763137783695 3.406949283925136 box 0
744.7102803738319 1551.1775700934577 885.6171892265012 1436.2972290595562 132.3595830491306 512.3863153124188 -8.547325803538737 627.2666563463201 box 0
1768.0747663551401 725.0093457943924 1900.7132887426608 613.7927003519666 1294.7340130963657 -108.90663480100476 1162.095490708845 2.3100106414208397 box 0
1475.551401869159 965.1962616822428 1613.7985183072656 850.5162360013094 855.1460877876129 -64.04155447135261 716.8989713495065 50.63847120958112 box 0
1183.0280373831777 1209.1214953271026 1326.8588869111074 1090.5547251458256 565.919898090239 167.47567834631627 422.0890485623091 286.042448527593 box 0
1329.7570093457944 1087.626168224299 1470.6670156724713 971.8106368697488 717.6709322403564 55.658186162941846 576.7609259136797 171.47371751749196 box 0
456.85981308411226 1780.1495327102805 593.7165509739388 1672.220861163038 3.266664585184941 923.5129953091267 -133.59007330464152 1031.4416668563692 box 0
