3101.565599055855 1692.641787897639 3143.7743239007405 970.2294177951297 2493.149901315473 932.2150808778825 2450.9411764705883 1654.627450980392 box 0
1731.3333333333335 1662.4705882352941 1779.5447147525588 947.757169114503 1152.488083955539 905.4587239055145 1104.2767025363135 1620.1721430263058 box 0
2403.8823529411766 1678.1568627450981 2454.958027449913 959.2416318663235 1806.6542700869838 913.1825830777971 1755.5785955782464 1632.0978139565714 box 0
3784.0663819147653 1700.8899800527533 3800.7499314782544 989.3048369118812 3165.663941720352 974.4148568591279 3148.9803921568628 1686.0 box 0
2869.8688027920443 508.60665621375625 2914.4535776077746 9.530735031664108 2400.2334036288535 -36.40694637010188 2355.6486288131237 462.66897481199015 box 0
3405.37923667421 587.8998714221995 3451.220466462414 24.005348384301897 2932.245556569198 -18.18418729439179 2886.404326780994 545.7103357435058 box 0
4465.607821799972 726.638208010633 4508.162995043743 109.24631027173098 3986.419962929031 73.28395766929862 3943.8647896852613 690.6758554082006 box 0
1802.776635151615 455.6046254331809 1847.058547874847 6.856661522992681 1340.4347811976093 -43.136366242602776 1296.1528684743773 405.6115976675854 box 0
3930.947244589806 681.4646089547887 3979.0517731327286 60.11951500045211 3456.963811165809 19.69947223722795 3408.8592826228864 641.0445661915645 box 0
2333.294117647059 486.0 2371.150911156735 -2.3935640623688124 1859.32203486508 -42.06689620232379 1821.465241355404 446.32666786004506 box 0
2695.727358918161 2640.365228260336 2762.401556023999 1748.5859080998332 2210.452491731205 1707.3192405812174 2143.778294625367 2599.09856074172 box 0
3286.1705183472745 2743.8367957812698 3375.4430892819055 1846.542441185972 2827.022853788261 1791.9796501415822 2737.75028285363 2689.2740047368798 box 0
1268.5882352941176 480.11764705882354 1309.2938390295972 4.981760230895791 696.1669746159566 -47.54573742671067 655.4613708804771 427.5901494012171 box 0
1886.721077422395 2390.2721346095223 1927.6776728689251 1912.2663724939346 1030.4292335277905 1835.3881332390717 989.4726380812605 2313.3938953546594 box 0
621.5294117647059 493.843137254902 659.736400134242 3.132624581021515 48.6124035575736 -44.44982337249678 10.405415188037475 446.26068930138376 box 0
