756.6520564027176 3044.038848865043 791.0023542477929 2266.3906139021747 579.0930489592208 2257.0301506161586 544.7427511141454 3034.6783855790263 box 0
974.0497403255793 3045.689879715313 1006.293291938841 2282.075167818156 793.5628405460027 2273.092646682391 761.3192889327408 3036.707358579549 box 0
567.1770033196408 2261.725849786572 599.7398607353998 1431.792245531542 384.271047942261 1423.3382195798831 351.708190526502 2253.271823834913 box 0
542.2420570658262 3041.774920087813 575.9118601357784 2265.168999465935 361.49339024557514 2255.8728719654096 327.82358717562295 3032.4787925872874 box 0
785.0321861229876 2270.1690550074886 810.9439849317624 1436.8039732504342 596.0587883032819 1430.1225534214661 570.146989494507 2263.4876351785206 box 0
1003.3047837002384 2271.2377615029204 1028.8894505516964 1436.738206843087 820.2047236697567 1430.3402055686129 794.6200568182987 2264.8397602284463 box 0
1183.4833270651545 3049.386546852726 1233.6795257803922 2294.709290834649 1025.7559009927065 2280.879570243221 975.5597022774687 3035.5568262612983 box 0
352.6454900928488 2247.951400558469 384.01672596260624 1433.2981729392247 169.70692565956202 1425.0453813629176 138.3356897898046 2239.6986089821617 box 0
316.0557156485454 3041.2526488546964 343.78871845994854 2259.9011183935586 135.11761819601847 2252.494623385015 107.38461538461532 3033.846153846154 box 0
1227.372133295226 2271.5542706794886 1258.0038047083015 1458.9195895801224 1050.6882878121392 1451.1049824262611 1020.0566163990638 2263.7396635256273 box 0
