776.9911504424778 1044.9911504424779 1013.2743362831857 867.9999999999999 1533.6283185840707 1626.4070796460178 1288.4955752212388 1802.513274336283 box 0
1293.8053097345132 1810.477876106195 1534.513274336283 1633.4867256637167 2074.3362831858403 2389.238938053097 1816.8141592920351 2560.035398230088 box 0
1547.787610619469 1625.5221238938054 1793.805309734513 1449.41592920354 2310.6194690265484 2202.513274336283 2073.451327433628 2374.1946902654863 box 0
1807.079646017699 1438.796460176991 2055.7522123893805 1267.1150442477876 2555.7522123893805 2025.5221238938052 2320.3539823008846 2194.5486725663714 box 0
2052.2123893805306 1247.6460176991152 2307.079646017699 1080.3893805309735 2800.884955752212 1846.7610619469026 2555.7522123893805 2011.3628318584072 box 0
2308.8495575221236 1053.840707964602 2557.522123893805 883.929203539823 3046.9026548672564 1660.9203539823009 2795.575221238938 1822.867256637168 box 0
1753.9823008849555 311.36283185840716 1992.9203539823006 137.0265486725665 2545.1327433628317 866.2300884955752 2301.7699115044247 1045.8761061946905 box 0
1512.3893805309733 485.6991150442479 1746.9026548672564 314.01769911504437 2301.7699115044247 1056.495575221239 2048.672566371681 1230.8318584070796 box 0
1267.2566371681414 660.9203539823009 1499.1150442477874 491.00884955752224 2046.017699115044 1243.2212389380531 1787.6106194690265 1411.3628318584072 box 0
1021.2389380530974 840.566371681416 1258.4070796460176 680.3893805309734 1795.575221238938 1437.9115044247787 1533.6283185840707 1609.5929203539824 box 0
