1594.4584842053066 953.0131641694888 1768.1220901312915 819.4360538961172 1143.0535465869295 6.784417693914434 969.3899406609446 140.36152796728604 box 0
1421.9057519819144 1094.920809208922 1596.6153846153848 959.0256410256409 959.8276911759294 140.35824119376514 785.1180585424593 276.25340937704607 box 0
708.7815495258242 1648.7908296903156 877.976945751318 1514.9808472712602 241.48087971154143 710.166422049186 72.28548348604771 843.9764044682416 box 0
1776.6876040797163 826.8452167831456 1953.6687620456084 691.5437046603179 1342.2149895329546 -108.26847041473738 1165.2338315670625 27.03304170809028 box 0
888.108321105936 1510.0848583178076 1065.8461538461538 1369.2820512820513 435.9493909372187 574.1524097182845 258.2115581970008 714.9552167540405 box 0
1070.974358974359 1364.1538461538462 1237.5331750219539 1231.6239505504748 598.615387800764 428.65500752956547 432.05657175316907 561.1849031329368 box 0
1245.3333333333335 1228.2564102564102 1415.8909779013052 1094.3185948782839 780.8718973242376 285.6794638518755 610.314252756266 419.61727923000177 box 0
534.0486368406624 1790.2148158105329 701.74358974359 1659.025641025641 72.6901797441301 854.9266584971375 -95.00477315879759 986.1158332820291 box 0
1957.6790051959867 706.3344588793251 2142.064509200724 567.0291544260837 1603.4360430217864 -145.90336165795065 1419.0505390170495 -6.598057204709236 box 0
2148.5931444882467 564.4563095604722 2331.7801868232614 415.8808321958326 1880.8454816103858 -140.10186696403667 1697.6584392753712 8.473610400602908 box 0
