2682.253164556962 532.2405063291139 2640.481012658228 28.443037974683577 2148.0759493670885 53.126582278481045 2186.6835443037976 570.8481012658228 box 0
2174.6582278481014 558.8227848101267 2126.5569620253164 49.96202531645574 1630.3544303797469 113.25316455696206 1683.5189873417721 611.9873417721519 box 0
2169.5949367088606 575.9113924050633 1670.860759493671 626.5443037974684 1722.126582278481 1127.8101265822786 2212.0 1075.9113924050632 box 0
2736.0506329113923 1041.73417721519 2696.1772151898736 542.367088607595 2193.012658227848 579.7088607594937 2237.3164556962024 1085.4050632911392 box 0
2750.6075949367087 1053.759493670886 2247.4430379746836 1096.7974683544303 2289.215189873418 1601.2278481012659 2785.417721518987 1559.455696202532 box 0
2222.759493670886 1098.0632911392406 1725.9240506329113 1133.506329113924 1767.0632911392404 1641.1012658227849 2264.53164556962 1602.493670886076 box 0
2254.405063291139 1616.4177215189873 1755.0379746835442 1648.0632911392406 1786.0506329113923 2155.6582278481014 2286.6835443037976 2122.1139240506327 box 0
2771.493670886076 1568.3164556962029 2814.53164556962 2070.215189873418 2312.632911392405 2119.5822784810125 2270.227848101266 1611.3544303797469 box 0
2814.53164556962 2081.6075949367087 2853.139240506329 2582.240506329114 2353.139240506329 2646.1645569620255 2314.53164556962 2131.6075949367087 box 0
2308.8354430379745 2135.4050632911394 2336.0506329113923 2644.26582278481 1834.1518987341772 2667.6835443037976 1801.873417721519 2160.721518987342 box 0
