4034.0733901342805 2011.8718816023033 4037.6135636530935 1783.017702473584 2821.4023041406213 1764.2039805192785 2817.862130621808 1993.0581596479979 box 0
4038.2809170984065 1303.512606825283 4041.744950496493 1076.5452368340166 2854.4055407263004 1058.4237624984476 2850.9415073282134 1285.391132489714 box 0
4029.7744035456776 2487.0233809761958 4034.702117226609 2258.121750690595 2804.6383192326425 2231.64137045813 2799.710605551711 2460.5430007437308 box 0
4024.306650157737 602.9652622501026 4028.8221043302897 376.6141259719558 2876.4141765634545 353.6248656948437 2871.898722390901 579.9760019729905 box 0
4035.746926258649 1771.9360516279908 4039.084154468133 1546.0461239128313 2833.1027533067804 1528.229326179626 2829.765525097296 1754.119253894786 box 0
4025.7349397509897 1070.10047523214 4030.0776752632373 841.1573488493848 2862.4116544872913 819.0083340482554 2858.0689189750437 1047.9514604310107 box 0
4037.081750932463 1538.4911713202775 4040.650345053485 1307.862576096371 2853.0335246412674 1289.486180059117 2849.464930520245 1520.1147752830234 box 0
4033.9378814580214 836.1264376638691 4038.6909481567754 606.703744499985 2865.8388992426617 582.4051716806133 2861.0858325439076 811.8278648444974 box 0
4034.9241671427444 361.8829615769085 4038.961521813799 140.1057336464928 2879.8790631428997 119.00515888360175 2875.8417084718453 340.78238681401746 box 0
4026.2358619885567 2249.0079090263926 4030.761426054905 2019.256852207305 2817.4085563464037 1995.356608948461 2812.8829922800555 2225.1076657675485 box 0
