3068.779220779221 1707.7922077922078 3118.133340786529 981.2467960331018 2470.1468684236033 937.2291729052085 2420.7927484162947 1663.7745846643143 box 0
2624.6233766233768 915.5844155844155 2680.8681113783205 289.00361381866435 2157.793043991705 242.05002325352743 2101.5483092367617 868.6308250192785 box 0
2385.662337662338 1654.5454545454545 2440.198542905962 932.0112090304723 1793.8443804730298 883.2250048037242 1739.3081752294056 1605.7592503187066 box 0
1720.47075943901 1624.3104768378278 1779.7072981059862 911.7645899077031 1143.6001750306125 858.882684498447 1084.3636363636363 1571.4285714285713 box 0
1057.090909090909 1572.7272727272727 1120.567811782299 855.2528134221473 507.56533634148064 801.0188292315129 444.0884336500905 1518.4932885366386 box 0
2086.961038961039 872.7272727272727 2140.807643668273 252.71661499597494 1622.494678626478 207.70223823450988 1568.648073919243 827.7128959658075 box 0
3743.02601416561 1738.182989086288 3787.7633145550303 1011.68950298061 3142.578604620298 971.9591781710458 3097.8413042308766 1698.452664276724 box 0
1547.53258368637 858.4636416433608 1613.3145813779877 236.95505356258394 1099.608056953889 182.58309144990096 1033.8260592622712 804.0916795306778 box 0
3169.9995217422866 947.8568178775961 3216.092252925433 318.8582319068129 2691.4011191268537 280.40910352438146 2645.3083879437067 909.4076894951646 box 0
1015.5324675324675 789.6103896103896 1083.9523411295213 166.23734098321495 572.7833297813862 110.13270312600855 504.36345618433245 733.5057517531833 box 0
3709.9193913176728 957.5334777541652 3751.6990528484425 339.5427903716214 3229.112388925247 304.2129797693293 3187.3327273944774 922.203667151873 box 0
2701.993216645297 2635.1612776123043 2740.7791214744757 1732.5162149381042 2197.14280778438 1709.1566163579032 2158.356902955202 2611.8016790321035 box 0
475.9321356174855 811.7660045954683 556.716130297456 89.24037800900311 -4.120843922844415 26.53443447618696 -84.90483860281495 749.0600610626523 box 0
3290.58642116455 2667.70515566526 3315.3830494659646 1761.6523373344419 2787.082342587129 1747.1939349159354 2762.285714285714 2653.246753246753 box 0
373.9613176983365 1569.4889712594297 477.9361949214983 857.5361711712669 -13.427354677312337 785.7765478715946 -117.40223190047429 1497.7293479597574 box 0
1871.3766233766232 2384.4155844155844 1912.9881549957684 1900.9580957423925 1018.5255450227539 1823.9710595519255 976.9140134036087 2307.428548225118 box 0
