1128.9722741482292 502.61286146561616 618.8380975183534 512.8169055737105 609.0592219147629 23.9383196367462 1119.1933985446387 13.734275528651835 box 0
1644.187238440466 476.86526705552563 1131.536515181138 481.99194517852897 1126.7193554808293 0.29203245371209857 1639.3700787401574 -4.834645669291238 box 0
607.6504501885361 536.8368143419591 1117.8346456692914 506.18897637795277 1147.7465354324313 1004.1220910087133 637.5623399516758 1034.7699289727193 box 0
1135.8848272031823 504.924784130028 1645.0452722877437 494.74021724987307 1655.1181102362204 998.3149606299214 1145.957665151659 1008.4995275100764 box 0
1655.0912030011255 490.91658414074703 2169.9488442294255 480.6180581427629 2180.1056473925755 988.3905024734263 1665.2480061642746 998.6890284714104 box 0
2176.3779527559054 488.86614173228355 2689.763779527559 488.86614173228355 2689.763779527559 991.228346456693 2176.3779527559054 991.228346456693 box 0
2160.5105035837446 458.79878782707186 1655.335571940972 463.8507055418794 1650.7305801682514 3.366878344728917 2155.9055118110236 -1.6850393700786397 box 0
2682.832410713867 458.87504894752516 2174.029338121823 469.0524674246841 2164.6783563881377 1.5657222810991698 2673.4814289801816 -8.61169619605974 box 0
2697.6377952755906 467.6062992125985 3206.299212598425 467.6062992125985 3206.299212598425 977.0551181102362 2697.6377952755906 977.0551181102362 box 0
3204.3714811635964 446.4062826544028 2695.1984244642044 466.784074237336 2676.730881041127 5.341748841660319 3185.9039377405193 -15.036042741272865 box 0
