3853.5384615384614 1806.1538461538464 3853.5399860306593 1504.623209515696 2305.846153846154 1504.6153846153845 2305.8446293539555 1806.1460212535344 box 0
3862.7692307692305 2720.0 3862.902238329569 2422.9245743517304 2312.4155793150444 2422.230385502539 2312.2825717547053 2719.3058111508085 box 0
3864.307692307692 3027.6923076923076 3865.0192398917957 2737.068356141531 2322.107231262763 2733.290775847934 2321.3956836786583 3023.9147273987114 box 0
3856.6153846153843 2412.3076923076924 3856.8599937540625 2110.4826019089783 2315.2845474957803 2109.233257655926 2315.0399383571025 2411.0583480546406 box 0
2280.699818811854 894.7073952840916 3824.307692307692 883.0769230769232 3822.157137617342 597.6531592540407 2278.549264121504 609.283631461209 box 0
3832.0 1193.8461538461538 3827.9407505192107 889.9745715705039 2283.8121151934306 910.6017171373163 2287.871364674219 1214.473299412966 box 0
3830.461538461538 1487.6923076923076 3829.746543194024 1210.5607074689606 2301.6943444200383 1214.503058647092 2302.409339687553 1491.6346588704394 box 0
3848.9230769230767 2103.076923076923 3849.9940912755783 1808.2081119785862 2312.124464033895 1802.6223043887085 2311.053449681394 2097.491115487045 box 0
3822.58234919337 597.8441832673627 3822.135593057306 277.46897830595447 2276.1686284793195 279.6247950385917 2276.6153846153843 600.0 box 0
3827.476861889255 282.2561648109057 3827.6102743807514 -6.602478561559963 2273.6718740299575 -7.320181834004112 2273.5384615384614 281.53846153846155 box 0
