966.9772770305804 1231.8329251173038 1116.2048893104343 1152.0494495412183 564.0515187839336 119.29763594836987 414.8239065040798 199.08111152445545 box 0
1415.5686819780312 958.2594189193339 1569.7026551755525 873.3359019828939 1056.3642071973836 -58.360022022971656 902.2302339998623 26.563494913468407 box 0
673.1881709692218 1412.549592315294 820.0329246894587 1333.7629265658466 258.166474759843 286.5407896884902 111.32172103960625 365.32745543793743 box 0
1267.689476346942 1051.0253212303362 1416.9032036243914 969.4143858883207 861.2081734180726 -46.59316676561452 711.9944461406233 35.017768576400904 box 0
514.7977803200188 1485.358836640078 664.499184961214 1407.1063101375992 132.70179872813793 389.74854212884304 -16.999605913057223 468.00106863132163 box 0
1574.8868286588945 878.9247364024525 1730.7028365218375 790.8477300252006 1248.875702621623 -61.547050092638045 1093.05969475868 26.529956284613917 box 0
827.0180269812801 1325.3382236915531 965.8461538461539 1251.3333333333333 395.2385315660402 180.9123517938503 256.4104047011663 254.91724215207034 box 0
1739.0933508873602 810.2552414570112 1895.4560767296646 719.6330715660781 1423.1152432441093 -95.36065832712836 1266.7525174018049 -4.7384884361953326 box 0
1121.6564268001985 1143.256045161252 1270.4342450592471 1063.4621967517098 703.7711057773159 6.903235997195239 554.9932875182675 86.69708440673729 box 0
383.79487179487194 1592.3589743589744 537.4606837742929 1511.4173237285804 -19.801177771366326 453.4688414249325 -173.4669897507872 534.4104920553265 box 0
