1638.3775157017226 1249.0545640565629 1641.7524748324372 564.1196356202353 1194.9833507391063 561.9182184168194 1191.6083916083917 1246.8531468531469 box 0
1177.6223776223776 1244.7552447552448 1179.1647571318765 560.8861916887047 726.2136937246031 559.8646182809412 724.6713142151041 1243.733671347481 box 0
2111.2250190066493 1247.7134486612244 2114.589020742465 565.5347078743192 1656.5108548826688 563.2758046676405 1653.1468531468531 1245.4545454545455 box 0
1183.816100970356 552.569528905238 1183.790311686233 -0.463169183577179 738.3926334286423 -0.4423991869530255 738.4184227127655 552.5902989018622 box 0
1648.2517482517483 551.7482517482517 1651.7267281838201 2.128102512378337 1197.2127064640551 -0.745567797047869 1193.7377265319833 548.8745814388255 box 0
2113.286713286713 553.8461538461539 2114.0455893519693 5.8926961744307205 1662.2943301497653 5.267053223815023 1661.5354540845094 553.2205108955384 box 0
2580.270753483761 1242.8674610475398 2579.529988736358 550.5426038456416 2122.33615832952 551.0317861547449 2123.0769230769233 1243.3566433566434 box 0
3035.500630229942 1247.653241801873 3044.2669449738446 556.8590266334579 2595.479601457189 551.1638267896265 2586.713286713287 1241.958041958042 box 0
2580.4195804195806 545.4545454545455 2586.140480481173 3.538924729599651 2128.4545564805003 -1.2927784556725896 2122.7336564189077 540.6228422692733 box 0
3035.879693844521 534.8375267755729 3039.916141727225 3.3867222321972577 2596.3441401903965 0.017726925155983342 2592.3076923076924 531.4685314685315 box 0
