637.0000000000001 3.106382978723482 355.0851063829789 3.106382978723482 355.0851063829789 1026.5106382978724 637.0000000000001 1026.5106382978724 box 0
943.3829787234043 -0.08510638297864599 651.8936170212767 -0.08510638297864599 651.8936170212767 1029.7021276595744 943.3829787234043 1029.7021276595744 box 0
1246.5744680851064 0.9787234042553965 952.9574468085108 0.9787234042553965 952.9574468085108 1023.3191489361703 1246.5744680851064 1023.3191489361703 box 0
1550.8297872340427 6.297872340425609 1264.659574468085 6.297872340425609 1264.659574468085 1015.8723404255319 1550.8297872340427 1015.8723404255319 box 0
1856.148936170213 -0.08510638297864599 1563.595744680851 -0.08510638297864599 1563.595744680851 1014.8085106382979 1856.148936170213 1014.8085106382979 box 0
2164.021276595745 0.9787234042553965 1864.659574468085 0.9787234042553965 1864.659574468085 1002.0425531914892 2164.021276595745 1002.0425531914892 box 0
2471.04255319149 992.468085106383 2169.9787234042556 992.468085106383 2169.9787234042556 4.170212765957524 2471.04255319149 4.170212765957524 box 0
2772.1063829787236 988.2127659574468 2474.2340425531916 988.2127659574468 2474.2340425531916 2.0425531914894393 2772.1063829787236 2.0425531914894393 box 0
3083.8085106382982 981.8297872340426 2777.425531914894 981.8297872340426 2777.425531914894 0.9787234042553965 3083.8085106382982 0.9787234042553965 box 0
3099.3902900097205 979.6667840710444 3395.120183749968 976.7093865530677 3385.2480078626204 -10.475294709342222 3089.5181141223725 -7.517897191365364 box 0
