1112.3076923076924 833.7692307692307 1111.776861848088 638.6415193456704 -3.517464457512311 641.675594800703 -2.9866339979079672 836.8033062242635 box 0
1105.3846153846152 639.1538461538462 1105.1793849960914 445.1882863471372 -10.65240817718967 446.36892167574143 -10.447177788665742 640.3344814824504 box 0
1127.4280212874783 1661.3471821656472 1129.5537061881314 1458.0956822816927 -36.33585356088537 1445.902346269892 -38.46153846153846 1649.1538461538464 box 0
1134.3085259674085 1849.3914180459353 1135.4956504788586 1658.7901270212749 -14.19749087316537 1651.6294782061084 -15.384615384615383 1842.230769230769 box 0
1126.9286541545928 2049.994300394276 1128.8526891063436 1848.477798777452 -6.537503509787505 1837.637344537022 -8.461538461538462 2039.1538461538462 box 0
1111.8751942723015 1042.2064224485346 1111.0181327203732 836.9604459410263 -0.0878307826977188 841.6001773386457 0.7692307692307692 1046.8461538461538 box 0
1131.6415466673004 2244.591342953228 1133.4338639861642 2053.7334254111197 -18.976913450366975 2042.911313227122 -20.76923076923077 2233.769230769231 box 0
1109.2307692307693 1235.3076923076922 1107.759432645897 1046.7682955990176 -14.521933153748993 1055.5264313565694 -13.050596568876685 1244.0658280652437 box 0
1111.2478652412753 1443.80581385237 1110.0 1243.0 1.8290578356479321 1249.8864938399379 3.0769230769230766 1450.6923076923076 box 0
1131.180008205762 2439.5144198763046 1132.9723255246258 2248.6565023341964 -19.438451911905542 2237.8343901501985 -21.23076923076934 2428.6923076923076 box 0
