2916.8780487804875 3031.414634146341 2633.9512195121947 2931.414634146341 3451.0243902439024 1609.4634146341461 3690.048780487805 1755.8048780487804 box 0
2629.0731707317073 2926.5365853658536 2368.0975609756097 2777.7560975609754 3190.048780487805 1448.4878048780486 3436.3902439024387 1604.5853658536582 box 0
2924.745098039216 1301.9607843137255 2112.9803921568628 2609.8039215686276 2362.0 2768.627450980392 3169.843137254902 1443.1372549019607 box 0
2658.0784313725494 1143.1372549019607 1858.0784313725492 2462.7450980392155 2109.0588235294117 2623.529411764706 2914.9411764705883 1294.1176470588234 box 0
2394.642857142857 989.2857142857142 2648.2142857142853 1139.2857142857142 1844.6428571428569 2457.142857142857 1592.8571428571427 2303.5714285714284 box 0
1582.1428571428569 2298.2142857142853 1337.4999999999998 2151.785714285714 2132.142857142857 842.8571428571428 2376.785714285714 978.5714285714284 box 0
2116.0714285714284 833.9285714285713 1860.7142857142856 676.7857142857142 1085.7142857142856 2008.9285714285713 1321.4285714285713 2150.0 box 0
1082.142857142857 2008.9285714285713 812.4999999999999 1853.5714285714284 1607.1428571428569 523.2142857142857 1853.5714285714284 669.6428571428571 box 0
803.5714285714284 1846.4285714285713 560.7142857142857 1692.8571428571427 1341.0714285714284 367.85714285714283 1594.6428571428569 523.2142857142857 box 0
560.7142857142857 1678.5714285714284 296.4285714285714 1523.2142857142856 1085.7142857142856 214.28571428571428 1335.7142857142856 349.99999999999994 box 0
