2444.2916666666665 1275.0 3092.2040624408387 115.86809162107488 2852.810040552011 -17.944421980526613 2204.8976447778387 1141.1874863983985 box 0
2940.9376464678307 1560.4340923900302 3604.7083333333335 406.24999999999994 3361.4360789762964 266.34424975221145 2697.665392110793 1420.5283421422419 box 0
3190.8311922055705 1700.4645801110462 3846.3750000000005 543.75 3602.9921791880697 405.8178740891414 2947.4483713936393 1562.532454200187 box 0
2682.3245002232925 1419.9288229002188 3338.0416666666665 247.91666666666669 3113.0278266330342 122.02596082999953 2457.3106601896598 1294.0381170635515 box 0
1829.9487179487178 5.179487179487133 1524.8205128205127 0.051282051282001355 1212.0 587.2307692307692 1447.897435897436 712.8717948717948 box 0
2167.2083333333335 0.0 1848.0 0.0 1462.0833333333335 728.9807692307692 1697.9807692307695 854.6217948717949 box 0
2487.9583333333335 -5.684341886080802e-14 2168.75 -5.684341886080802e-14 1704.7083333333335 862.5000000000001 1940.125 989.5833333333335 box 0
2821.0 0.0 2506.0 0.0 1954.625 1004.0833333333331 2190.0416666666665 1131.1666666666665 box 0
3871.3750000000005 560.4166666666667 4017.2083333333335 850.0 3431.7916666666665 1841.6666666666667 3185.9583333333335 1714.5833333333335 box 0
4017.2083333333335 889.5833333333333 4019.2916666666665 1429.1666666666667 3675.5416666666665 2004.1666666666667 3431.7916666666665 1862.5 box 0
