890.6376894668601 591.3359821361846 919.3468679758503 24.80035923306269 526.9208041473366 4.914178271835283 498.2116256383465 571.4498011749572 box 0
1243.7891064959372 2347.735114984533 1268.7215386595472 1782.1377738449412 882.8777548474463 1765.129164953211 857.9453226838364 2330.726506092803 box 0
849.3074596314733 2342.6207335658055 871.9936659101971 1777.2144454201352 483.31826439806775 1761.6193405919093 460.6320581193439 2327.0256287375796 box 0
1295.7579096308064 596.0972966733909 1320.5092966725515 29.414340776278724 925.0625756749796 12.142152255442001 900.3111886332345 578.8251081525543 box 0
1278.0696696163745 1170.4351976557941 1293.8061082324848 611.8353890351358 903.0839974521069 600.8282701329023 887.3475588359964 1159.4280787535604 box 0
1260.1183693919797 1757.0204317364426 1284.7035009209167 1197.5372242757905 893.6349375690796 1180.352665492561 869.0498060401429 1739.835872953213 box 0
846.6666833222032 2916.1681584404655 863.666398199076 2361.682112345669 473.13594080804575 2349.709031195765 456.1362259311729 2904.1950772905616 box 0
1246.3777372216393 2925.9081474663094 1265.3594396946785 2364.3511898047777 870.994684043009 2351.0209045051256 852.0129815699701 2912.5778621666573 box 0
859.3813999831236 1751.4904339759546 879.4897935649497 1185.9365350697487 492.7289925873719 1172.185169509153 472.6205990055459 1737.7390684153586 box 0
877.6696739545135 1169.6751576705674 898.5805364083354 602.0717094063787 509.30086513850404 587.730405302455 488.39000268468203 1155.3338535666437 box 0
