1101.5873015873017 329.904761904762 0.0 329.904761904762 0.0 -0.25396825396820344 1101.5873015873017 -0.25396825396820344 box 0
1092.063492063492 636.2539682539683 0.0 636.2539682539683 0.0 339.4285714285715 1092.063492063492 339.4285714285715 box 0
1101.5873015873017 945.7777777777778 0.0 945.7777777777778 0.0 647.3650793650794 1101.5873015873017 647.3650793650794 box 0
1085.7142857142858 1248.952380952381 4.761904761904762 1248.952380952381 4.761904761904762 953.7142857142858 1085.7142857142858 953.7142857142858 box 0
1088.888888888889 1548.952380952381 1.5873015873015872 1548.952380952381 1.5873015873015872 1261.6507936507937 1088.888888888889 1261.6507936507937 box 0
1090.4761904761904 1861.6507936507935 3.1746031746031744 1861.6507936507935 3.1746031746031744 1558.4761904761908 1090.4761904761904 1558.4761904761908 box 0
1103.1746031746031 2160.063492063492 3.1746031746031744 2160.063492063492 3.1746031746031744 1868.0000000000002 1103.1746031746031 1868.0000000000002 box 0
1107.936507936508 2464.825396825397 1.5873015873015872 2464.825396825397 1.5873015873015872 2169.5873015873017 1107.936507936508 2169.5873015873017 box 0
1101.5873015873017 2780.6984126984125 1.5873015873015872 2780.6984126984125 1.5873015873015872 2468.0 1101.5873015873017 2468.0 box 0
1103.1746031746031 2793.3968253968255 1.5873015873015872 2793.3968253968255 1.5873015873015872 3033.0793650793653 1103.1746031746031 3033.0793650793653 box 0
