2803.4650379879204 792.6687925402347 3991.666666666666 840.2222222222224 3984.663025757914 1015.2198530999833 2796.461397079169 967.6664234179958 box 0
2801.4650379879204 971.2243480957903 3989.666666666666 1018.7777777777782 3982.663025757914 1193.775408655539 2794.461397079169 1146.2219789735516 box 0
2799.4650379879204 973.3910147624568 3987.666666666666 1020.9444444444447 3980.663025757914 1195.9420753222055 2792.461397079169 1148.388645640218 box 0
2783.7847721764056 1340.145984553871 3973.944444444443 1387.777777777778 3966.548561156925 1572.5762376683515 2776.388888888889 1524.9444444444446 box 0
2792.895883287517 1153.4237623316487 3983.0555555555543 1201.0555555555559 3975.6596722680365 1385.8540154461293 2785.5000000000005 1338.2222222222224 box 0
2779.0069943986277 1528.4237623316485 3969.166666666665 1576.0555555555559 3961.7707833791474 1760.8540154461293 2771.6111111111113 1713.2222222222222 box 0
2767.2847721764056 1719.4793178872042 3957.444444444443 1767.1111111111113 3950.048561156925 1951.9095710016848 2759.888888888889 1904.2777777777778 box 0
2752.7847721764056 1909.145984553871 3942.944444444443 1956.777777777778 3935.548561156925 2141.5762376683533 2745.388888888889 2093.944444444447 box 0
2750.7847721764056 2094.6459845538707 3940.944444444443 2142.277777777778 3933.548561156925 2327.076237668353 2743.388888888889 2279.4444444444466 box 0
2744.618105509739 2277.3682067760933 3934.7777777777765 2325.0000000000005 3927.3818944902587 2509.7984598905755 2737.2222222222226 2462.1666666666692 box 0
2731.5069943986277 2458.7015401094272 3921.666666666665 2506.3333333333344 3914.2707833791474 2691.1317932239094 2724.1111111111113 2643.500000000003 box 0
