1275.0091457776496 674.923080710386 1492.1660783400673 661.5950785895537 1451.6941337175897 2.174163933778961 1234.537201155172 15.502166054611232 box 0
2396.6292485314893 632.4564665275232 2620.446200530338 622.2739974145213 2591.8043284338423 -7.292018552364596 2367.9873764349936 2.89045056063725 box 0
2173.0537572747194 633.5035493610429 2393.9488741523687 622.5046147701545 2362.724335681823 -4.58776566963677 2141.8292188041737 6.41116892125176 box 0
1048.95013061927 690.2849163189609 1270.5745264584234 676.4332137578966 1227.998303828972 -4.777603162833007 1006.3739079898186 9.074099398231201 box 0
604.2767479122323 732.4018475616455 817.7219669164816 719.641894984138 774.12369535559 -9.658826550292833 560.6784763513407 3.101126027214509 box 0
825.3753329284622 701.4579341874783 1041.614158842403 687.785305236768 997.5748463623094 -8.716388701028059 781.3360204483685 4.956240249682146 box 0
1948.5077252865763 644.3069877521814 2174.329078737613 632.6341727687195 2141.405107355026 -4.310367955428469 1915.5837539039887 7.36244702803348 box 0
1499.591417894882 663.5148452483589 1722.3539964807883 649.3120893843203 1680.3913370031892 -8.849630709784755 1457.6287584172828 5.3531251542538385 box 0
1723.6431548624944 653.1531409187891 1942.317544317308 641.8226771620535 1908.779987379937 -5.4416312141992895 1690.1055979251234 5.888832542536263 box 0
2624.4310895486246 630.3169590050337 2837.0951406206354 622.8234554107913 2815.1052843527427 -1.2440261894818962 2602.441233280732 6.249477404760423 box 0
