2159.363994895893 819.1301682050283 2178.1437772231598 -0.10804745979794461 1906.9657238846246 -6.324389320140541 1888.1859415573579 812.9138263446856 box 0
3026.5198899215115 831.9080672704589 3045.748930380672 -0.9078840164148118 2765.481054597531 -7.379040476025522 2746.2520141383707 825.4369108108483 box 0
2728.9230769230767 833.8461538461538 2745.4050753431375 -3.8897284716361544 2474.2805139694483 -9.223956939726975 2457.7985155493884 828.511925378063 box 0
2447.3846153846152 820.0 2463.404716723518 -0.7292144640026589 2188.413613842904 -6.096862231142438 2172.393512504001 814.6323522328601 box 0
1879.6923076923076 824.6153846153846 1889.7238972929567 -7.21127572067749 1616.308367128891 -10.508588153464586 1606.2767775282416 821.3180721825975 box 0
748.9230769230768 813.8461538461538 749.6187129556741 2.9006483596378114 472.84704733110493 2.663231243311486 472.15141129850764 813.6087367298275 box 0
1596.0529338134156 822.2766897571713 1606.1621253299786 -1.956060301933121 1328.3554566132202 -5.363351286712259 1318.2462650966572 818.8693987723921 box 0
1308.2609781402034 810.1116763086359 1313.5520111996775 12.392874702066822 1032.700300393732 10.530068305011469 1027.4092673342582 808.2488699115808 box 0
1027.3665971404014 815.9799479594999 1029.127884151491 5.861437981886176 755.2997485495509 5.266105407001683 753.5384615384614 815.3846153846154 box 0
458.1538461538461 816.9230769230769 456.74366024861024 -0.4962003086279288 182.53043142837353 -0.023136311873315663 183.94061733360937 817.3961409198315 box 0
