1277.6053140045967 3155.297716498269 1757.9223822155611 2478.108746290819 1609.090909090909 2372.5454545454545 1128.7738408799446 3049.7344247529045 box 0
1500.1440720083908 3163.437405070835 1910.3896103896104 2593.3246753246754 1760.5487840428045 2485.501209422586 1350.3032456615847 3055.6139391687448 box 0
1029.6650125669291 3167.670961466808 1608.2242301831243 2369.97826981234 1464.935064935065 2266.0519480519483 886.3758473188699 3063.7446397064173 box 0
463.4343519004451 2988.3483236277534 1180.801855432594 2039.670713011757 1018.1818181818181 1916.701298701299 300.8143146496695 2865.378909317295 box 0
307.689380487655 2866.8658886747485 1019.5117629300875 1916.5766364605463 870.2380952380953 1804.7619047619048 158.41571279566276 2755.0511569761065 box 0
620.7390923607707 3108.4108513846013 1331.6594100151788 2152.785237556662 1171.4285714285713 2033.5844155844156 460.50825377416277 2989.2100294123543 box 0
211.16862179521118 2680.248963064279 869.0933973107699 1798.2447679478287 721.4285714285714 1688.0952380952378 63.503795913012766 2570.0994332116884 box 0
834.6893140989318 3144.910438746153 1466.602061646236 2266.1228241958647 1312.987012987013 2155.662337662338 681.0742654397088 3034.4499522126252 box 0
61.54957417616359 2575.868010683327 719.4743496917223 1693.8638155668762 571.8095238095237 1583.7142857142856 -86.11525170603483 2465.7184808307366 box 0
-85.68852106193165 2459.582296397615 572.2362544536268 1577.578101281162 424.5714285714285 1467.4285714285713 -233.35334694413007 2349.4327665450246 box 0
