1780.49956028249 2759.1967203484082 1913.2959279786508 2594.0420103208853 988.2281580707815 1850.2204160346485 855.4317903746207 2015.3751260621707 box 0
1921.5584501960514 2593.8180549311714 2054.45475134078 2427.1102326330633 1114.1021180412533 1677.4790214848442 981.2058168965243 1844.1868437829523 box 0
2203.2665883023124 2261.1931789797295 2336.275606555973 2095.5330812985135 1403.969329361262 1346.9814120847236 1270.960311107601 1512.64150976594 box 0
2070.7524665907713 2432.497049659259 2200.3255829213194 2271.158537319208 1258.3571319504886 1514.6510803761412 1128.7840156199404 1675.9895927161924 box 0
2773.6778408732443 1608.1577565384478 2908.737304061364 1441.2205816239348 1969.0355235371562 680.9608126449018 1833.9760603490363 847.8979875594144 box 0
1123.7916185339086 1648.5553276363698 1263.2879024705367 1482.4008520541443 345.5620943109401 711.9170028384838 206.06581037431192 878.0714784207095 box 0
829.0736801145526 1980.5658197009811 970.3469612116169 1815.3099772066314 52.45039825458795 1030.6220823681106 -88.82288284247633 1195.8779248624605 box 0
1255.3155085848484 1479.0955433877984 1398.0261932946487 1310.8380529686133 474.80731627477076 527.7929846731148 332.09663156497027 696.0504750922997 box 0
1651.4217399245338 2941.4327676230746 1785.068132881515 2774.885132122938 843.795315205471 2019.5593870705284 710.1489222484896 2186.107022570665 box 0
1677.1200143347626 978.4346821633139 1819.4819111951522 810.4165565454026 895.2557257165071 27.31894485084621 752.8938288561172 195.33707046875753 box 0
2907.1155155979413 1434.4705347983902 3043.055750394087 1266.945965724133 2110.0907420314534 509.87801447223944 1974.1505072353077 677.4025835464969 box 0
1819.8040048003134 818.4494800933851 1962.0236948255322 652.3120671876752 1070.4141855835976 -110.93821948852657 928.1944955583788 55.19919341718323 box 0
977.1036428570903 1814.6948312225281 1118.6251380415008 1645.5304444659273 205.54904993770958 881.6587118682921 64.0275547532991 1050.8230986248927 box 0
1541.7004297046326 1144.6984722478012 1680.914554440543 979.7743764039982 763.2589246960023 205.1718257563492 624.0447999600916 370.0959216001522 box 0
672.5261512383194 2178.331070445713 837.0415708219815 1994.5898166824363 -31.298434029457084 1217.108890034023 -195.81385361311925 1400.8501437972998 box 0
2348.852978880573 2086.4664745491596 2491.308532061778 1902.110316204409 1534.9446743176693 1163.1095493155863 1392.4891211364645 1347.465707660337 box 0
1394.84811568559 1308.5812000529675 1537.8290965877363 1138.5285268819723 639.1053675144831 382.8779514057728 496.1243866123368 552.9306245767679 box 0
2626.0083307996724 1765.1192751160488 2759.6609598535565 1597.0793327283418 1816.5947224840188 847.00003488151 1682.9420934301347 1015.0399772692168 box 0
1963.0838932552788 666.8204163645148 2114.4111706094022 490.29645737728225 1363.3432330569772 -153.56552458747626 1212.0159557028537 22.958434399756342 box 0
2489.777695397776 1928.4425331300738 2622.630485308529 1765.960060797607 1686.061361761648 1000.1801017576216 1553.208571850895 1162.6625740900884 box 0
