3070.947998278774 1917.902353200398 3275.975103237595 1910.0301358832698 3244.4444444444443 1088.8333333333335 3039.417339485625 1096.7055506504616 box 0
3505.9991057583666 1900.0537877595284 3708.6665428168826 1889.9376607586873 3668.0555555555557 1076.3333333333335 3465.38811849704 1086.449460334175 box 0
3283.9316086602153 1906.241630850432 3492.452668209287 1897.5188023444234 3458.3333333333335 1081.8888888888891 3249.8122737842623 1090.6117173948978 box 0
2870.8333333333335 2774.9444444444443 3070.4882035180763 2769.0775551302895 3046.1057678908737 1939.3240419368594 2846.4508977061305 1945.1909312510147 box 0
3309.722222222222 2754.1111111111113 3522.7508706848475 2745.1631456129985 3487.8043189463783 1913.1732718427133 3274.775670483753 1922.121237340826 box 0
3091.666666666667 2763.8333333333335 3296.6216992040945 2756.0245910836675 3264.9361436568593 1924.3779749556754 3059.981111119432 1932.1867172053408 box 0
2655.5555555555557 2773.5555555555557 2861.8432064048916 2765.002649398308 2827.720905130034 1942.0064370993343 2621.4332542806987 1950.5593432565818 box 0
3058.140256097236 1926.5385639325077 3038.9324370439535 1100.6235356255288 2818.152739168164 1105.758078940631 2837.3605582214464 1931.6731072476105 box 0
2820.3917808526735 1922.2555318613045 2801.6480376651766 1117.5529028678511 2607.3859969251043 1122.0778014720286 2626.129740112601 1926.7804304654828 box 0
3523.965033779202 2739.0613652126704 3737.5 2733.277777777778 3715.0715638748443 1905.2008438187002 3501.536597654046 1910.9844312535934 box 0
