3502.9499554353692 1952.1073351606592 3528.099008691542 1428.830880955014 2981.5879679960276 1402.565156294419 2956.438914739855 1925.8416105000642 box 0
3511.717735607748 2487.667333747647 3532.547112023737 1962.6438045095497 2955.8380711244304 1939.763897178867 2935.0086947084415 2464.787426416964 box 0
1399.9356395022837 1538.101223304202 1464.3096486407817 632.8148478463033 854.6143666012317 589.4600258565647 790.2403574627338 1494.7464013144631 box 0
1348.6490933165064 2452.8430473406142 1386.7245643607043 1560.9708096091836 775.1682280793674 1534.8624786298446 737.0927570351694 2426.7347163612753 box 0
2896.529411764706 2120.5882352941176 2966.1336931332507 1451.4075683919693 2389.887313014013 1391.469771077676 2320.283031645468 2060.650437979824 box 0
1980.7456707862275 1348.236333942976 1983.491893856576 519.169439766953 1442.3617247759728 517.376985907282 1439.615501705623 1346.443880083305 box 0
3011.2352941176464 1391.1764705882351 3090.0053849254496 808.4469247404732 2421.85927967852 718.1307055643647 2343.0891888707174 1300.860251412127 box 0
3379.04338666444 1372.9053441602264 3402.21937858345 791.7661858758529 3049.117168389599 777.6843711273913 3025.9411764705883 1358.8235294117646 box 0
1433.3819187902573 3076.1141935043656 1912.2310915651124 3056.2823155077263 1878.9047449776895 2251.603429438566 1400.0555722028344 2271.4353074352052 box 0
2067.366472197645 2057.4770018283934 2093.675804794325 1450.3893026368974 1628.6585747424208 1430.2368716373633 1602.3492421457408 2037.3245708288598 box 0
2994.357247180916 3002.052514187268 3040.933778162294 2480.2285069515315 2622.5177074519665 2442.881875117205 2575.9411764705883 2964.705882352941 box 0
2791.9024190107543 2857.9981552835843 2791.41341352873 2376.312025648429 1978.3933474591518 2377.137399776609 1978.8823529411766 2858.8235294117644 box 0
