1733.9172227631745 523.3752300335083 3246.1335317278836 402.13917798624027 3263.4018691588785 617.5327102803737 1751.1855601941695 738.7687623276416 box 0
1746.8704937912119 750.3471926503307 3259.086802755921 629.1111406030627 3276.355140186916 844.5046728971962 1764.1388312222068 965.7407249444641 box 0
1755.1508676229876 983.8612113419193 3267.3671765876966 862.6251592946514 3284.6355140186915 1078.0186915887848 1772.4192050539825 1199.2547436360528 box 0
1773.711615286539 1209.8985945194895 3285.927924251248 1088.6625424722215 3303.196261682243 1304.0560747663549 1790.979952717534 1425.2921268136229 box 0
1791.3377835108379 1440.6088748933212 3303.554092475547 1319.3728228460532 3320.822429906542 1534.7663551401865 1808.6061209418328 1656.0024071874545 box 0
1808.9639517351372 1661.9733608746296 3321.1802606998463 1540.7373088273614 3338.448598130841 1756.130841121495 1826.2322891661322 1877.366893168763 box 0
1806.0293722958847 1892.6836412484613 3318.2456812605938 1771.4475892011935 3335.5140186915887 1986.8411214953264 1823.2977097268797 2108.0771735425938 box 0
1834.8704937912119 2118.721024426032 3347.086802755921 1997.4849723787636 3364.355140186916 2212.878504672897 1852.1388312222068 2334.114556720164 box 0
1861.8424564080344 2344.758407603602 3374.0587653727434 2223.5223555563334 3391.3271028037384 2438.9158878504672 1879.1107938390294 2560.151939897734 box 0
1888.814419024857 2569.86121134192 3401.030727989566 2448.6251592946514 3418.299065420561 2664.0186915887853 1906.082756455852 2785.254743636052 box 0
