1427.007225773038 307.15704732262054 -5.470783119007071 321.4823049233112 -8.714285714285584 -2.8571428571428434 1423.7637231777596 -17.182400457833452 box 0
1441.2496907763084 604.2215486303521 1.3216901763105398 618.6213086315521 -1.5354050620227326 332.9213085125049 1438.392595537975 318.5215485113049 box 0
1439.8497617280966 907.0928341077342 2.7787611292892507 921.464023156551 -0.1354760138108304 630.0500230351228 1436.9355245849965 615.678833986306 box 0
1449.885225420659 1217.042656371123 2.8147248176851463 1231.5138437532812 -0.17093970637324674 932.957343628877 1446.8995608966006 918.4861562467185 box 0
1459.8706542325626 1522.6998716086182 1.3721536248267512 1537.28534280031 -1.5849399468481806 1241.585842677096 1456.9135606608875 1227.0003714854042 box 0
1465.5419406623207 1822.6715149401634 1.329440052204177 1837.3141280366217 -1.5419406623207124 1550.185627916979 1462.670559947796 1535.543014820521 box 0
1466.9991544712518 2131.2570861318313 5.64365386232555 2145.8711282759064 2.715131243033852 1853.028628153883 1464.0706318519601 1838.4145860098079 box 0
1474.142857142857 2443.5714285714284 1.2857142857144155 2443.5714285714284 1.2857142857144155 2157.8571428571427 1474.142857142857 2157.8571428571427 box 0
1475.5714285714284 2750.7142857142853 1.2857142857144155 2750.7142857142853 1.2857142857144155 2450.7142857142853 1475.5714285714284 2450.7142857142853 box 0
1484.142857142857 2759.9999999999995 1.2857142857144155 2759.9999999999995 1.2857142857144155 3029.9999999999995 1484.142857142857 3029.9999999999995 box 0
