557.7142857142858 372.85714285714283 1262.7142857142856 203.57142857142856 1327.7142857142856 452.85714285714283 619.1428571428572 630.7142857142857 box 0
624.8571428571429 639.2857142857142 1331.2857142857142 460.7142857142857 1394.8571428571427 721.4285714285713 688.4285714285716 895.7142857142857 box 0
690.5714285714287 908.5714285714284 1395.5714285714284 729.9999999999999 1462.0 984.2857142857141 752.7142857142858 1162.142857142857 box 0
755.5714285714287 1170.7142857142856 1459.142857142857 996.4285714285713 1526.2857142857142 1253.5714285714284 815.5714285714287 1431.4285714285713 box 0
821.2857142857143 1435.7142857142856 1526.2857142857142 1263.5714285714284 1589.142857142857 1520.7142857142856 889.1428571428572 1694.2857142857142 box 0
887.0000000000001 1704.9999999999998 1589.8571428571427 1524.9999999999998 1654.8571428571427 1784.2857142857144 952.0 1962.857142857143 box 0
951.2857142857143 1973.5714285714284 1656.9999999999998 1792.1428571428569 1725.5714285714284 2050.0 1022.0 2234.285714285714 box 0
1022.0 2243.5714285714284 1721.2857142857142 2066.428571428571 1791.2857142857142 2324.285714285714 1087.7142857142856 2501.428571428571 box 0
1087.7142857142856 2513.5714285714284 1794.142857142857 2334.285714285714 1859.8571428571427 2595.7142857142853 1154.142857142857 2769.285714285714 box 0
1157.0 2783.5714285714284 1861.9999999999998 2605.7142857142853 1924.8571428571427 2861.428571428571 1222.0 3034.285714285714 box 0
