2227.0 97.64705882352942 2538.1764705882356 334.11764705882354 2290.529411764706 650.0 1977.5882352941178 400.0 box 0
1961.1176470588236 412.3529411764706 2276.4117647058824 654.1176470588235 2035.235294117647 980.0 1729.3529411764707 729.4117647058823 box 0
2547.0 331.7647058823529 2848.764705882353 577.6470588235294 2606.4117647058824 894.1176470588235 2298.764705882353 644.1176470588235 box 0
2284.6470588235297 655.2941176470589 2592.294117647059 901.1764705882354 2353.470588235294 1224.7058823529412 2048.1764705882356 974.7058823529412 box 0
2607.5882352941176 902.3529411764706 2907.0 1145.2941176470588 2670.529411764706 1467.6470588235295 2367.5882352941176 1217.6470588235295 box 0
3169.9411764705883 821.1764705882354 3472.8823529411766 1058.235294117647 3239.3529411764707 1381.1764705882354 2931.117647058824 1139.4117647058824 box 0
2853.470588235294 571.1764705882354 3161.7058823529414 815.8823529411765 2922.8823529411766 1135.2941176470588 2615.2352941176473 888.8235294117648 box 0
2915.2352941176473 1149.4117647058824 3225.823529411765 1391.764705882353 2977.5882352941176 1711.764705882353 2679.9411764705883 1465.2941176470588 box 0
3477.5882352941176 1061.1764705882354 3788.764705882353 1306.4705882352941 3552.8823529411766 1628.235294117647 3247.5882352941176 1382.9411764705883 box 0
3241.117647058824 1392.3529411764707 3546.4117647058824 1632.352941176471 3300.529411764706 1945.8823529411766 2994.0588235294117 1705.2941176470588 box 0
