507.00000000000006 219.41176470588235 1281.1176470588236 191.1764705882353 1303.4705882352941 469.4117647058824 518.764705882353 501.7647058823529 box 0
516.4117647058824 520.5882352941177 1295.8235294117649 497.05882352941177 1310.529411764706 772.3529411764706 531.1176470588236 795.8823529411765 box 0
531.7058823529412 809.4117647058824 1306.4117647058824 786.4705882352941 1319.9411764705883 1060.5882352941176 539.9411764705883 1091.764705882353 box 0
540.529411764706 1098.235294117647 1318.1764705882354 1081.1764705882354 1331.7058823529412 1348.8235294117646 552.8823529411766 1377.6470588235295 box 0
552.2941176470589 1385.2941176470588 1333.4705882352941 1366.4705882352941 1344.058823529412 1637.0588235294117 567.0000000000001 1662.941176470588 box 0
561.7058823529412 1674.705882352941 1346.4117647058824 1652.9411764705883 1355.8235294117649 1922.3529411764707 576.4117647058824 1948.8235294117649 box 0
569.3529411764706 1969.4117647058824 1355.235294117647 1938.8235294117646 1363.4705882352941 2209.4117647058824 588.764705882353 2245.294117647059 box 0
582.8823529411766 2257.0588235294117 1366.4117647058824 2229.4117647058824 1376.4117647058824 2492.3529411764707 601.7058823529412 2531.176470588235 box 0
599.3529411764706 2545.294117647059 1375.8235294117649 2514.1176470588234 1390.529411764706 2784.7058823529414 608.1764705882354 2817.6470588235293 box 0
609.9411764705883 2829.4117647058824 1387.5882352941178 2792.9411764705883 1399.3529411764707 3031.1764705882356 617.0000000000001 3033.529411764706 box 0
