942.4968574396802 2837.0660053055844 1463.7353793362026 2426.9051811089 1181.5402298850574 2068.287356321839 660.3017079885352 2478.448180518524 box 0
607.977011494253 1323.4597701149428 1137.3465477498048 899.1573329043317 857.2605899758469 549.7156126228715 327.891053720295 974.0180498334825 box 0
1771.1954022988505 2779.7816091954023 2301.069273743363 2356.8891205913974 2018.4789056432146 2002.8103501870155 1488.6050341987025 2425.7028387910204 box 0
76.72259717966669 1749.9459409561684 574.6436781609196 1348.1724137931037 291.6207431097594 997.4198722848994 -206.30033787149353 1399.1933994479646 box 0
1192.4597701149426 2048.1724137931037 1719.6448117094067 1619.352583055661 1435.7851377289442 1270.3795101988537 908.6000961344795 1699.1993409362958 box 0
359.9771280208122 2111.6284089420524 866.9061386672829 1705.6494013407391 583.8390804597702 1352.1954022988507 76.91006981329944 1758.1744099001637 box 0
653.7446393398448 2469.3515974857137 1169.7600573981913 2054.8889120601293 887.8620689655173 1703.9195402298853 371.84665090717056 2118.382225655469 box 0
1483.83908045977 2413.689655172414 2010.8080595838037 1984.5065095346715 1723.1386909515788 1631.294052209209 1196.1697118275451 2060.477197846952 box 0
1230.4565708193916 3197.2672036790495 1754.528735632184 2775.7586206896553 1477.4514751576203 2431.2615319531346 953.3793103448277 2852.770114942529 box 0
904.5287356321841 1688.402298850575 1432.2876722622223 1262.716350397519 1145.4583631315072 907.1097541937726 617.6994265014691 1332.7957026468287 box 0
