3856.066241059902 2722.1834317674316 4063.325674591012 2610.622250607832 3349.434854521153 1284.3490305433593 3142.1754209900428 1395.9102117029593 box 0
3652.395677786404 2827.6195076798695 3856.9479274348587 2718.202074317123 3147.230867928928 1391.4096549177866 2942.6786182804735 1500.8270882805332 box 0
4023.6868451939285 2530.9216747370524 4219.692307692308 2425.6923076923076 3548.363742924048 1175.2422715362925 3352.3582804256685 1280.4716385810373 box 0
3451.94882874047 2928.208834257852 3653.9221342422456 2819.6562299167426 2942.7583421274494 1496.4627172558207 2740.785036625674 1605.0153215969294 box 0
2830.7909456095076 3177.184462846959 3035.005510288721 3063.0662508132305 2333.398712002828 1807.540736221551 2129.1841473236145 1921.6589482552797 box 0
3053.576462875939 3130.4428638436607 3254.656099436166 3018.927765381684 2525.8161076196666 1704.712177660246 2324.7364710594393 1816.2272761222225 box 0
3253.4423165051594 3031.5322197208025 3456.5996624017394 2919.960214498289 2732.620719078336 1601.693680547752 2529.463373181756 1713.2656857702646 box 0
2570.055189588711 3141.3664212372955 2763.2820512820513 3030.8205128205127 2130.867887334366 1925.4028095319359 1937.6410256410254 2035.9487179487185 box 0
2308.5419680089212 3160.573915211127 2505.5293229843865 3050.918351191697 1955.1412011293119 2062.1905898267237 1758.1538461538462 2171.846153846154 box 0
2031.9613292716845 3131.458869484878 2224.939412996559 3024.6394593249274 1743.4396221864135 2154.770333429793 1550.4615384615386 2261.5897435897436 box 0
