2774.060783667809 3036.0091980658367 2763.26582278481 2432.240506329114 2309.679349395265 2440.350314446546 2320.474310278264 3044.119006183269 box 0
2774.2253033677807 2416.7813210922936 2764.889901515092 1744.3990367172335 2310.47725140255 1750.708133185604 2319.812653255238 2423.0904175606643 box 0
3242.9938539100967 3036.294115646083 3230.3544303797466 2427.1772151898736 2776.5978101021087 2436.5928496913857 2789.2372336324593 3045.709750147595 box 0
2309.46835443038 3034.772151898734 2301.280971153489 2443.028426095138 1848.214330253357 2449.2970692209865 1856.401713530248 3041.0407950245835 box 0
3237.3164556962024 2413.886075949367 3231.127626198388 1739.1637410555388 2776.70189854181 1743.3319198788013 2782.8907280396243 2418.0542547726295 box 0
1839.8710314144323 2446.2746468352175 1827.5700279722232 1760.5095332050048 1375.0154522539933 1768.6272914330789 1387.3164556962024 2454.392405063291 box 0
2301.8734177215188 2427.1772151898736 2290.9854032920925 1752.729417072823 1836.7655803789346 1760.0621595027294 1847.653594808361 2434.5099576197804 box 0
1839.1543654638292 3035.867081835178 1834.7848101265822 2484.772151898734 1383.7744977923867 2488.3481501711926 1388.1440531296337 3039.4430801076364 box 0
1376.5569620253164 3034.772151898734 1373.5752986516957 2472.1820578771017 923.0374386363886 2474.569857182337 926.0191020100093 3037.1599512039697 box 0
1362.2874910781807 2460.115638892051 1361.3351148627887 1772.2110440729955 923.705851632709 1772.816924168286 924.6582278481013 2460.721518987342 box 0
