726.1363636363636 812.3181818181818 726.9167965503942 -2.020693020080409 455.22980564284916 -2.2810680022525958 454.44937272881873 812.0578068360096 box 0
1580.6818181818182 820.2727272727274 1580.534499683301 3.7362744602279743 1289.9802475364443 3.788695899609707 1290.1275660349615 820.3251487121089 box 0
2718.9917459415 820.3377909429255 2731.549598403424 -1.206905240640765 2458.260629089017 -5.384307361382582 2445.702776627093 816.1603888221837 box 0
3006.8349155260066 824.8088167042739 3023.541636772159 3.0742255250936523 2744.0915844129577 -2.6072854847915323 2727.384863166805 819.1273056943887 box 0
1010.2266227026416 816.1491941496018 1011.488833381499 -3.1331831052303705 737.6258470424935 -3.555104527559817 736.3636363636364 815.7272727272725 box 0
1866.3859064806427 811.102338388561 1877.5725444694992 -2.086242316510777 1597.3431195508513 -5.941221597789366 1586.1564815619947 807.2473591072821 box 0
2144.318181818182 815.7272727272725 2154.8479142159713 -1.6910040723680515 1884.1190373147854 -5.178450716312227 1873.589304916996 812.2398260833284 box 0
2434.090909090909 823.6818181818181 2447.9098261765853 -3.7993439867112175 2167.7032304557188 -8.478787930762849 2153.884313370042 819.0023742377665 box 0
1285.227034356248 817.7476989063287 1284.4481850030204 -6.616519550070909 1017.4029688285907 -6.3642184563997075 1018.1818181818181 817.9999999999999 box 0
447.72727272727275 813.4545454545454 448.6416269078496 -2.073206515329326 167.37066152857764 -2.388562163801396 166.45630734800076 813.1391898060732 box 0
