2543.9060156723776 1118.984004951974 2582.0865621631197 413.66680128143855 1940.393999238404 378.93041231487183 1902.213452747661 1084.2476159854073 box 0
1884.4866217746658 1179.3436328886357 1931.9286752361354 473.700418973358 1301.68396156884 431.327584076086 1254.2419081073704 1136.9707979913637 box 0
3076.537942839119 1067.4340961037046 3114.3481871512613 440.2932354376166 2599.5972393508227 409.2589649619692 2561.7869950386803 1036.3998256280572 box 0
3608.212864095136 1102.9212555614092 3648.2437408205706 477.6553536693534 3125.9983404336726 444.2200724872969 3085.967463708238 1069.4859743793527 box 0
4652.748561585373 1191.4376586282292 4708.208240639104 572.2217142218968 4190.634199034745 525.8655270254575 4135.174519981014 1145.0814714317899 box 0
1240.1052631578948 1129.8245614035086 1291.6650040119168 424.4879777161176 668.1820832892636 378.91169745101183 616.6223424352415 1084.248281138403 box 0
595.39400324141 1083.228993482217 649.5242545977271 369.3779680220017 18.36105294908064 321.5178101829441 -35.76919840723643 1035.3688356431594 box 0
4134.724135193633 1110.3911208785555 4176.326910540259 490.12679492725914 3653.473231902315 455.0576103531339 3611.870456555689 1075.3219363044302 box 0
1882.7281576810335 2383.649212797306 1922.2967181533547 1901.6239193495014 1032.717609530881 1828.6000236475359 993.1490490585596 2310.6253170953405 box 0
2700.021154819312 2635.008967708646 2770.818058159526 1747.2342232149385 2223.2490974084712 1703.5675307044394 2152.452194068257 2591.342275198147 box 0
5169.283508695201 1292.3800572969167 5229.807900803787 675.5252124296068 4711.441367708608 624.6642691038404 4650.916975600022 1241.51911397115 box 0
3273.438596491228 2729.8245614035086 3365.3382982563407 1841.638380997346 2818.416274099061 1785.048927099469 2726.5165723339487 2673.235107505632 box 0
5510.3631783152605 1347.7297238932417 5564.485295935483 715.6874372113873 5231.281635222337 687.1550302876665 5177.159517602114 1319.1973169695207 box 0
