3790.3076923076924 1598.9807692307693 3797.087029551988 1083.3125372558357 3374.439175361972 1077.7561113186428 3367.659838117676 1593.4243432935762 box 0
3145.1153846153848 2501.8653846153843 3135.512003749223 1915.8352846120044 2615.3363388530925 1924.3594969814337 2624.9397197192548 2510.389596984814 box 0
1477.9555401862854 1588.5678955295718 1987.3658436329672 1568.4480967595111 1964.3417610923782 985.5046484862651 1454.931457645696 1005.6244472563257 box 0
1517.230769230769 2337.4423076923076 2030.6276689512983 2329.280606773285 2024.0600859151232 1916.1587829178054 1510.6631861945937 1924.3204838368274 box 0
970.1153846153845 1612.4423076923078 1466.8080815044098 1592.4812612364626 1443.7874581298324 1019.6568087069836 947.0947612408075 1039.6178551628293 box 0
3160.819617002799 2511.0595298565104 3675.8846153846152 2496.096153846154 3659.157055158776 1920.3049169828807 3144.0920567769604 1935.2682929932375 box 0
1523.961538461538 2779.75 2043.301826218776 2767.385424048437 2033.349993821772 2349.3858484043826 1514.0097060645342 2361.7504243559456 box 0
2078.9408856081577 2511.6467072839905 2586.4615384615386 2496.096153846154 2568.610226555126 1913.4860551606887 2061.0895737017454 1929.0366085985252 box 0
2421.049924541427 1605.3018536045581 2838.384615384616 1595.1346153846155 2826.039277110837 1088.395438000477 2408.7045862676478 1098.5626762204192 box 0
3355.060952867955 1655.2742082591167 3353.7823404954825 1079.3923441504664 2844.2183076020374 1080.5237131301665 2845.4969199745096 1656.4055772388165 box 0
1996.1668498506478 1598.7693628216784 2409.383612895871 1583.9520511612643 2391.269230769231 1078.7884615384617 1978.052467724007 1093.6057731988758 box 0
