382.6830911221929 2049.7980052381236 1291.4392523364486 1268.9345794392523 1161.211883211951 1117.3780842307128 252.45572199769532 1898.241510029584 box 0
975.5833988995364 2771.329129473314 1889.570093457944 2008.1869158878503 1769.6388969590046 1864.5498376197052 855.6522024005966 2627.692051205169 box 0
629.0128183332104 2334.290632001738 1526.9532710280373 1561.4579439252334 1396.3589156609107 1409.722702407941 498.41846296608344 2182.555390484445 box 0
157.30100657861084 1706.0108873848292 1070.6787680913085 939.2311251121344 951.2523364485982 796.9719626168223 37.874574935900625 1563.7517248895174 box 0
858.7533466059463 2623.0239654372363 1774.8784604903099 1865.706341989559 1651.3513355912442 1716.2759077012654 735.2262217068807 2473.593531148943 box 0
1224.6233970501203 3049.140465782323 2148.448598130841 2293.233644859813 2033.8171978732053 2153.1378374639553 1109.9919967924848 2909.044658386466 box 0
734.6987242925829 2474.8719123686305 1638.1682242990655 1717.5327102803735 1524.5864898433258 1582.0351253730526 621.116989836843 2339.37432746131 box 0
269.09289454710216 1874.9153122387127 1175.551401869159 1108.1869158878503 1050.3072127822848 960.117976181465 143.84870546022785 1726.846372532327 box 0
496.90111071796747 2180.514819681051 1407.3271028037384 1404.448598130841 1292.2444028000446 1269.4417154533764 381.8184107142732 2045.507937003586 box 0
1097.8824643200971 2924.4693163892016 2011.8691588785048 2161.327102803738 1891.9379623795653 2017.690024535593 977.9512678211573 2780.8322381210564 box 0
