1310.664189121528 966.825174683273 1494.5377140004182 963.4275032834611 1476.6925121571587 -2.310432785689888 1292.8189872782684 1.087238614121863 box 0
1112.0916785044103 966.5919986560962 1289.648169837208 963.829337673391 1274.6709904866786 1.244557206330748 1097.114499153881 4.007218189035759 box 0
1506.4608372763837 957.8562992158952 1678.6042103406098 956.3492404908629 1670.2482653542315 1.8936965879377785 1498.1048922900054 3.400755312970024 box 0
915.6403818701154 972.8764888541608 1088.6625728638032 972.1192546610556 1084.4469853784199 8.889926551112614 911.4247943847319 9.647160744217866 box 0
2284.1413657230732 944.8149480682281 2276.102564102564 2.6153846153845635 2080.403023437574 4.285083738217289 2088.4418250580834 946.4846471910611 box 0
2863.706405030211 922.0158517578554 2871.4799836956286 28.829791087084512 2694.399078978578 27.28862021174911 2686.6255003131605 920.47468088252 box 0
2476.102564102564 935.9487179487179 2466.9315944091372 -11.785862883456197 2284.7099188543734 -10.022553305229366 2293.8808885478 937.7120275269449 box 0
2678.6666666666665 935.9487179487179 2671.9443879962205 -0.44856665068422963 2472.2727554744347 0.9848509579205711 2478.9950341448816 937.3821355573228 box 0
2086.3962198874246 946.2918763985903 2073.5384615384614 -5.076923076923123 1878.4473135447413 -2.4402643612832016 1891.3050718937038 948.9285351142302 box 0
1689.0130774080176 947.515747734245 1879.7253901059887 945.8433220010011 1871.2882785781132 -16.268788562279326 1680.5759658801421 -14.596362829035227 box 0
