1079.2207792207791 211.50649350649365 1333.7662337662337 350.46753246753264 548.051948051948 1689.4285714285718 288.31168831168833 1538.7792207792206 box 0
562.3376623376623 1706.3116883116884 1345.4545454545455 358.2597402597404 1597.4025974025974 508.90909090909105 801.2987012987013 1850.467532467533 box 0
815.5844155844155 1850.467532467533 1607.7922077922078 515.4025974025975 1854.5454545454545 663.4545454545456 1063.6363636363635 1998.5194805194806 box 0
1071.4285714285713 2005.0129870129872 1867.5324675324675 668.6493506493508 2122.077922077922 821.896103896104 1325.9740259740258 2156.961038961039 box 0
1338.9610389610389 2159.5584415584417 2124.6753246753246 841.3766233766237 2385.714285714286 972.5454545454547 1585.7142857142858 2311.506493506494 box 0
1592.2077922077922 2316.701298701299 2392.207792207792 984.2337662337663 2648.051948051948 1134.883116883117 1841.5584415584415 2456.961038961039 box 0
1848.051948051948 2462.155844155844 2096.103896103896 2607.6103896103896 2905.194805194805 1297.2207792207794 2655.844155844156 1130.987012987013 box 0
2106.4935064935066 2614.103896103896 2920.779220779221 1294.6233766233768 3168.8311688311687 1447.87012987013 2358.4415584415583 2767.3506493506493 box 0
2374.025974025974 2766.0519480519483 3185.714285714286 1451.7662337662339 3432.4675324675322 1598.5194805194806 2625.974025974026 2919.2987012987014 box 0
2633.7662337662337 2934.883116883117 3446.7532467532465 1611.5064935064938 3685.714285714286 1758.2597402597405 2919.4805194805194 3034.883116883117 box 0
