465.3538409463931 159.46803433327017 965.1114607198524 154.47029154299858 970.1678981840419 660.0971830580341 470.41027841058246 665.0949258483056 box 0
992.6928089158707 156.1233965460076 1497.9616801465754 171.28601174043746 1482.6795360685232 680.5379837313258 977.4106648378184 665.3753685368958 box 0
465.913043478261 677.391304347826 965.0434782608696 677.391304347826 965.0434782608696 1185.2173913043478 465.913043478261 1185.2173913043478 box 0
1000.6515877945972 677.2954111253355 1500.6265880029298 682.2953277924188 1495.5223252488813 1192.7045888746643 995.5473250405486 1187.7046722075809 box 0
448.5217391304349 1192.391304347826 955.4782608695652 1192.391304347826 955.4782608695652 1704.3478260869563 448.5217391304349 1704.3478260869563 box 0
982.4347826086956 1195.6521739130433 1485.913043478261 1195.6521739130433 1485.913043478261 1708.6956521739128 982.4347826086956 1708.6956521739128 box 0
457.2173913043479 1709.5652173913043 963.304347826087 1709.5652173913043 963.304347826087 2219.1304347826085 457.2173913043479 2219.1304347826085 box 0
985.9130434782609 1723.478260869565 1498.9565217391305 1723.478260869565 1498.9565217391305 2223.478260869565 985.9130434782609 2223.478260869565 box 0
491.0991745357215 2221.9085190233463 981.5094356096338 2226.8127851107115 976.3790863338439 2739.8306114114353 485.96882525993163 2734.92634532407 box 0
981.8076377208574 2239.9107902154888 1489.5321628454499 2229.754945564266 1499.5836666269686 2732.263122827989 991.8591415023761 2742.418967479212 box 0
