1533.9534302744778 1906.2674393992434 2136.1783342471845 1448.8604558168079 1978.7118314142906 1241.5390703741507 1376.4869274415846 1698.9460539565866 box 0
1811.8673342200916 1026.3667777409999 2415.2542372881358 561.8644067796611 2253.386903068044 351.59932395391553 1650.0 816.1016949152543 box 0
1646.8661544136467 814.2864504665731 2249.677953216667 361.32861197225907 2094.06779661017 154.23728813559322 1491.2559978071497 607.1951266299073 box 0
1374.3364412962337 1699.1500640671213 1976.396699568994 1240.3083190862394 1818.1619531880146 1032.6836787479317 1216.1016949152543 1491.5254237288136 box 0
1481.6270184233447 611.5167848711617 2088.983050847458 155.08474576271186 1929.389930729198 -57.27949673556821 1322.0338983050847 399.1525423728814 box 0
1976.4948725630609 1236.826955921691 2578.3654470785523 773.4918927097184 2416.1016949152545 562.7118644067798 1814.2311203997626 1026.0469276187523 box 0
2140.596567478315 1448.3862779555895 2742.4671419938068 985.0512147436164 2580.203389830509 774.2711864406779 1978.3328153150171 1237.6062496526508 box 0
1201.6949152542375 1497.457627118644 1810.8348823800263 1033.2202993544045 1652.6026311541164 825.5989329852198 1043.4626640283273 1289.8362607494594 box 0
1034.7457627118645 1291.5254237288136 1644.1115781151111 827.1159726325562 1481.35593220339 613.5593220338983 871.9901168001435 1077.9687731301558 box 0
866.6440677966102 1078.5084745762697 1476.0098831998569 614.0990234800138 1313.2542372881358 400.54237288135585 703.8884218848892 864.9518239776133 box 0
