777.0000000000001 955.7142857142857 1285.8620002256873 970.9847271283719 1270.6261443241642 1478.6942228111757 761.7641440984765 1463.423781397089 box 0
1296.797179189037 951.182198332141 1804.8571428571427 966.4285714285713 1789.5807583929293 1475.4886138910806 1281.520794724824 1460.2422407946506 box 0
759.8802620909372 1487.3285130925842 1273.3489798004152 1477.0577692693653 1283.405452194777 1979.8143440502727 769.936734485299 1990.0850878734916 box 0
1284.142857142857 1476.4285714285713 1794.8571428571427 1476.4285714285713 1794.8571428571427 1993.5714285714284 1284.142857142857 1993.5714285714284 box 0
1804.142857142857 1497.8571428571427 2308.4285714285716 1497.8571428571427 2308.4285714285716 2011.4285714285713 1804.142857142857 2011.4285714285713 box 0
1807.7142857142856 969.9999999999999 2314.1428571428573 969.9999999999999 2314.1428571428573 1489.2857142857142 1807.7142857142856 1489.2857142857142 box 0
2319.1428571428573 970.7142857142857 2836.285714285714 970.7142857142857 2836.285714285714 1484.2857142857142 2319.1428571428573 1484.2857142857142 box 0
2317.714285714286 1494.9999999999998 2823.4285714285716 1494.9999999999998 2823.4285714285716 2007.1428571428567 2317.714285714286 2007.1428571428567 box 0
2837.7511659090515 1489.1859130931557 3352.648169342339 1499.485226440222 3342.67740551952 1997.956944049701 2827.7804020862327 1987.6576307026348 box 0
3357.034234092472 1479.1209140693488 2845.7079449687085 1489.3488036067963 2835.5371944789563 980.8790859306511 3346.86348360272 970.6511963932033 box 0
