2295.2398410946926 959.705728030974 3511.182903885944 847.2898857949183 3487.570086273471 591.8824521295483 2271.6270234822196 704.2982943656041 box 0
2471.3080155823536 2268.536772466701 3672.16530878349 2163.1135163792005 3649.9193846251655 1909.7142071475562 2449.062091424029 2015.137463235057 box 0
2260.9438616659118 428.1935055603165 3478.9108838474576 312.13130402918085 3455.360709867291 64.9936925063949 2237.393687685745 181.05589403753058 box 0
2519.390084298081 2798.0535620904366 3715.3184457806074 2691.8772506765545 3692.7209598373793 2437.348024921439 2496.792598354853 2543.524336335321 box 0
2391.811874473627 1758.2648607802594 3602.576520914006 1641.5735305208623 3577.1343787307183 1377.5912259506977 2366.3697322903395 1494.2825562100948 box 0
2490.0123141914223 2534.359577777843 3691.9125548340467 2433.18627726282 3670.2329685539385 2175.6410569877817 2468.332727911314 2276.8143575028043 box 0
2359.7876770019097 1482.4703366540332 3590.4536567620794 1371.167676552475 3566.882967376752 1110.548159287129 2336.216987616582 1221.8508193886871 box 0
2265.25261210398 687.9917369795924 3507.0973247273696 577.9069074171232 3484.714107714135 325.40636024941136 2242.8693950907455 435.49118981188064 box 0
2444.9003010393053 2015.730508411678 3635.6389661937956 1913.3700200377289 3612.890276658449 1648.7391586415445 2422.1516115039585 1751.0996470154942 box 0
2359.927265906037 1218.7922032743115 3564.072182041463 1111.3429864842362 3541.2944305661304 856.0808779329641 2337.1495144307046 963.530094723039 box 0
