517.4703948239002 2364.683793123974 518.6346922962931 2182.7687235264407 -1.4761386135730028 2179.439896908985 -2.640436085965998 2361.354966506518 box 0
547.1915541760121 1445.6641482456491 548.4835167971747 1247.2590108245488 5.702333343824385 1243.724561013384 4.410370722661732 1442.1296984344842 box 0
524.9265927188542 2184.0259816797443 525.8917166696501 1990.971942311503 0.9708885319087238 1988.3477358190348 0.0057645811127605695 2181.401775187276 box 0
518.2211304274639 2563.2987047166066 522.5538653915918 2362.11287859931 -6.664130362614088 2350.715647700385 -10.996865326741926 2551.9014738176816 box 0
537.1023670903103 1635.1440538884137 537.7883190819855 1445.9579712558184 2.489154077444779 1444.0170804499653 1.8032020857695428 1633.2031630825604 box 0
529.688437033364 1993.2908662505733 530.291536223047 1804.5233159747438 7.212217187217014 1802.8521139435184 6.609117997533964 1991.6196642193477 box 0
535.3405871476936 1816.7877891039661 536.9873809728709 1627.5157886662153 -6.587318715076426 1622.7863228345104 -8.234112540253827 1812.0583232722613 box 0
553.719551705104 1249.663771602753 554.9380948325924 1064.8901608690885 13.60883784415136 1061.3202081946101 12.390294716663 1246.0938189282747 box 0
568.1880615735284 886.8142658646623 566.9084694918271 704.1577634041928 10.269517657733823 708.0572730605086 11.54910973943523 890.7137755209781 box 0
567.9501654474518 1066.3422637838119 567.5604456555086 878.9952013274237 -0.9332439272187569 880.1777832132584 -0.543524135275459 1067.5248456696465 box 0
