-1.0337445256748363 1596.0094380761586 945.8823529411765 1546.8235294117646 935.4664206734501 1346.2983342439418 -11.44967679340101 1395.484242908336 box 0
3.732949116075278 1390.11673155315 936.4705882352941 1339.764705882353 926.9775159378039 1163.9118831848034 -5.760123181414997 1214.2639088556004 box 0
-25.04066188073608 1212.2077054440133 927.0588235294118 1158.5882352941176 916.1168636305597 964.2962297977558 -35.98262177958816 1017.915699947651 box 0
7.4810478869845225 1009.5821737511843 922.9756097560976 963.1219512195121 913.5170121926736 776.7411256365125 -1.9775496764392797 823.2013481681847 box 0
5.137246504726018 817.6515464708297 949.4117647058824 770.3529411764705 940.0980077519052 584.4120808566817 -4.176510449250941 631.7106861510407 box 0
-8.590488643410334 1772.7705411670877 955.2941176470589 1733.8823529411766 947.9887390708708 1552.8108689263959 -15.895867219598415 1591.6990571523074 box 0
2.1580694772254105 2340.9251257041187 976.4953553981644 2309.6795443548317 970.3641686863332 2118.4895084422224 -3.973117234606093 2149.7350897915094 box 0
2.358761955400194 2149.2493839462713 967.0588235294118 2111.529411764706 959.9082941268565 1928.6523904952371 -4.791767447155166 1966.372362676803 box 0
0.4744214391825494 1964.3667190247463 951.0959281358212 1927.1972212543308 943.6575728219368 1736.958962467363 -6.9639338747018655 1774.1284602377784 box 0
2.0668158181440504 2542.4823222201435 999.3952082835692 2510.4994494829302 993.0178326753999 2311.63245539822 -4.3105597900250245 2343.6153281354336 box 0
