2992.6549792685055 2493.362322001144 2994.9786000392633 2099.50679650698 2587.711186655567 2097.10404991658 2585.387565884809 2490.959575410744 box 0
3406.7952111904256 2493.677256213068 3407.5765172861343 2097.3583447042492 3002.426091604985 2096.559628094793 3001.644785509276 2492.878539603612 box 0
3411.5917637725406 2089.983472220233 3410.8870427017628 1697.2613917110373 3003.1111460785332 1697.9931261379209 3003.815867149311 2090.7152066471167 box 0
2993.12479295704 2089.8818939535117 2995.917688582701 1699.6669642847112 2585.4749323847564 1696.7292915018108 2582.6820367590954 2086.9442211706114 box 0
3410.626853890453 1686.9462627820978 3408.9216941601067 1294.4673909810613 3001.552459769215 1296.2372432298653 3003.2576194995613 1688.7161150309016 box 0
2988.151616833959 1689.7593660752423 2987.773620552102 1299.5722331321335 2577.2717588679448 1299.9699094374528 2577.649755149802 1690.1570423805615 box 0
3380.136842989261 885.1562783173102 3380.6758792339106 492.033387086732 2967.5906068093227 491.4669791289788 2967.051570564673 884.589870359557 box 0
3403.2496741877203 1284.6688151972014 3398.317699408478 890.695530038354 2993.8579063786856 895.7587807042877 2998.789881157928 1289.732065863135 box 0
2984.963374591556 1289.4704086927827 2982.811592028449 898.6875952389287 2574.121844982418 900.9379794450348 2576.2736275455254 1291.7207928988887 box 0
2969.665774860788 887.5189878671644 2965.592392784471 490.54951454917614 2554.9149464221705 494.76355684108745 2558.9883284984876 891.7330301590758 box 0
