1547.8674504731318 1422.2650815982677 1710.7345413903906 1338.995011569499 1174.8132719542361 290.7920007686757 1011.9461810369774 374.0620707974445 box 0
870.8835402046948 1811.2774460096086 1029.912715879482 1725.0746273411462 465.7748145545215 684.3385261278424 306.7456388797343 770.5413447963047 box 0
1371.083755441792 1519.2359142735456 1536.4933782828368 1433.9820028529027 996.6178185022998 386.51554370374913 831.2081956612549 471.76945512439227 box 0
1040.22711658335 1713.0858814147332 1198.1498915759544 1628.9791198505793 647.3767965331052 594.8218898865359 489.4540215405008 678.9286514506905 box 0
1724.5582467055021 1315.877158236034 1883.0744042957847 1232.834704622713 1341.3106429124175 198.68522999333624 1182.794485322135 281.7276836066571 box 0
1887.9968989525973 1228.0597549376553 2049.272545291044 1144.9073382845913 1509.4056027258694 97.82544212960535 1348.1299563874227 180.97785878266924 box 0
693.4634406710089 1897.1804325728258 847.9429459888808 1812.7302195997072 289.28162185383576 790.8059170514167 134.80211653596393 875.2561300245354 box 0
2063.9047756366804 1134.281165490629 2230.633647426986 1048.4953109830813 1687.944025785439 -6.247675118924974 1521.2151539951328 79.53817938862272 box 0
1202.4609917925186 1605.3208302659016 1362.4878094365495 1522.2295886054862 830.071049757164 496.83921039877083 670.0442321131331 579.9304520591863 box 0
531.4430687672715 1990.4087358238885 682.526986117006 1907.6778597443226 126.83878223828265 892.8747457740119 -24.245135111451873 975.605621853578 box 0
