1044.0332982916616 1621.8164476513377 1108.991659570345 908.4192632117915 480.3322205573364 851.1766950444626 415.37385927865313 1564.5738794840088 box 0
1551.063829787234 870.0425531914894 1592.7457808177842 251.62327773516492 1077.6827346835119 216.90761876613772 1036.000783652962 835.3268942224622 box 0
1693.5830385991821 1667.0322175111162 1756.7628949147656 945.2961458361086 1122.7543244006897 889.7958432186099 1059.5744680851062 1611.531914893617 box 0
3056.382978723404 1686.0 3082.7646500348465 956.1513899067825 2426.6845121076176 932.4362107403093 2400.302840796175 1662.2848208335267 box 0
3168.8985798456547 924.3371594003564 3200.3739193585334 302.0000345641462 2676.1462909124016 275.4866836344285 2644.6709513995224 897.8238084706388 box 0
3739.3821772696724 1689.0767294847178 3746.6845306375526 966.4147501890942 3097.3208187935606 959.8530610121084 3090.01846542568 1682.515040307732 box 0
2628.723404255319 893.4468085106383 2665.35766886294 272.2994439521573 2140.8308766740065 241.36370406940924 2104.196612066386 862.5110686278902 box 0
2360.815462287639 1689.6918007396441 2427.315750277836 963.5084090416116 1782.9724886095773 904.5026359058636 1716.4722006193801 1630.6860276038963 box 0
2089.3617021276596 868.9787234042553 2129.4256906637206 248.20380043839228 1606.5725951341394 214.4595565097548 1566.5086065980784 835.2344794756177 box 0
1013.8297872340426 851.9574468085107 1063.576140663372 229.78391007577244 547.4834046286951 188.51932691154337 497.73705119936574 810.6928636442816 box 0
3718.758628776201 918.5422872506847 3734.9939702263546 303.40249010532733 3209.2021931628205 289.5253046721563 3192.966851712667 904.6651018175138 box 0
2691.4893617021276 2639.191489361702 2751.894820953473 1743.7132505944685 2208.879381882395 1707.0835531237458 2148.4739226310503 2602.5617918909797 box 0
3261.702127659574 2740.255319148936 3351.213606572098 1850.5032581967046 2806.11835599633 1795.6651924382381 2716.6068770838065 2685.4172533904693 box 0
461.7417284242945 918.0545378180725 530.8525092686837 207.0088486146356 -11.55705096648498 154.28882117545783 -80.66783181087419 865.3345103788947 box 0
368.74510113235397 1660.7226819582352 440.3409496517816 936.8169306231218 -9.715805725478646 892.3053416162553 -81.31165424490635 1616.2110929513685 box 0
1866.6142017828975 2378.555537417521 1905.137347254233 1897.3280922960835 1013.2422313792214 1825.9302415659445 974.7190859078858 2307.157686687382 box 0
