1037.6206130468747 920.8479436207532 1037.2877494581373 611.6448688035637 1.6026114022830455 612.7598055552724 1.9354749910202287 921.9628803724619 box 0
1043.121594106062 1229.3984131164923 1042.9206845404412 902.634909578915 32.69972337593269 903.2560409240347 32.9006329415533 1230.0195444616122 box 0
1059.3506088324918 607.9894523665948 1059.4732995530374 294.4909808913076 20.37737063680735 294.0843204452948 20.254679916262 607.582791920582 box 0
1058.2183633899372 314.8054232251967 1058.0526380684864 -19.54733397427023 10.165137853654128 -19.0279379499282 10.330863175104755 315.3248192495388 box 0
10.34084515636539 1542.9458804731892 1070.19952619402 1524.9007275825966 1064.9270925038518 1215.231164204545 5.06841146619729 1233.2763170951378 box 0
-3.6216361380945727 2777.623238980864 1052.716153593696 2752.505904682698 1045.4437693930995 2446.6575944541946 -10.894020338691007 2471.77492875236 box 0
2.1240142327047806 3047.8166188519294 1051.046997191654 3019.7604480289883 1043.927521945884 2753.5879450518796 -4.99546101306521 2781.6441158748203 box 0
-7.008895426503727 2469.6985908123274 1060.6782470228645 2446.4529433300672 1054.0131121928612 2140.3191276935318 -13.67403025650708 2163.564775175792 box 0
-13.563277168898026 1871.6170382182333 1075.3988160270337 1846.4253548758227 1067.7408045965713 1515.3921307881144 -21.22128859936049 1540.583814130525 box 0
-5.235719169800518 2167.3905064227165 1053.4792397122437 2140.0488171650104 1045.8780827180794 1845.719577348035 -12.836876163964803 1873.0612666057416 box 0
