3157.980041872386 2555.961338475858 3316.2068699196816 2472.6310809163947 2774.8226802955824 1444.6551021064172 2616.595852248287 1527.98535966588 box 0
3670.9444970516806 2254.5594308661184 3837.858610586536 2166.5235291505214 3299.18750520662 1145.2150823785105 3132.2733916717643 1233.2509840941075 box 0
3499.7789059090483 2355.702360027991 3659.5641247691265 2271.3598194910473 3124.6879596305025 1258.0478589356321 2964.9027407704243 1342.3903994725756 box 0
2993.1896088472317 2640.923334269696 3153.618757169437 2551.810393211508 2606.3284110197114 1566.5289843033015 2445.8992626975064 1655.6419253614895 box 0
3332.708897350405 2459.5884612103996 3495.987969056161 2373.6372878243096 2964.5328133124367 1364.0465973833502 2801.2537416066807 1449.9977707694406 box 0
2338.830535268758 3069.2550201599797 2494.051282051282 2979.5384615384614 1907.759475345548 1965.1810957677226 1752.5387285630243 2054.897654389241 box 0
2147.4653066677506 3127.3880574415984 2309.4358974358975 3033.3846153846152 1744.2120300888446 2059.487897273347 1582.2414393206977 2153.49133933033 box 0
2820.294756802278 2755.676374371237 2985.481494887273 2666.1791155936517 2436.5829111969892 1653.0668949769065 2271.396173111994 1742.5641537544925 box 0
2491.055506199598 2959.1490735519883 2658.153846153846 2864.153846153846 2079.2674115653967 1845.8820351254167 1912.1690716111482 1940.877262523559 box 0
2676.3821439385 2849.282505231846 2833.0883251047208 2758.780829547177 2247.008964765113 1743.9680349292862 2090.3027835988923 1834.4697106139552 box 0
