705.0473482957439 1259.81857613152 705.1312775469407 1033.2200600470362 19.304580415193634 1032.9660384314682 19.22065116399677 1259.564554515952 box 0
695.9070234634803 1979.296998069394 695.732821444439 1733.348486887789 9.145400204427395 1733.8347875141021 9.319602223468744 1979.7832986957067 box 0
682.8219341647737 2446.4020485794263 684.3074045168178 2203.6814251466703 -8.364372671853669 2199.4422164047046 -9.849843023897808 2442.1628398374605 box 0
715.8041930572463 796.1785436739606 718.3131897067578 562.1491687995365 -7.149571837611287 554.371582592519 -9.658568487122867 788.400957466943 box 0
714.5483995816576 329.5718309151108 718.1899516670749 93.37185970594325 -20.897826041923746 81.97716467509915 -24.539378127341013 318.1771358842667 box 0
722.9852802019924 560.9066752314171 724.6289305498248 328.03157680732045 -9.625731251797017 322.8491509557166 -11.269381599629444 555.7242493798133 box 0
690.0535289684728 2202.618942923097 689.1689264569079 1964.7025218999322 -11.563192836423275 1967.3079300932607 -10.678590324858385 2205.224351116425 box 0
696.7215601954456 1021.3713237995483 699.5688530371592 787.9469506993595 -1.2215103182788853 779.3987628703733 -4.0688031599924015 1012.8231359705622 box 0
699.600494424893 1730.9553513272112 699.5855093622245 1501.3268545970723 -13.855922548367213 1501.373412253111 -13.840937485698722 1731.00190898325 box 0
699.4272452842953 1500.5205739060523 699.4588933039757 1280.8823452424792 -11.917480040764934 1280.7798418959494 -11.949128060445497 1500.4180705595224 box 0
