2083.2795713981773 2848.4858884271257 2081.321752112764 2638.8485980031537 1261.532710280374 2646.504672897196 1263.4905295657873 2856.1419633211676 box 0
2075.20353837404 2613.531873027371 2072.5585041128 2420.308541421682 1251.2523364485983 2431.551401869159 1253.897370709838 2624.7747334748474 box 0
2905.4579439252334 2380.1495327102803 2904.2093641756705 2181.535978119001 2088.521305235631 2186.6637831897515 2089.769884985195 2385.2773377810313 box 0
2904.3226523856797 2165.029962951431 2901.7196261682243 1958.6542056074766 2075.4693890990184 1969.0757350397616 2078.0724153164742 2175.451492383716 box 0
2914.7776432371647 2590.961866335483 2910.883346312548 2396.8521044220247 2085.68857988544 2413.4074461494492 2089.5828768100564 2607.5172080629077 box 0
2922.2803738317757 2822.2056074766356 2918.7871229085667 2616.1215770668423 2099.295544152571 2630.0124627815626 2102.7887950757804 2836.0964931913563 box 0
2081.8994635443805 2403.8593591245494 2078.355140186916 2190.429906542056 1257.7301186205616 2204.057643466195 1261.2744419780256 2417.4870960486874 box 0
2073.5064319011776 2170.4882432731156 2067.465809523219 1969.8468672482632 1249.8846112669014 1994.4614277134658 1255.9252336448599 2195.102803738318 box 0
2101.963572048963 3034.719170592552 2101.43425502508 2866.3267856878506 1271.8130841121497 2868.9345794392525 1272.342401136033 3037.326964343954 box 0
2926.952811218602 3028.8114929134945 2924.1495327102803 2837.158878504673 2108.7872282705925 2849.085079624247 2111.5905067789145 3040.7376940330687 box 0
