1335.342474528887 3134.2453160575596 1852.542372881356 2145.762711864407 1661.4457126853174 2045.775951541435 1144.2458143328486 3034.2585557345883 box 0
1101.135156108101 3107.4867910946246 1662.7118644067798 2054.237288135593 1475.4203486537424 1954.3762840588108 913.8436403550636 3007.625787017842 box 0
1573.2380548997737 3135.2313134108467 2033.8983050847462 2255.9322033898306 1843.7110976425995 2156.2941103179674 1383.0508474576272 3035.5932203389834 box 0
898.9709776735247 3021.6905720381483 1462.7118644067798 1961.0169491525426 1278.9121899502932 1863.3286601032746 715.1713032170378 2924.00228298888 box 0
512.9023594421827 2809.662367893194 1070.974358974359 1756.4615384615386 893.1489226090995 1662.235068004242 335.0769230769232 2715.4358974358975 box 0
706.5766297119602 2910.179116189887 1272.8813559322034 1854.2372881355934 1079.1001221569452 1750.3118391911876 512.7953959367018 2806.253667245481 box 0
325.03215769578054 2712.4587850732332 891.4871794871796 1656.4615384615386 706.366256371211 1557.1595025195268 139.9112345798119 2613.1567491312217 box 0
146.63698407940467 2593.084050765331 706.871794871795 1533.3846153846155 527.6776274671648 1438.649441316163 -32.557183325225424 2498.3488766968785 box 0
-6.503585371678143 2435.480429104278 522.2564102564103 1441.076923076923 329.0717388212722 1338.3537071949318 -199.68825680681618 2332.7572132222867 box 0
1769.5431396455365 3234.9262286650833 2230.20338983051 2355.6271186440677 2040.0161823883623 2255.9890255722044 1579.35593220339 3135.28813559322 box 0
1333.342474528887 3132.2453160575596 1850.542372881356 2143.762711864407 1659.4457126853174 2043.7759515414352 1142.2458143328486 3032.2585557345883 box 0
