1103.8831168831168 2437.0129870129867 1554.5324675324675 2224.025974025974 1329.2077922077922 1768.1818181818182 872.0649350649351 1991.5584415584417 box 0
1338.2987012987014 1766.2337662337661 1566.2207792207791 2220.12987012987 2020.7662337662337 1999.3506493506493 1799.987012987013 1546.753246753247 box 0
1323.3636363636365 1766.2337662337661 862.3246753246754 1979.8701298701299 662.974025974026 1516.8831168831168 1116.2207792207791 1302.5974025974026 box 0
1332.4545454545455 1744.8051948051946 1118.1688311688313 1282.4675324675325 1580.5064935064936 1074.6753246753246 1788.2987012987012 1529.2207792207791 box 0
2265.5714285714284 1316.8831168831168 1811.025974025974 1535.7142857142858 1591.5454545454545 1079.8701298701299 2047.3896103896104 863.6363636363637 box 0
2490.246753246753 1792.857142857143 2037.6493506493507 2007.7922077922078 1812.974025974026 1555.844155844156 2274.6623376623374 1335.7142857142858 box 0
2948.0389610389607 1559.0909090909092 2495.4415584415583 1779.220779220779 2273.363636363636 1320.7792207792209 2735.051948051948 1105.844155844156 box 0
2728.5584415584412 1079.2207792207791 2502.584415584415 635.0649350649351 2051.285714285714 859.7402597402597 2274.0129870129867 1306.4935064935064 box 0
3198.0389610389607 853.896103896104 2963.6233766233763 409.09090909090907 2513.6233766233763 633.1168831168831 2741.5454545454545 1074.025974025974 box 0
3206.4805194805194 875.3246753246754 2742.1948051948048 1087.6623376623377 2954.5324675324673 1540.2597402597403 3406.4805194805194 1323.3766233766235 box 0
