342.1875 1992.1875 164.0625 2217.1875 1140.625 3026.5625 1543.75 2956.25 box 0
534.375 1751.5624999999998 350.0 1985.9374999999998 1550.0 2953.125 1731.25 2718.75 box 0
720.3125 1506.25 537.5 1748.4375 1748.4375 2715.625 1937.5 2482.8125 box 0
915.625 1268.75 732.8125 1501.5625 1939.0625 2476.5625 2110.9375 2246.875 box 0
1095.3125 1032.8125 925.0 1270.3125 2118.75 2242.1875 2309.375 2015.6250000000002 box 0
1295.3125 796.875 1107.8125 1026.5625 2306.25 2007.8125 2479.6875 1773.4375 box 0
1484.375 554.6875 1303.125 787.5 2500.0 1775.0 2676.5625 1539.0625 box 0
2867.1875 1304.6875 2684.375 1539.0625 1492.1875 546.875 1670.3125 309.375 box 0
2873.4375 1292.1875 3056.25 1060.9375 1868.75 81.25 1679.6875 309.375 box 0
3251.5625 809.375 3071.875 1056.25 1876.5625 71.875 2264.0625 0.0 box 0
