1668.3395831768717 2634.505518715628 1708.1251017560242 2116.7720703038885 1296.899375051798 2085.1711976150427 1257.1138564726452 2602.9046460267823 box 0
2297.038461538462 2640.326923076923 2305.610925275796 2120.8435994018805 1720.1141044159117 2111.1817872966553 1711.5416406785769 2630.6651109716972 box 0
2845.3521512463967 2080.632653454185 2851.1318635665148 1569.120105872801 2432.6258661662723 1564.3912985724628 2426.846153846154 2075.903846153846 box 0
2826.333554811485 2698.104838070943 2831.9390064159925 2110.5032838938564 2318.9900669891226 2105.6099842844515 2313.3846153846157 2693.211538461538 box 0
3378.2325752976376 2743.625144674277 3390.794572052188 2161.8434936387694 2867.3784877939333 2150.5417429905174 2854.816491039383 2732.323394026025 box 0
1242.0449410547792 2565.1093990324566 1288.7584122016608 2056.184922282292 707.1521740657417 2002.8000931667807 660.4387029188604 2511.7245699169453 box 0
3373.0 2118.211538461538 3378.218462739623 1534.5159013463692 2866.3441593575667 1529.9395488610714 2861.125696617944 2113.6351859762403 box 0
3924.4416566974737 2113.324256374199 3920.0335175081736 1536.2294244517313 3406.0918608107 1540.1551680775315 3410.5 2117.25 box 0
1959.012580730143 2093.4245016630744 1970.9929842042063 1588.8986649093622 1557.0957880894475 1579.070317092442 1545.1153846153845 2083.596153846154 box 0
2400.79853818735 2076.543590500979 2402.7577440525756 1566.0634735618257 1985.5361289421487 1564.4621907531546 1983.576923076923 2074.9423076923076 box 0
3416.269230769231 2736.480769230769 3938.635344703979 2725.670833101968 3926.4955741983617 2139.043431466896 3404.1294602636126 2149.853367595697 box 0
