368.25396825396825 1239.4285714285716 665.0793650793651 1239.4285714285716 665.0793650793651 2775.936507936508 368.25396825396825 2775.936507936508 box 0
679.3650793650794 1229.904761904762 973.015873015873 1229.904761904762 973.015873015873 2785.4603174603176 679.3650793650794 2785.4603174603176 box 0
987.3015873015873 1221.968253968254 1285.7142857142858 1221.968253968254 1285.7142857142858 2775.936507936508 987.3015873015873 2775.936507936508 box 0
1295.2380952380952 1217.2063492063492 1580.952380952381 1217.2063492063492 1580.952380952381 2761.6507936507937 1295.2380952380952 2761.6507936507937 box 0
1590.4761904761904 1214.031746031746 1880.952380952381 1214.031746031746 1880.952380952381 2761.6507936507937 1590.4761904761904 2761.6507936507937 box 0
1888.888888888889 1209.2698412698412 2190.4761904761904 1209.2698412698412 2190.4761904761904 2750.5396825396824 1888.888888888889 2750.5396825396824 box 0
2198.4126984126983 1206.095238095238 2503.1746031746034 1206.095238095238 2503.1746031746034 2747.3650793650795 2198.4126984126983 2747.3650793650795 box 0
2511.1111111111113 1202.920634920635 2819.047619047619 1202.920634920635 2819.047619047619 2752.126984126984 2511.1111111111113 2752.126984126984 box 0
2825.3968253968255 1196.5714285714287 3112.6984126984125 1196.5714285714287 3112.6984126984125 2748.952380952381 2825.3968253968255 2748.952380952381 box 0
3120.6349206349205 1194.984126984127 3425.3968253968255 1194.984126984127 3425.3968253968255 2733.0793650793653 3120.6349206349205 2733.0793650793653 box 0
