3543.2755905511813 2525.984251968504 3552.4440710757776 1938.8690764348646 3036.9518204148444 1930.8190704773972 3027.783339890247 2517.9342460110365 box 0
3008.2262685981946 2499.3906041790037 3024.3856107076813 1912.9118872298232 2503.5294208496443 1898.5606531295598 2487.3700787401576 2485.0393700787404 box 0
2441.080693521464 2488.2978672413396 2457.5934432979734 1903.7143229709643 1949.847993066165 1889.3720212554695 1933.3352432896554 2473.955565525845 box 0
1440.9693162236306 1837.7974295775969 1944.8503937007874 1817.3228346456692 1921.5195978300749 1243.1504712451133 1417.6385203529185 1263.6250661770416 box 0
937.3781150467207 1894.4005484495021 1433.357540562857 1868.4852630201547 1403.8219452011758 1303.2185728383686 907.8425196850394 1329.1338582677165 box 0
1389.732283464567 2307.8740157480315 1903.306493095441 2257.314630862854 1862.4353473400893 1842.1520171229265 1348.8611377092147 1892.711402008104 box 0
1972.294617755621 1833.0947777434524 2391.0861881027417 1824.1688125572834 2380.283464566929 1317.3228346456692 1961.491894219808 1326.2487998318381 box 0
3396.435866217448 1830.1545757965562 3814.67996203962 1825.2183773024635 3808.6299212598424 1312.5984251968505 3390.38582543767 1317.534623690943 box 0
1389.9359472535791 2745.062593505421 1897.6062992125983 2707.0866141732286 1866.2249306253934 2287.5743141410617 1358.5545786663738 2325.5502934732544 box 0
2845.5452589435326 1898.3620057885407 3355.478940029789 1893.1620465522317 3349.5748031496064 1314.1732283464567 2839.64112206335 1319.3731875827657 box 0
2408.4782829968754 1834.533928252808 2830.1256024471722 1827.8252811180364 2822.015748031496 1318.1102362204724 2400.368428581199 1324.8188833552442 box 0
