3140.484690320408 956.3380395198238 3275.0 799.8181818181816 2653.101668037368 265.3502367179625 2518.5863583577757 421.8700944196049 box 0
2985.2272727272725 1127.090909090909 3126.5520799806436 969.7025706936881 2521.5672638261185 426.4643396726035 2380.242456572748 583.8526780698242 box 0
3313.7098844828165 2012.232267472561 3448.461592360141 1860.7826100197283 2838.502880133492 1318.074362344807 2703.751172256169 1469.5240197976404 box 0
3462.5 1853.2272727272727 3595.0908355604256 1707.6216207168532 2992.234150967996 1158.6506815421976 2859.6433154075703 1304.2563335526177 box 0
2693.1818181818185 1464.590909090909 2832.2072559573776 1313.7284631699251 2228.6044049286565 757.4856547323943 2089.5789671530974 908.3481006533788 box 0
2835.677618648936 1300.4702973194007 2979.5454545454545 1141.8636363636363 2380.8445154883143 598.7981186084471 2236.9766795917967 757.404779564212 box 0
3614.7727272727275 1695.272727272727 3755.8716138158766 1539.0227994017466 3141.3332466611605 984.074195424314 3000.234360118012 1140.3241232952948 box 0
3163.6363636363635 2180.4999999999995 3302.1258889131386 2026.0576317179898 2696.268448523866 1482.781131634128 2557.7789232470905 1637.223499916137 box 0
2541.655747867597 1618.0763636143542 2679.5182437657177 1470.7658002223036 2085.2272727272725 914.5909090909089 1947.3647768291512 1061.9014724829594 box 0
3760.5830090703435 1513.2908863196722 3897.6793496935115 1358.921773997175 3283.6872497140776 813.6308876775033 3146.590909090909 967.9999999999999 box 0
