743.6557775305615 1234.1815321253828 947.7861936326375 1227.2028315825999 919.4081938798538 397.1324105683282 715.2777777777778 404.11111111111126 box 0
547.2222222222223 2079.1111111111113 757.0420531462124 2072.1060023372324 729.4859370058234 1246.7341464343058 519.6661060818334 1253.7392552081847 box 0
333.33333333333337 2091.6111111111113 542.5249719850145 2081.757141841644 504.03706212376943 1264.6905657260331 294.8454234720882 1274.5445349955003 box 0
520.0618258025223 1239.1550519178916 728.0259213659057 1231.0591350522445 695.8333333333334 404.11111111111126 487.86923776995025 412.20702797675824 box 0
966.7750502994934 1222.5877859371865 1165.4750603575126 1214.123453388756 1130.5555555555557 394.38888888888897 931.8555454975364 402.8532214373197 box 0
78.0965428989815 1263.406568010124 289.7276239376371 1258.0320858843984 268.5755254831 425.12551787427464 56.94444444444445 430.5000000000001 box 0
298.066175820201 1247.6456333678573 504.914339171459 1241.1805442978969 479.0703855734803 414.3126887078175 272.2222222222223 420.777777777778 box 0
768.0555555555555 2069.3888888888887 969.4975083773007 2062.830777957544 942.7607648117418 1241.5726607461002 741.3188119899966 1248.1307716774456 box 0
990.7351654571366 2060.3644003365494 1188.888888888889 2055.5 1168.6798905585808 1232.276583150801 970.5261671268286 1237.1409834873502 box 0
111.14947825118324 2093.5452341101236 325.1290186884661 2082.7353991944956 284.00732743706646 1268.7358640806597 70.02778699978357 1279.5456989962875 box 0
