651.480831266839 2424.3858637982185 651.0454255638899 2146.6151743828996 -4.0656311287469284 2147.6420613116443 -3.6302254257978475 2425.412750726963 box 0
629.1685695561788 830.7610072974038 635.1839914689061 572.4747205209659 2.1499263849833437 557.7315181847738 -3.8654955277440717 816.0178049612117 box 0
629.4130062894847 1100.578103743049 636.2996620672275 834.3407405966639 -13.809614642145899 817.5246230025565 -20.69627041988861 1083.7619861489416 box 0
638.305747495607 570.5770276735882 644.616920111451 304.4749170444612 -17.04892090411543 288.78211653722724 -23.360093519959396 554.8842271663542 box 0
643.8968423317599 2679.655538665059 643.6428313262231 2426.2210431948533 3.297552733547671 2426.862845124004 3.551563739084533 2680.2973405942093 box 0
650.5580727763111 2151.3231468061203 654.3185000739657 1890.9332849974505 0.11912296343485029 1881.485646834016 -3.6413043342196287 2141.875508642686 box 0
647.9846945215878 1894.1243790522885 652.6505996154752 1627.633448613014 -17.64588617579323 1615.8974402531314 -22.311791269680562 1882.3883706924057 box 0
642.3765113224995 1621.029208184282 645.3333333333334 1371.8461538461538 -1.8417490003257564 1364.16673305492 -4.798571011159602 1613.349787393048 box 0
647.2491570952475 1355.9815463171815 649.9508308157474 1092.6311727892491 -10.542067575746724 1085.855270852008 -13.243741296246643 1349.2056443799404 box 0
664.3906506120999 2940.9253358031333 663.9259508769918 2677.5635293096134 -10.003181320412835 2678.7526717041906 -9.538481585304709 2942.1144781977105 box 0
