661.5126700915172 2951.6254808630442 661.0630219029905 2682.408803667932 -6.257522729761872 2683.5233686242605 -5.80787454123511 2952.740045819373 box 0
636.2634370660626 1099.5259511175693 643.120727153676 834.1431764928038 -14.827731022819192 817.142286187118 -21.685021110432558 1082.5250608118836 box 0
628.3914301400258 830.3457828680052 634.6831399033566 570.9615831770491 1.9082828040049424 555.6127849420534 -4.383426959325947 814.9969846330096 box 0
643.4309780392967 1894.6578990811952 648.1950598032512 1627.217576605821 -15.960285118612019 1615.3865619783746 -20.724366882566372 1882.826884453749 box 0
649.4439475685556 2150.607659366565 653.3083819227265 1890.3749995666574 0.6956983893911279 1880.6837529869506 -3.1687359647797444 2140.916412786858 box 0
636.3917245906284 571.0847073875968 643.3019819130088 304.3329706468204 -15.325242237418054 287.2711001075203 -22.235499559798512 554.0228368482967 box 0
646.5147592097854 2680.4370662141 646.1661991948964 2420.7143618544196 -4.439415314827077 2421.5875050139275 -4.090855299937996 2681.310209373608 box 0
632.5128205128207 1623.128205128205 635.6237207163824 1358.586764635661 0.579877094382476 1351.1189062210547 -2.5310231091793667 1615.6603467135978 box 0
640.2051282051283 1343.6410256410256 642.9225317425006 1093.1109802679562 -11.413796980916455 1086.0136444906984 -14.13120051828883 1336.5436898637677 box 0
660.2317009364136 2416.706565799183 662.619399156751 2150.7627307916296 -4.052990666485744 2144.7772095304067 -6.440688886823022 2410.72104453796 box 0
