1442.3824728302775 664.0861258813204 1505.0101316986265 425.56560167659285 311.7860898702929 112.26414263319386 249.158431001944 350.7846668379215 box 0
1300.7524456848282 1194.5170339315641 1372.0959007323572 953.4642780344166 197.5582478652815 605.8408960611114 126.21479281775271 846.8936519582589 box 0
1228.336799672667 1452.2748870509795 1302.169440843907 1208.151882390462 145.82992338794077 858.4281814915005 71.99728221670102 1102.551186152018 box 0
1108.761724866249 1960.7294826950965 1180.2851980054102 1704.545912036518 22.15122166362835 1381.2083766298233 -49.37225147553295 1637.391947288402 box 0
1355.7589411056601 926.0066085746834 1423.3663594848806 682.7896093763217 215.64966001942196 347.0786662537137 148.0422416402015 590.2956654520755 box 0
1177.5252532496193 1703.5667657197332 1248.7333700132208 1455.3498688638806 92.07283081867888 1123.5287085234306 20.86471405507757 1371.7456053792835 box 0
1025.1486909882408 2217.9020273239043 1096.4871794871797 1971.8461538461536 -15.882226677529232 1649.339111170628 -87.22071517646816 1895.3949846483788 box 0
953.5708114634514 2474.2113582943957 1024.8205128205127 2230.8205128205127 -19.468683047587206 1925.1175879995703 -90.71838440464865 2168.508433473453 box 0
886.9743967174363 2707.283083326392 953.0256410256412 2482.102564102564 -44.283162047765686 2189.566213135867 -110.33440635597036 2414.746732359695 box 0
828.0990268940718 2950.689513186973 894.0512820512821 2730.8205128205127 -50.12331004693059 2447.604400011391 -116.0755652041409 2667.4734003778517 box 0
