1599.1794871794873 2730.8205128205127 2098.709679211738 2115.338799828725 1903.4301278687858 1956.8482553929748 1403.899935836535 2572.329968384762 box 0
2630.4409276948904 1491.4728828577154 3160.47168370371 872.1637920000602 2968.104264260676 707.52766722163 2438.0735082518563 1326.8367580792853 box 0
3154.8004891465007 880.3817432346468 3687.4322294298872 265.2009609766849 3493.3573264052566 97.16831703756998 2960.72558612187 712.3490992955319 box 0
2436.699696161452 1315.1347276821155 2950.7368128251887 703.0217225667775 2746.6847566583724 531.6639345035535 2232.6476399946355 1143.7769396188914 box 0
1925.2283589456385 1944.817889896509 2424.28208872133 1325.2360102976336 2208.527352419108 1151.4523516501217 1709.4736226434165 1771.0342312489972 box 0
2955.2787614599274 701.9747792010895 3479.7927217531733 98.71250444511918 3275.374317763705 -79.02164390140695 2750.8603574704593 524.2406308545634 box 0
2111.5036880138964 2110.0643502459066 2632.4178407439235 1491.4973631291523 2429.0007751819044 1320.1936392560465 1908.0866224518772 1938.7606263728007 box 0
1409.5408048568422 2557.529937932776 1894.4938240710144 1930.205415682429 1695.397007185394 1776.2936857244513 1210.4439879712218 2403.6182079747978 box 0
1099.2271758965235 3353.986193670637 1593.2160322774769 2742.9718943480316 1401.048901911954 2587.609865884025 907.0600455310007 3198.6241652066306 box 0
881.8425605119082 3180.1913218757654 1375.8314168928616 2569.17702255316 1183.6642865273388 2413.8149940891535 689.6754301463855 3024.829293411759 box 0
