1873.034328390557 1824.3432288540753 1920.4316732788136 1102.4416825348796 1287.82287680315 1060.9069643191021 1240.4255319148936 1782.8085106382978 box 0
639.6704474019183 1030.3742734273724 719.9586480749474 324.90997016212384 88.29787234042553 253.0212765957448 8.009671667396386 958.4855798609933 box 0
2541.702409873572 1834.6390090038649 2578.046472023728 1116.2912228841262 1932.0887430012187 1083.609660688772 1895.7446808510638 1801.9574468085107 box 0
1220.084344626026 1797.0023273437487 1274.3950618451863 1080.2827490881054 645.4453335279658 1032.622950366212 591.1346163088052 1749.3425286218553 box 0
3370.9083064975375 1110.6265733622856 3383.074594395527 488.7258806425923 2850.6301005400755 478.3096307850533 2838.463812642086 1100.2103235047468 box 0
2823.9983550432453 1045.5529601819712 2843.88162501323 418.2254603726819 2324.5821395493 401.7661598193141 2304.6988695793148 1029.0936596286033 box 0
3217.865273707721 1874.0946871945098 3245.4386071457043 1156.682328704809 2589.588141241737 1131.4750913777348 2562.014807803754 1848.8874498674356 box 0
2286.275250657263 1033.2851110003028 2311.832476673179 403.3444821491745 1791.764400353129 382.2448788509795 1766.2071743372126 1012.1855077021075 box 0
1754.312176615858 1015.1113575426614 1775.3638896797897 393.71720917838525 1254.7692129711452 376.08040042257466 1233.7174999072138 997.4745487868508 box 0
3910.9688437738823 1110.1166595619661 3925.962259372805 484.38005992377344 3396.0187750498794 471.68196473645435 3381.0253594509563 1097.4185643746468 box 0
1205.2184694796476 1025.6305662906975 1242.3920838106935 395.0590131700142 729.2098850095902 364.8057658654385 692.0362706785442 995.3773189861216 box 0
537.2340425531914 1766.8510638297873 606.3907887320144 1039.132789676091 -17.383435534174737 979.854086319855 -86.54018171299764 1707.5723604735513 box 0
2971.738410865961 2798.4630724982944 3024.1097020524385 1888.7455783084429 2480.9164229136363 1857.4746248816869 2428.5451317271586 2767.192119071539 box 0
3540.925419133032 2829.8047997061026 3610.5888293701823 1932.7598196733363 3073.9187293860873 1891.082679541702 3004.255319148936 2788.127659574468 box 0
3914.8936170212764 1873.2340425531916 3917.3727655889597 1154.5927105056692 3259.8546071354194 1152.324422935691 3257.3754585677357 1870.9657549832132 box 0
2122.3404255319147 2520.0425531914893 2162.626599406929 2033.8056820864663 1271.2210099642853 1959.9500723960002 1230.934836089271 2446.186943501023 box 0
