1605.3191489361702 777.5744680851063 1681.914893617021 1031.8297872340424 776.063829787234 1303.1063829787233 697.8723404255319 1050.9787234042553 box 0
1673.404255319149 1046.723404255319 1756.3829787234042 1300.4468085106382 842.5531914893617 1577.5744680851067 763.2978723404254 1319.595744680851 box 0
1746.2765957446807 1320.659574468085 1824.468085106383 1573.851063829787 909.0425531914893 1843.0 832.4468085106382 1587.1489361702127 box 0
1830.31914893617 1579.7021276595747 1914.3617021276596 1836.6170212765956 999.9999999999999 2107.8936170212764 920.2127659574468 1852.0425531914893 box 0
1917.0212765957447 1846.191489361702 1997.3404255319147 2100.978723404255 1082.9787234042553 2371.723404255319 1001.063829787234 2118.531914893617 box 0
2835.106382978723 1563.7446808510638 2904.255319148936 1815.872340425532 2007.4468085106382 2110.553191489362 1928.191489361702 1860.0212765957444 box 0
2758.510638297872 1304.7021276595744 2839.3617021276596 1550.4468085106382 1935.6382978723402 1827.042553191489 1854.255319148936 1576.5106382978722 box 0
2692.0212765957444 1041.404255319149 2765.9574468085107 1288.7446808510638 1854.255319148936 1561.0851063829787 1775.0 1307.3617021276596 box 0
2601.595744680851 779.7021276595744 2681.9148936170213 1032.3617021276596 1764.8936170212764 1298.3191489361702 1689.3617021276596 1043.0 box 0
2530.851063829787 519.0638297872341 2604.787234042553 772.7872340425531 1689.8936170212764 1028.6382978723404 1617.5531914893616 775.4468085106383 box 0
