306.0745697511532 2596.728829089401 1175.8658150548902 1832.7096911782573 1049.1745839582584 1688.4791108214874 179.38333865452142 2452.4982487326315 box 0
672.3637680286511 3009.5516137727923 1558.0985627296936 2235.3578525244397 1434.848837638463 2094.3510717740824 549.1140429374204 2868.544833022435 box 0
72.58665503174507 2315.487434863926 960.4177550905061 1526.3188458299846 829.9487179487181 1379.5384615384617 -57.88238211004291 2168.707050572403 box 0
565.8923010237284 2862.026780324938 1435.121117925779 2089.451582566827 1312.5363160722188 1951.5307140293098 443.3074991701683 2724.105911787421 box 0
-18.15580327495661 2123.2839927258274 828.7062533309208 1379.8638219408842 706.8717948717949 1241.076923076923 -139.9902617340823 1984.4970938618662 box 0
181.1957223867176 2447.7357848335078 1069.8414460365623 1670.835265738101 950.0348604227306 1533.7963433098025 61.389136772885934 2310.6968624052092 box 0
434.00476197850816 2729.3580195728346 1316.697759752438 1944.1184275952508 1196.4281462703932 1808.9225628551435 313.7351484964633 2594.1621548327275 box 0
793.194206793882 3142.4701873760864 1678.3276783602469 2373.2004174452945 1557.4980371636375 2234.171998598035 672.3645655972726 3003.4417685288267 box 0
1027.3384482484876 3175.193987162777 1793.9857509973017 2510.496586279639 1678.1592934507312 2376.9049081008943 911.5119907019172 3041.602308984033 box 0
-150.9250340441875 1990.514761956597 695.93702256169 1247.0945911716535 574.1025641025641 1108.3076923076924 -272.7594925033133 1851.7278630926357 box 0
