1631.4346867191846 2349.2502649877433 1621.2893111974984 1717.7563335897364 989.7401736628956 1727.9025960352062 999.8855491845818 2359.396527433213 box 0
2921.3583112286183 2289.6753863732442 2897.3549496142746 1658.1019928650262 2269.172109456196 1681.9764942725078 2293.1754710705395 2313.549887780726 box 0
2272.7792393157033 3013.310010058861 2258.888291764265 2381.9499336346926 1624.0807872345893 2395.9167302060314 1637.971734786028 3027.2768066301996 box 0
2282.0835103225577 2329.2437778195504 2264.02039534758 1704.351086294191 1624.3819926071296 1722.8404400149223 1642.4451075821075 2347.7331315402816 box 0
1001.9589189531785 3016.3620144466017 983.605763102315 2384.1570033667463 353.45131740546407 2402.4506305118944 371.8044732563275 3034.65564159175 box 0
3552.2219634091393 2255.826909045173 3525.7097736890023 1621.527252148083 2902.961332794474 1647.5566290102463 2929.473522514611 2281.8562859073363 box 0
3543.0499972985335 2955.9509777699423 3519.8492361742974 2315.8121143050794 2897.5642895056653 2338.3657901133583 2920.7650506299015 2978.504653578221 box 0
999.7886157141833 2342.871505464032 980.7683364811827 1705.8432614770875 352.8271868599744 1724.5922198167295 371.84746609297497 2361.6204638036743 box 0
1622.5469437270056 3018.3279229825353 1611.1570145765793 2382.237852161436 988.700658735763 2393.383653860726 1000.0905878861893 3029.4737246818254 box 0
2919.332440571316 2986.636534075535 2892.5949095584815 2347.8243627771203 2261.6823032336156 2374.2312569095725 2288.41983424645 3013.0434282079873 box 0
