1056.8698392484332 2962.4847737692126 1062.4372894435016 2807.130437821539 104.77281425161823 2772.810512106605 99.20536405654997 2928.1648480542794 box 0
1067.1826253829704 2640.0789290399866 1071.7265781695687 2485.0432765176124 110.24086562051315 2456.863012096297 105.69691283391501 2611.8986646186722 box 0
1083.96261682243 2154.9158878504672 1087.5751678227912 2003.0671504247432 119.08137003922599 1980.0262394672966 115.46881903886462 2131.8749768930206 box 0
1059.5336936485733 2478.0138249549946 1062.5106648805995 2320.6959852085347 109.21346472282589 2302.6564650561177 106.23649349079956 2459.9743048025775 box 0
1069.2076497698386 2318.4440825244915 1072.5050225991615 2157.3405844632302 124.47880582309273 2137.9369344723723 121.18143299376936 2299.0404325336335 box 0
1090.5046728971963 1841.8317757009345 1094.2970325782949 1683.517927672538 132.75310584822552 1660.4844377741538 128.96074616712687 1818.7982858025507 box 0
1060.5328494496746 2808.089299914615 1066.2056074766356 2646.504672897196 112.38686087762903 2613.0189196364477 106.71410285066804 2774.6035466538665 box 0
1084.8971962616822 1679.214953271028 1088.4317333403521 1525.760700065931 123.54466129550684 1503.5362972772143 120.01012421683693 1656.9905504823114 box 0
1084.8971962616822 1518.467289719626 1087.6340312335724 1360.5126095362696 123.73548392445656 1343.8114187227561 120.9986489525664 1501.7660989061126 box 0
1097.0467289719625 1998.841121495327 1100.932299987043 1849.1269616267903 127.0604320005534 1823.8518085886706 123.17486098547272 1973.565968457207 box 0
