1724.9410273388542 1614.6333837342208 1779.4170772461998 902.8841323566926 1134.1547745868052 853.4968778777175 1079.6787246794593 1565.2461292552457 box 0
2632.705882352941 919.9999999999999 2697.245708069129 292.36715958414214 2174.1928490973914 238.58135013538467 2109.6530233812036 866.2141905512425 box 0
3073.118605437093 1707.4977130615468 3132.878158063401 981.5192655579833 2474.5961330272635 927.3322033202892 2414.836580400955 1653.3106508238527 box 0
2089.176470588235 874.1176470588235 2156.8498135066275 242.49452863084323 1650.0514003347087 188.19515008618214 1582.3780574163163 819.8182685141624 box 0
1063.2941176470586 1565.8823529411766 1126.9311482248306 849.0955883895053 506.5274060210869 794.0155368795171 442.8903754433147 1510.802301431188 box 0
2379.7647058823527 1651.764705882353 2435.4576757652585 925.3118838813656 1793.7855264969605 876.1185617528016 1738.0925566140547 1602.5713837537887 box 0
3743.1273969532554 1728.4932181257475 3787.864938437498 1008.2440655504204 3144.221617328971 968.2648171525727 3099.4840758447285 1688.5139697278998 box 0
3188.1117755393375 950.4943107395509 3246.4889246889334 322.15151947972606 2719.120138980926 273.1555149287841 2660.7429898313303 901.4983061886089 box 0
1543.2941176470586 858.8235294117648 1618.5734773080699 235.04926974236662 1112.2340187135562 173.94237149635677 1036.9546590525451 797.716631165755 box 0
3716.971052334885 975.42882879917 3798.3238052663282 361.3257834621114 3278.1875446912663 292.4211964900291 3196.834791759823 906.5242418270875 box 0
2700.8500810235228 2623.3926815988143 2739.8315430313405 1726.4680743924528 2198.3051751043567 1702.9326630903515 2159.3237130965385 2599.857270296713 box 0
1007.9999999999997 782.3529411764706 1100.186220517149 166.65682704218435 600.3913797071104 91.82413547480053 508.20515918996097 707.5202496090868 box 0
373.8823529411762 1567.0588235294117 468.2064562370672 852.319587576457 -22.43881055179105 787.5691548336285 -116.7629138476821 1502.3083907865835 box 0
459.7900141327077 819.3795855517045 559.7647058823526 107.05882352941177 -23.68438728831883 25.171356041103213 -123.65907903796366 737.492118063396 box 0
3288.639735859822 2657.987796794486 3319.853426844842 1756.7320746667158 2787.7267262218224 1738.3026345085868 2756.513035236801 2639.558356636356 box 0
1870.3529411764705 2375.294117647059 1912.0070923906821 1897.6271183343772 1020.7263771834047 1819.904475281843 979.0722259691931 2297.5714745945256 box 0
