964.8854961832061 570.9923664122138 1065.648854961832 420.6106870229007 2017.557251908397 1073.2824427480916 1918.3206106870227 1228.2442748091603 box 0
861.0687022900763 736.6412213740458 963.3587786259542 590.0763358778626 1919.8473282442746 1243.5114503816794 1808.3969465648854 1399.236641221374 box 0
748.091603053435 900.0 853.4351145038167 748.091603053435 1807.6335877862596 1412.2137404580153 1693.1297709923663 1568.7022900763359 box 0
632.0610687022901 1059.5419847328244 741.2213740458014 909.1603053435114 1683.9694656488548 1579.3893129770993 1573.2824427480916 1729.0076335877861 box 0
516.7938931297709 1222.9007633587785 622.1374045801526 1071.7557251908397 1567.175572519084 1738.9312977099237 1458.7786259541983 1893.1297709923663 box 0
405.34351145038164 1385.4961832061067 511.45038167938924 1241.9847328244275 1458.0152671755725 1908.3969465648854 1344.2748091603053 2064.885496183206 box 0
300.0 1545.8015267175572 404.5801526717557 1400.7633587786258 1337.4045801526718 2075.5725190839694 1227.4809160305342 2226.717557251908 box 0
180.15267175572518 1707.6335877862596 283.96946564885496 1560.3053435114502 1222.1374045801526 2241.9847328244273 1112.2137404580153 2389.3129770992364 box 0
65.64885496183206 1870.2290076335878 171.75572519083968 1724.4274809160306 1108.3969465648854 2403.053435114504 996.9465648854962 2552.671755725191 box 0
2.2900763358778624 2083.2061068702287 80.1526717557252 1900.7633587786258 1010.6870229007632 2580.152671755725 900.763358778626 2732.06106870229 box 0
