726.4282223873437 1412.6109154115818 726.4983939485847 1139.7744050510044 -4.426143186599066 1139.5864165891505 -4.496314747840242 1412.422926949728 box 0
752.3591321294064 2204.0541370198107 752.2379070163836 1937.6405879971674 -13.107509929394116 1937.9888401225237 -12.986284816371306 2204.402389145167 box 0
768.4102564102565 2992.358974358974 768.3568721656728 2723.0243195821836 21.70321388402412 2723.1723122032818 21.75659812860773 2992.506966980072 box 0
747.4079930065337 1932.2482645107964 746.48854924371 1672.6794027611356 -50.32983863581035 1675.501889602973 -49.41039487298656 1935.070751352634 box 0
749.6236176214954 2469.6244086803895 749.1039982006303 2190.79118680299 7.976008442805171 2192.1723152575983 8.495627863670318 2471.0055371349977 box 0
729.4537196674049 1674.080960762612 729.0963416181945 1404.7246729002304 5.603133817702499 1405.6845932840188 5.960511866912881 1675.0408811464004 box 0
768.4102564102565 2720.5641025641025 767.4950861285168 2467.8854007069554 -29.49754747448814 2470.772007166772 -28.582377192748567 2723.450709023919 box 0
664.7751390696736 621.2208957273762 664.8899755760857 339.97003797654327 -8.348568749544217 339.69515041520197 -8.463405255956257 620.9460081660349 box 0
714.2461368663488 1138.151238485117 713.5366540705551 881.7387435232356 -35.64887600972048 883.8117089788725 -34.939393213926735 1140.2242039407536 box 0
687.011512649678 875.829947993519 686.8394664556963 617.8160878130607 9.781995403147794 618.2675564315298 9.954041597129612 876.2814166119881 box 0
