619.7777777777777 1698.888888888889 857.5555555555554 1694.4444444444446 894.2222222222222 3034.4444444444443 655.3333333333333 3032.222222222222 box 0
876.4444444444443 1684.4444444444443 1110.888888888889 1681.111111111111 1146.4444444444446 3033.3333333333335 904.2222222222222 3032.222222222222 box 0
1130.888888888889 1685.5555555555554 1365.3333333333333 1681.111111111111 1406.4444444444446 3031.111111111111 1160.888888888889 3032.222222222222 box 0
1383.111111111111 1672.222222222222 1613.111111111111 1671.1111111111109 1659.7777777777778 3031.111111111111 1428.6666666666667 3024.4444444444443 box 0
1643.111111111111 1670.0 1875.3333333333333 1661.111111111111 1913.111111111111 3028.8888888888887 1673.111111111111 3032.222222222222 box 0
1890.888888888889 1656.6666666666665 2120.9876543209875 1643.20987654321 2162.962962962963 3028.395061728395 1924.2222222222222 3032.222222222222 box 0
2144.4444444444443 1639.506172839506 2380.2469135802467 1633.3333333333335 2423.456790123457 3014.814814814815 2177.777777777778 3028.395061728395 box 0
2393.827160493827 1629.6296296296296 2627.1604938271603 1618.5185185185185 2670.37037037037 3008.6419753086416 2434.5679012345677 3017.2839506172836 box 0
2903.7037037037035 1604.938271604938 3137.037037037037 1598.7654320987654 3183.9506172839506 2977.7777777777774 2945.679012345679 2993.827160493827 box 0
2653.0864197530864 1620.9876543209875 2892.5925925925926 1611.111111111111 2923.456790123457 2986.4197530864194 2687.654320987654 2998.7654320987654 box 0
