1056.701030927835 2957.6907216494847 1060.8398390122115 2806.4115409501605 98.10203130992466 2780.0722455941614 93.96322322554825 2931.3514262934855 box 0
1059.046276166111 2642.4303803876 1063.561839734823 2481.846741902445 112.6636709660554 2455.1077716751342 108.14810739734276 2615.691410160289 box 0
1082.4742268041236 2153.5670103092784 1086.1069442208463 2003.0464482009631 118.78845521369813 1979.7008356592992 115.15573779697536 2130.2213977676142 box 0
1068.041237113402 2317.4845360824743 1071.4705556898984 2158.5437508359396 117.92557695068278 2137.9699912182114 114.49625837418644 2296.9107764647456 box 0
1058.5687828430273 2478.5741793806396 1063.0086561567105 2320.625378783182 111.81975407820948 2293.887865065854 107.37988076452615 2451.8366656633116 box 0
1088.659793814433 1843.2577319587629 1092.557039120522 1681.2458581137614 130.85060567937614 1658.1117149512074 126.95336037328735 1820.1235887962089 box 0
1057.7319587628867 2800.9896907216494 1061.6665830345357 2642.123493163703 99.35973414388735 2618.2901293479786 95.42510987223828 2777.1563269059247 box 0
1092.7835051546392 1996.8659793814434 1096.5405577898318 1850.3905420404446 127.42559073556171 1825.5330232176857 123.66853810036922 1972.0084605586844 box 0
1088.659793814433 1674.1855670103093 1091.960110741937 1526.3958379425262 122.46204530453318 1504.7458160044123 119.16172837702918 1652.5355450721945 box 0
1085.4371864134268 1520.1702911086852 1088.628780136643 1359.1474989124329 118.39299561291494 1339.9166906666576 115.20140188969896 1500.93948286291 box 0
