1183.796522035123 2539.2124823888025 1200.2366795605044 2329.7631962436835 10.615300093173085 2236.387070528678 -5.824857432208512 2445.836356673797 box 0
1210.8587816562213 2323.4578040271062 1225.8215669083856 2115.6081485926343 31.832647672697313 2029.6546753735283 16.869862420533018 2237.5043308080003 box 0
1342.8713238631753 814.3274764314824 1354.578967078966 601.3308133852468 143.0357178772421 534.7367367490594 131.32807466145172 747.7333997952951 box 0
1239.9448414191445 2111.076541470836 1255.0720323188782 1900.8683627278372 53.87109314353825 1814.4264553553355 38.74390224380476 2024.6346340983348 box 0
1329.0248626298626 1032.7456624584966 1341.8157757557237 824.0741758778241 119.08378528883858 749.1245077532955 106.29287216297726 957.7959943339678 box 0
1169.955909071207 2756.3127783185164 1186.1541777167934 2541.6238934449975 -2.484512434244092 2451.94114700497 -18.682781079830253 2666.630031878489 box 0
1296.6153846153848 1246.2051282051282 1309.458135642424 1038.444400600859 110.88926107380412 964.354740719792 98.04651004676498 1172.1154683240613 box 0
1239.373027790038 1894.5678913400652 1255.0853520711373 1687.5512310481924 56.054021083863525 1596.5461444570535 40.34169680276408 1803.5628047489265 box 0
1291.1770610230337 1466.302863506537 1305.9436159469137 1261.0567156985007 98.02119642325525 1174.1520261724181 83.25464149937542 1379.3981739804544 box 0
1260.0790275112463 1683.4370247821353 1276.3879807138055 1479.5504520463535 78.88235821568233 1383.761588193939 62.57340501312328 1587.6481609297205 box 0
