2545.4415584415583 79.22077922077922 3262.9740259740256 96.75324675324676 3264.9220779220777 359.7402597402597 2539.5974025974024 346.1038961038961 box 0
2535.051948051948 356.49350649350646 3262.324675324675 365.5844155844156 3254.5324675324673 629.2207792207791 2540.896103896104 616.8831168831168 box 0
2535.7012987012986 627.2727272727273 3253.8831168831166 638.3116883116883 3250.6363636363635 896.7532467532467 2529.8571428571427 892.857142857143 box 0
2529.8571428571427 903.896103896104 3250.6363636363635 910.3896103896104 3248.6883116883114 1170.7792207792209 2525.961038961039 1164.935064935065 box 0
2527.25974025974 1174.025974025974 3249.337662337662 1183.1168831168832 3244.7922077922076 1444.8051948051948 2523.363636363636 1438.3116883116884 box 0
2520.116883116883 1448.051948051948 3245.4415584415583 1457.142857142857 3239.5974025974024 1722.7272727272725 2518.8181818181815 1716.8831168831168 box 0
2519.4675324675322 1727.2727272727275 3239.5974025974024 1731.168831168831 3236.9999999999995 1994.8051948051948 2518.168831168831 1990.2597402597403 box 0
2514.272727272727 2000.0 3238.9480519480517 2004.5454545454545 3235.7012987012986 2270.779220779221 2514.272727272727 2262.337662337662 box 0
2517.51948051948 2276.6233766233768 3239.5974025974024 2281.818181818182 3234.402597402597 2547.402597402597 2514.9220779220777 2540.909090909091 box 0
2511.6753246753246 2552.5974025974024 3237.6493506493503 2564.935064935065 3232.454545454545 2825.3246753246754 2513.6233766233763 2811.688311688312 box 0
