-12.874991885807276 2030.543732070651 750.636691450588 2018.9481311215136 748.2621374050639 1862.5957553866242 -15.249545931331454 1874.1913563357618 box 0
-9.212643518725315 2671.4630052313096 759.2089525141494 2655.0666383207445 755.9221531775388 2501.029612566542 -12.499442855335872 2517.425979477107 box 0
-7.821147677507952 2980.6294082182635 762.5636323144751 2968.022498873915 759.9427350255039 2807.864340661175 -10.442044966479159 2820.4712500055225 box 0
-2.0102370430832366 2817.9756472046756 769.1152339485325 2803.8776311612783 766.3504542145638 2652.6512410095193 -4.775016777051746 2666.7492570529166 box 0
-11.426448196871263 1871.4522666130158 735.5121091118149 1857.451467213526 732.6404312558006 1704.2482926216032 -14.298126052885493 1718.2490920210935 box 0
-3.4571144126448985 2348.562027287741 754.641074558079 2337.388156673371 752.328192045549 2180.4692066905304 -5.769996925174894 2191.6430773049 box 0
-18.113783453000735 2187.021853877758 762.1793567833977 2170.696395322736 759.0019638042581 2018.8294240458251 -21.29117643214039 2035.1548826008477 box 0
-14.837801718444604 2511.132094262174 758.1538461538463 2494.9230769230767 754.9051991096226 2339.998384109479 -18.08644876266834 2356.207401448576 box 0
-2.2454122421022475 1706.35877734858 736.7635774947149 1693.1827159363895 733.8666143881919 1530.700035286793 -5.142375348625194 1543.8760966989832 box 0
722.533639121474 1523.6140663076928 719.6923076923077 1379.5384615384617 6.221135407131159 1393.6089078771392 9.06246683629746 1537.6845126463704 box 0
