2590.896103896104 416.23376623376623 2615.5714285714284 921.4285714285714 3112.324675324675 887.0129870129871 3091.5454545454545 377.9220779220779 box 0
3116.220779220779 375.97402597402595 3612.9740259740256 372.0779220779221 3627.9090909090905 870.7792207792207 3125.311688311688 887.0129870129871 box 0
3141.5454545454545 898.0519480519481 3649.337662337662 883.7662337662338 3660.3766233766232 1392.2077922077922 3162.324675324675 1403.8961038961038 box 0
3118.168831168831 901.9480519480518 3146.090909090909 1411.038961038961 2644.142857142857 1429.8701298701299 2614.9220779220777 922.7272727272727 box 0
3135.7012987012986 1424.025974025974 3157.1298701298697 1928.5714285714282 2654.5324675324673 1949.9999999999998 2629.8571428571427 1441.5584415584415 box 0
3153.233766233766 1422.077922077922 3662.324675324675 1404.5454545454545 3680.5064935064934 1900.649350649351 3173.363636363636 1930.5194805194806 box 0
3186.9999999999995 1945.4545454545455 3684.402597402597 1911.0389610389611 3709.077922077922 2411.038961038961 3213.6233766233763 2447.402597402597 box 0
3164.272727272727 1939.6103896103896 2662.9740259740256 1958.4415584415583 2686.3506493506493 2459.090909090909 3193.493506493506 2433.116883116883 box 0
3201.285714285714 2457.7922077922076 3214.272727272727 2957.142857142857 2729.207792207792 2974.025974025974 2702.584415584415 2470.779220779221 box 0
3713.6233766233763 2421.4285714285716 3740.896103896104 2922.7272727272725 3238.9480519480517 2966.2337662337663 3213.6233766233763 2457.7922077922076 box 0
