3510.6486486486483 947.7297297297299 3209.7477477477473 947.7297297297299 3209.7477477477473 0.8828828828831041 3510.6486486486483 0.8828828828831041 box 0
3201.6396396396394 952.2342342342343 2902.5405405405404 952.2342342342343 2902.5405405405404 1.783783783784005 3201.6396396396394 1.783783783784005 box 0
2598.036036036036 0.8828828828831041 2891.7297297297296 0.8828828828831041 2891.7297297297296 956.7387387387389 2598.036036036036 956.7387387387389 box 0
2292.6306306306305 0.3873873873876441 2586.324324324324 0.3873873873876441 2586.324324324324 949.0360360360362 2292.6306306306305 949.0360360360362 box 0
2284.522522522522 949.5315315315319 1991.7297297297296 949.5315315315319 1991.7297297297296 -0.01801801801779679 2284.522522522522 -0.01801801801779679 box 0
1974.117117117117 951.3333333333334 1685.8288288288288 951.3333333333334 1685.8288288288288 -0.01801801801779679 1974.117117117117 -0.01801801801779679 box 0
1669.2072072072071 961.2432432432436 1382.7207207207207 961.2432432432436 1382.7207207207207 0.8828828828831041 1669.2072072072071 0.8828828828831041 box 0
1086.9562951419587 0.7810009961751803 1376.9883691479388 6.5824160189257555 1357.764425578762 967.6514314362574 1067.732351572782 961.8500164135072 box 0
785.5596014329535 -0.615389524833347 1080.02163840225 8.221122696982889 1051.0530111796595 973.5523264617707 756.5909742103629 964.7158142399545 box 0
486.99133781768205 -0.020447063752669692 767.1154838296693 5.582782973748749 747.819472993129 970.2546812979873 467.69532698114176 964.6514512604858 box 0
