2527.8350515463917 2233.979381443299 2615.148229799273 1788.8182020222916 1949.0799793098909 1658.1766758245126 1861.76680105701 2103.33785524552 box 0
2434.0206185567013 2688.618556701031 2523.4926576958123 2248.653357989012 1855.7977327237945 2112.8698309396705 1766.3256935846832 2552.8350296516896 box 0
1753.6082474226805 2547.3814432989693 1836.6003150382783 2102.6239840994663 1179.3787887656028 1979.9859659647746 1096.3867211500053 2424.7434251642776 box 0
1942.2680412371135 1644.2886597938148 2030.1006492348681 1185.2086319404427 1369.2857305653267 1058.7794819249953 1281.4531225675723 1517.8595097783668 box 0
2128.865979381443 722.639175257732 2220.2925494628007 277.9029633744434 1553.8745040248596 140.90418858004352 1462.447933943502 585.6404004633321 box 0
1847.4226804123712 2098.9278350515465 1933.3827162404702 1651.8848379288422 1276.1972146371086 1525.517375230335 1190.2371788090093 1972.5603723530394 box 0
2614.6011607047926 1782.4967689272808 2704.7132055849765 1338.2733988152722 2043.7202923028647 1204.189001022012 1953.6082474226805 1648.4123711340208 box 0
2808.2474226804125 870.0618556701031 2899.47176836844 428.39116448168477 2232.299967856012 290.5909613496066 2141.0756221679844 732.261652538025 box 0
2713.1271142170003 1322.5457906028232 2803.6525796102064 883.5160674088056 2144.1337128158866 747.5269778369101 2053.6082474226805 1186.5567010309278 box 0
2037.1752577319587 1177.3402061855672 2125.0078657297117 718.2601783321952 1464.192947060172 591.8310283167477 1376.3603390624176 1050.9110561701195 box 0
