1211.987780793948 1636.2157855011264 1718.8526764367894 1611.8504720507644 1690.972615261502 1031.8692488698075 1184.1077196186607 1056.2345623201695 box 0
4044.850393700787 1580.3149606299212 4044.488719346076 1069.2768167559998 3622.2752236839933 1069.575627706659 3622.6368980387047 1580.6137715805803 box 0
2247.1395194571583 1598.4452501608307 2664.535433070866 1584.251968503937 2646.9826973152713 1068.061255585333 2229.586783701563 1082.254537242227 box 0
1515.7165354330712 2340.1574803149606 2026.6145244149832 2326.739343889776 2015.766102776977 1913.6837135950468 1504.8681137950643 1927.1018500202315 box 0
3162.960629921259 2518.1102362204724 3668.6565347063206 2505.6449388084047 3654.0750993793317 1914.1009196815007 3148.3791945942703 1926.566217093568 box 0
1737.542447644595 1608.6111288143097 2239.3385826771655 1577.1653543307086 2202.5448097098097 990.0285013995453 1700.7486746772402 1021.4742758831469 box 0
1528.3149606299214 2782.6771653543306 2044.9136161995225 2770.9824446945745 2035.4562953084826 2353.217933703404 1518.8576397388817 2364.91265436316 box 0
2075.515459301386 2514.760718956798 2593.346233660235 2498.119277354135 2574.7300621458085 1918.84094672142 2056.89928778696 1935.482388324083 box 0
2676.492950798164 1604.2198035684328 3096.818897637795 1592.1259842519685 3081.9815983438607 1076.4491983605421 2661.6556515042294 1088.5430176770062 box 0
3105.0060936110035 1650.4615907542152 3609.6926166828894 1645.088533994209 3603.4879426599828 1062.2889286143636 3098.801419588097 1067.66198537437 box 0
3146.4251968503936 2499.212598425197 3133.838284620805 1915.3726707578155 2615.983399899681 1926.537021931416 2628.5703121292686 2510.3769495987976 box 0
