1992.1123115067398 3034.6730716066377 2005.2225265373609 2241.646444954921 1752.9021339888654 2237.475116412161 1739.7919189582444 3030.5017430638773 box 0
1209.928704008762 3042.7613111666265 1219.3533917589166 2240.6120350093224 964.7975830700954 2237.6211839505604 955.3728953199408 3039.770460107865 box 0
2785.2852850534705 3034.7910601607446 2794.567889384041 2224.992175666266 2537.8770776174274 2222.0497670182103 2528.594473286857 3031.848651512689 box 0
948.6982942673628 3052.724722688501 957.1463078890722 2238.999178113286 694.7561170485551 2236.275070554907 686.3081034268457 3050.0006151301222 box 0
1735.2336132997261 3053.7798712264816 1743.7772415061718 2240.475947489499 1484.4694941526664 2237.7519608963203 1475.9258659462207 3051.0558846333033 box 0
676.660499624202 3034.3599750509884 686.5012430616266 2239.875809840859 434.3702805958296 2236.752832413611 424.529537158405 3031.2369976237405 box 0
2520.2796211489704 3032.194049901353 2533.3569671820487 2234.7362209177595 2282.62895734224 2230.62458413185 2269.5516113091617 3028.0824131154436 box 0
1472.3141531219935 3035.6316479174166 1477.7416503548598 2245.0285728374874 1222.851465393021 2243.278749421451 1217.4239681601548 3033.88182450138 box 0
2261.52421994886 3036.4041265713126 2271.584662932048 2238.5504534248907 2017.521325247673 2235.3468713534917 2007.4608822644848 3033.2005444999136 box 0
408.7499340066653 3023.6473402690362 422.4627782521403 2237.8935759771357 171.08850440886204 2233.5066338825745 157.37566016338695 3019.260398174475 box 0
