1186.111111111111 865.2222222222223 1181.334266374081 683.2971968090183 -44.361234605109416 715.480548658254 -39.58438986807902 897.4055740714579 box 0
1204.1666666666667 2359.6666666666665 1200.565676582254 2180.441857866613 -9.086805410972005 2204.7462308069826 -5.485815326559222 2383.971039607036 box 0
1202.3128315479737 2176.709531343564 1199.1186162065615 1988.1107040123677 -8.749770896967703 2008.5678393354708 -5.555555555555606 2197.1666666666665 box 0
1197.9999999999998 1047.9444444444446 1193.2231552629698 866.0194190312403 -32.4723457162205 898.2027708804761 -27.695500979190108 1080.12779629368 box 0
1190.444444444444 1236.2222222222224 1185.667599707414 1054.2971968090183 -40.027901271776045 1086.480548658254 -35.25105653474565 1268.4055740714577 box 0
1185.666666666666 1421.7222222222224 1180.8898219296361 1239.7971968090183 -44.80567904955387 1271.980548658254 -40.02883431252348 1453.9055740714577 box 0
1193.9999999999995 1610.6111111111113 1189.2231552629696 1428.6860856979072 -36.4723457162205 1460.869437547143 -31.69550097919011 1642.7944629603467 box 0
1189.5490196078424 1417.7614379084969 1184.7721748708125 1235.8364124952927 -40.92332610837752 1268.0197643445285 -36.14648137134713 1449.9447897577322 box 0
1194.7777777777774 1794.7222222222226 1190.0009330407474 1612.7971968090185 -35.69456793844279 1644.9805486582543 -30.917723201412393 1826.905574071458 box 0
1195.5555555555552 1984.3888888888894 1190.7787108185253 1802.4638634756852 -34.91679016066496 1834.6472153249213 -30.139945423634565 2016.5722407381247 box 0
1211.888888888889 2539.611111111111 1208.287898804476 2360.3863023110575 -1.3645831887498332 2384.690675251427 2.236406895662949 2563.9154840514802 box 0
