1307.702662871799 1179.4175025623972 1307.9379556107137 133.16740749816154 1068.4171109207327 133.11354129940077 1068.1818181818182 1179.3636363636363 box 0
1550.4864870359593 1185.8127730503984 1548.851699438478 136.6195681276094 1312.0015760388828 136.98861325902922 1313.6363636363637 1186.181818181818 box 0
1799.3269619030177 1184.6555813089296 1797.629112368566 128.5599563888971 1555.1203322837305 128.94982962542198 1556.8181818181818 1185.0454545454545 box 0
2289.7897327722717 1188.4470658245498 2289.7554041858525 134.84484847374551 2060.1929441408533 134.85232810374106 2060.2272727272725 1188.4545454545455 box 0
2532.1012077814867 1189.1462763245977 2535.185144720479 144.23926531316226 2300.811209666265 143.54753444310995 2297.7272727272725 1188.4545454545455 box 0
2046.1779586783407 1185.214243893717 2051.8695970633275 141.39079189499432 1812.5098202031688 140.08563891036795 1806.8181818181818 1183.9090909090908 box 0
1052.588386534008 1169.1643269942263 1052.7110680335134 135.78485103321225 817.1681360449603 135.7568876753495 817.0454545454545 1169.1363636363635 box 0
2777.2727272727275 1189.590909090909 2790.899166966303 149.26143468039103 2545.792508182155 146.0509795442348 2532.1660684885796 1186.3804539547527 box 0
810.7738434573374 1166.9860672671587 806.3626580144356 131.34777142624864 568.316087284371 132.36170415909004 572.7272727272727 1168.0 box 0
3031.818181818182 1187.3181818181818 3044.4255079490613 139.811115836362 2794.235484886281 136.7999407160412 2781.6281587554013 1184.3070066978607 box 0
