1544.57313352157 771.9710458840781 1652.7160737206996 24.18204014053492 1436.2619620747432 -7.120886048262605 1328.1190218756137 740.6681196952804 box 0
1992.8527677114612 855.1731439133146 2101.985434388934 13.603365740008314 1886.2315630380504 -14.375057365462965 1777.0988963605773 827.1947208078432 box 0
2213.975168371774 879.5490564557296 2332.5701489673984 13.225829918525392 2116.067666100882 -16.412193128703166 1997.4726855052577 849.9110334085011 box 0
1324.2231641998837 732.7866965109184 1420.7279687895198 14.123040467258875 1205.4291208037785 -14.788082390435079 1108.9243162141424 703.8755736532245 box 0
3178.191932886697 2677.2775250943655 3362.892652010867 2562.731161280059 2820.3006582082735 1687.8266413179877 2635.5999390841034 1802.373005132294 box 0
3374.8035805644085 2559.884002568231 3559.565382582896 2444.614366547139 3016.8573149739213 1574.725955317511 2832.095512955434 1689.9955913386027 box 0
3098.6743173768505 1039.9295221971984 3255.7181464075743 27.71305290819601 3039.639932043315 -5.8111498522278 2882.5961030125914 1006.4053194367744 box 0
2983.7299654565904 2796.7175145350775 3167.373081822925 2684.4138854591765 2627.193358365431 1801.0916933811825 2443.550241999096 1913.3953224570832 box 0
3570.5606445801723 2442.1026514258865 3755.6431046302796 2325.8310043365027 3213.7385848509803 1463.221553591203 3028.656124800873 1579.4932006805873 box 0
1764.375135936627 805.0997788079994 1877.6665094787918 22.821979896427024 1665.7965078927186 -7.861549056412515 1552.5051343505538 774.4162498551599 box 0
2435.3597975242938 928.5323339810616 2568.493879409534 10.773665253974741 2349.48104491345 -20.99729331638889 2216.3469630282098 896.7613754106981 box 0
3317.895830138643 1073.8358535844318 3483.9422573022457 72.30192252643155 3272.628359619658 37.26774481949883 3106.5819324560553 1038.801675877499 box 0
2787.4303838948335 2914.322737021815 2972.139114313507 2802.44392016758 2435.6469827433502 1916.7107377096306 2250.938252324677 2028.5895545638652 box 0
2658.060648901507 963.0621870500538 2792.60416546168 5.890034815795275 2581.674141137555 -23.75903839893078 2447.130624577382 933.4131138353276 box 0
2587.8464299965026 3030.7529050980447 2775.228631065055 2918.078668641924 2240.8004503440734 2029.301145347512 2053.418249275521 2141.9753818036324 box 0
3764.5535744317513 2325.2825962238526 3949.2925373541184 2208.9747610809686 3408.585930573131 1350.1368533916254 3223.846967650764 1466.4446885345094 box 0
2883.050109010448 982.3443443287896 3027.69055236444 13.093149780218084 2811.2225007002453 -19.210173796562856 2666.5820573462534 950.0410207520085 box 0
2136.512111883478 3166.2643067168083 2331.7397378309784 3049.5217767574663 1858.0942861267758 2257.44816734325 1662.8666601792756 2374.1906973025916 box 0
2382.5222067729833 3132.134906118863 2572.377437078361 3018.5919112253096 2047.7560570819971 2141.372554666049 1857.90082677662 2254.9155495596024 box 0
1878.3627875195991 3171.157787430899 2076.2868641538316 3049.911895287207 1665.3315415514455 2379.0606909626554 1467.4074649172132 2500.3065831063473 box 0
