2906.2190737693973 2294.4587856985727 3962.474354645182 1714.7115950288646 3831.039800742321 1475.247835852941 2774.7845198665364 2054.995026522649 box 0
2629.062127490306 1790.8325627723634 3698.8189398157347 1208.2106868282121 3568.7208810851334 969.3365725120602 2498.964068759705 1551.9584484562115 box 0
2090.253016157605 765.6401977901867 3159.5110098967616 202.63756932233605 3034.3545941634393 -35.060251653712044 1965.0966004242825 527.9423768141386 box 0
3025.210223093768 2551.1505393455413 4073.7654887014055 1988.6169574789167 3945.2226458637515 1749.014773612222 2896.6673802561136 2311.5483554788466 box 0
2776.502367941376 2041.4769979747048 3814.0460761993327 1477.3886141680214 3681.430941995147 1233.465849467922 2643.8872337371904 1797.5542332746054 box 0
2501.955342639644 1540.5516634822143 3555.034344484492 964.8591441197655 3420.594886242192 718.9372922062621 2367.515884397344 1294.629811568711 box 0
2376.960442968609 1269.0207748339235 3435.5671919742294 695.6122538054957 3307.6828973329043 459.51674347662345 2249.076148327284 1032.925264505051 box 0
2224.1557646217916 1019.7556223256388 3293.653996959758 454.4708156317734 3167.922764755681 216.59191105198428 2098.4245324177145 781.8767177458494 box 0
3177.1342689955177 2822.8820974987702 4150.673027066777 2263.5595020399824 4001.5459418809473 2003.9937371569915 3028.007183809688 2563.316332615779 box 0
1969.2327185928737 515.5000704625015 2914.4120902322393 20.116425252102914 2790.9811867415992 -215.38659332779696 1845.8018151022334 279.9970518826017 box 0
