3274.923076923077 2572.057692307692 3320.175043930114 1841.3804539752077 2674.6366034484154 1801.4012638787458 2629.384636441378 2532.0785022112304 box 0
2600.8846153846157 2491.2884615384614 2660.7470860219573 1758.065130136998 2013.555480814303 1705.2265381224402 1953.6930101769626 2438.4498695239045 box 0
3943.7071361955414 2601.179181964155 3981.5666499652075 1873.8638578474656 3336.241713409138 1840.272253887896 3298.382199639472 2567.587578004586 box 0
584.5602121735022 2393.3576781528536 675.7459630261043 1678.7678338154908 46.03174603174602 1598.4126984126988 -45.15400482085595 2313.0025427500614 box 0
1257.6153846153845 2474.9423076923076 1340.2649986777126 1751.3721815368913 703.1088851110824 1678.5931861359345 620.4592710487543 2402.163312291351 box 0
2945.119402219325 1303.9018291154498 2952.189796719436 675.2019947166698 2429.108856038572 669.3193963704506 2422.038461538462 1298.019230769231 box 0
1935.5 2437.4423076923076 1998.445304872372 1714.445291788459 1359.7895180930925 1658.8428725211124 1296.8442132207206 2381.839888424961 box 0
1315.5747030588182 1359.9577733480692 1324.1896346664048 739.1814802632067 815.5203489727988 732.1223332629985 806.9054173652123 1352.898626347861 box 0
1862.0355243585495 1271.2729562175102 1872.3129960177273 646.9261410364688 1350.377749674326 638.3344824073388 1340.1002780151484 1262.6812975883804 box 0
3528.329969084246 1400.6460979915132 3618.7620634371656 783.3056878378945 3090.415459030425 705.9099930236417 2999.983364677506 1323.250403177261 box 0
2412.821443664276 1264.0225057214868 2413.5588635394256 640.0588542198082 1890.0835737213024 639.4401946521675 1889.3461538461538 1263.4038461538462 box 0
