696.4109638084495 1935.5949570159917 1210.9483426636268 1930.4494117081194 1215.9385507546576 2429.453586673329 701.4011718994802 2434.599131981201 box 0
1733.7300416891226 1903.117819692786 2234.6007246405347 1893.0990701648636 2244.6388903497127 2394.9404327343987 1743.7682073983005 2404.9591822623206 box 0
1210.5662461779777 1925.5727627803321 1724.055764164987 1915.3016028960865 1733.8221033365855 2403.5534508119003 1220.3325853495762 2413.824610696146 box 0
1742.5825242718447 2417.4757281553398 2252.2912621359224 2417.4757281553398 2252.2912621359224 2912.6213592233007 1742.5825242718447 2912.6213592233007 box 0
1220.3229419903398 2442.8441259032315 1727.988382268612 2432.6894631065197 1737.6576405339322 2916.087912931719 1229.99220025566 2926.2425757284313 box 0
1207.6310679611652 2437.864077669903 698.8932038834953 2452.4271844660193 735.7864077669905 2959.223300970874 1228.0194174757282 2942.7184466019417 box 0
2765.792971945103 2385.1060721970134 2252.303453958094 2395.3772320812595 2242.38178533645 1899.359947220462 2755.8713033234594 1889.0887873362162 box 0
3285.297251270652 2362.8426430912027 2781.191586384112 2383.0176308280315 2761.562073270069 1892.5415577402644 3265.667738156609 1872.3665700034355 box 0
2780.4466019417478 2396.116504854369 3290.1553398058254 2396.116504854369 3290.1553398058254 2903.883495145631 2780.4466019417478 2903.883495145631 box 0
2264.9126213592235 2415.5339805825242 2774.621359223301 2415.5339805825242 2774.621359223301 2915.5339805825242 2264.9126213592235 2915.5339805825242 box 0
