521.3333459452671 2837.951409675111 1147.3115781513225 2722.3031198036524 1015.8649265690761 2010.8119020924669 389.88669436302064 2126.4601919639254 box 0
3261.853584801345 1208.5889742939862 3322.1464455737364 584.1339141841534 2792.9466341622783 533.0382107646076 2732.6537733898867 1157.4932708744404 box 0
1132.8066572124446 1932.937959246839 1165.7241572126925 1219.661487119112 511.56239929848056 1189.4721138427606 478.6448992982327 1902.7485859704877 box 0
1642.279899882259 1098.6296590828915 1694.1345702782262 479.5749148554412 1171.6316784868814 435.807840154169 1119.7770080909145 1054.8625843816194 box 0
2367.7111902842835 2673.965998186379 3011.0978234769495 2570.546628021223 2895.661066185443 1852.3981177193828 2252.274432992777 1955.8174878845384 box 0
2056.849181588826 2896.004736020623 2101.01698806008 2171.948099143014 1461.1220861113693 2132.9141993736644 1416.954279640115 2856.9708362512733 box 0
2190.2166012896173 1142.7541367113145 2228.2691524571123 516.4526741965591 1699.0660273419746 484.2995814741101 1661.0134761744791 1110.6010439888655 box 0
1105.3197004627173 1083.6075023125784 1162.4250835716944 463.0924865122637 654.4465079952294 416.34372067936494 597.3411248862525 1036.8587364796797 box 0
2722.2917413848413 1170.046541779299 2776.6562183122383 544.5830938789472 2246.2547208649144 498.4812791893289 2191.8902439375174 1123.9447270896808 box 0
462.1824357188279 1921.3557991622147 499.1215724682359 1201.8339940012513 -15.504283634477284 1175.4138984085864 -52.443420383885346 1894.9357035695498 box 0
1788.9681894121886 2018.0872233705425 1808.1699581522234 1296.6638881680906 1175.7050127209898 1279.8298809690568 1156.5032439809554 2001.253216171509 box 0
3797.069226892058 1243.2381677846947 3847.5365896558274 619.989505911299 3324.526073400911 577.6388952035865 3274.058710637142 1200.8875570769824 box 0
3991.870782655431 2551.3975342492813 4181.452183588853 1685.3532247672767 3659.7531522810923 1571.1507155676138 3470.1717513476706 2437.1950250496184 box 0
