344.493670268581 2097.861105786239 548.75 2088.625 511.3110607171903 1260.6634647025608 307.05473098577136 1269.8995704888 box 0
751.2549083978673 1231.598468716959 947.3716754227836 1224.9926008569585 920.0 412.37500000000006 723.8832329750838 418.9808678600005 box 0
530.0543814185612 1249.2369734358454 747.1547341745783 1240.5456986571962 713.75 406.1250000000001 496.64964724398294 414.816274778649 box 0
560.6544052593515 2079.9062272032234 762.5 2073.625 736.9426346105298 1252.3457419603894 535.0970398698814 1258.626969163613 box 0
972.0174172651357 1222.2897213870262 1170.5448685362303 1215.2109297779841 1141.25 393.6250000000001 942.7225487289054 400.7037916090424 box 0
303.7239141589826 1258.4825053970483 512.2991203292784 1252.2401847994925 487.5 423.6250000000001 278.9247938297042 429.86732059755565 box 0
124.6218363715293 2097.807095323489 328.4952321352752 2088.768739329136 292.32957212546546 1272.9991545900414 88.4561763617195 1282.0375105843937 box 0
776.1175296192641 2073.7774631271955 980.0 2069.875 964.2158214244685 1245.2375297614053 760.3333510437325 1249.139992888601 box 0
86.52763700883118 1259.8683987206264 297.3635734677101 1255.3320057490316 279.58593645887896 429.0886070284052 68.75 433.6250000000001 box 0
995.0 2061.125 1194.260624627357 2058.5982692258663 1183.7089482351798 1226.4820618743138 984.4483236078228 1229.008792648448 box 0
