700.3330748135094 1942.34719075547 1206.13302648058 1937.289022632071 1211.0455659631898 2428.526595652297 705.2456142961194 2433.5847637756956 box 0
1210.536248148812 1923.5439336442935 1715.2896495727157 1913.4475193913484 1725.1142372880813 2404.6114061615312 1220.3608358641777 2414.7078204144764 box 0
1724.4312974383317 1897.3467312705461 2235.7864077669906 1892.2330097087379 2240.7321080363886 2386.7865508710524 1729.3769977077297 2391.900272432861 box 0
1742.5170287247863 2421.476553689627 2249.2117893849354 2411.341307074171 2259.1528741878346 2908.329271553091 1752.4581135276858 2918.4645181685473 box 0
1203.747572815534 2445.631067961165 705.6893203883496 2457.2815533980583 737.728155339806 2956.3106796116504 1233.8446601941748 2935.9223300970875 box 0
1724.1359223300972 2421.359223300971 1223.1650485436894 2442.7184466019417 1245.495145631068 2944.660194174757 1749.378640776699 2925.242718446602 box 0
2262.970873786408 2415.5339805825242 2771.7087378640776 2415.5339805825242 2771.7087378640776 2917.4757281553398 2262.970873786408 2917.4757281553398 box 0
2247.89152165655 1897.7259036998503 2761.4580752686043 1892.5900669680307 2766.399740479372 2386.7401157176255 2252.833186867318 2391.875952449445 box 0
2782.3883495145633 2396.116504854369 3284.330097087379 2396.116504854369 3284.330097087379 2896.116504854369 2782.3883495145633 2896.116504854369 box 0
3291.756690302709 2370.943595406292 2776.4546826126966 2386.407295025248 2761.660785425446 1893.4253366325438 3276.9627931154587 1877.961637013587 box 0
