459.6251928857782 2947.8350517347017 1251.6581780702404 1694.3872780850622 1052.0352760569133 1568.2488570701669 260.00229087245094 2821.6966307198068 box 0
261.6241709622803 2820.2554358856737 1023.3465798213226 1576.3884320878683 842.9593169597933 1465.922425694223 81.23690810075107 2709.789429492028 box 0
639.4395947429132 3086.8499195462614 1445.3333333333335 1815.4358974358975 1259.5501824223484 1697.6760839911426 453.65644383192796 2969.090106101506 box 0
829.1366730218947 3196.324911918162 1633.3575700861486 1938.1880537647633 1445.3333333333335 1818.0 641.1124362690797 3076.1368581533993 box 0
1131.623516247242 3159.9101129597457 1814.5641025641025 2069.2820512820513 1621.3011840784222 1948.262708848404 938.3605977615617 3038.8907705260985 box 0
83.79487179487194 2697.4871794871797 829.8959633220528 1458.4015175216289 659.5608060509483 1355.8361738440758 -86.54028547623265 2594.921835809626 box 0
1776.5166724793787 3405.052789522149 2401.74358974359 2415.4358974358975 2211.42178017732 2295.1930850558374 1586.1948629131086 3284.8099771420884 box 0
1662.8674550825485 3158.0730293553793 2201.74358974359 2300.051282051282 2017.209410233313 2184.1555420192976 1478.3332755722708 3042.177289323394 box 0
-51.573369253282124 2548.2366495254328 650.1196664436379 1348.1957958518076 458.1538461538463 1235.948717948718 -243.5391895430738 2435.9895716223436 box 0
1398.6776241128425 3168.6000142631565 2009.4358974358975 2192.358974358974 1819.2731358260785 2073.3888889151617 1208.5148625030236 3049.6299288193454 box 0
