0.6363636363636481 0.0 0.6363636363636481 311.038961038961 893.4935064935065 269.4805194805195 876.6103896103897 0.0 box 0
894.1428571428571 279.87012987012986 905.1818181818182 577.2727272727273 0.6363636363636481 599.3506493506493 0.6363636363636481 314.93506493506493 box 0
907.1298701298701 583.7662337662338 1.2857142857142976 605.1948051948052 1.2857142857142976 915.5844155844155 922.7142857142858 879.2207792207791 box 0
0.6363636363636481 1224.6753246753246 931.1558441558442 1188.3116883116884 922.0649350649351 889.6103896103895 0.0 917.9999999999999 box 0
950.6363636363636 1496.103896103896 1.935064935064947 1535.7142857142858 1.935064935064947 1229.8701298701299 925.961038961039 1196.103896103896 box 0
1.2857142857142976 1830.5194805194806 966.2207792207793 1800.6493506493505 948.6883116883117 1504.5454545454545 0.6363636363636481 1538.9610389610389 box 0
0.6363636363636481 2138.311688311688 978.5584415584416 2105.194805194805 966.8701298701299 1805.1948051948052 0.6363636363636481 1836.3636363636363 box 0
1.2857142857142976 2440.2597402597403 994.1428571428571 2407.142857142857 978.5584415584416 2111.688311688312 0.0 2148.0 box 0
1.935064935064947 2746.103896103896 1006.4805194805197 2708.4415584415583 992.1948051948052 2416.2337662337663 0.0 2449.0 box 0
0.6363636363636481 2753.896103896104 1010.3766233766235 2721.4285714285716 1022.0649350649351 3012.987012987013 0.0 3033.0 box 0
