1986.6831617267808 1771.8564205417517 2225.7654329644593 1588.9401146100224 1278.864509019069 351.2854266872522 1039.7822377813904 534.2017326189815 box 0
1751.168488445163 1963.214946675776 1986.8049836460864 1781.4819010567508 1044.2630682564973 559.3746460671437 808.6265730555739 741.1076916861689 box 0
2225.687202593823 1594.4087049596963 2462.268166487389 1413.3989151210585 1498.2834593324465 153.46467951601204 1261.7024954388799 334.47446935464944 box 0
2461.9921601114474 1390.9233110275966 2701.957097303388 1201.0307922804911 1733.8545325460225 -22.349005302498725 1493.889595354082 167.54351344460662 box 0
2705.9695747428873 1202.9761937126086 2949.87770699109 1006.6535710413732 1995.644400782015 -178.8708493217396 1751.7362685338126 17.45177334949588 box 0
1492.2552200132511 2151.5857382277227 1735.0769230769229 1971.8461538461536 814.5094087728726 728.1926070911948 571.687705709201 907.9321914727639 box 0
2941.1385805793993 1011.7920172465263 3190.7585712447276 805.5436459568473 2330.530676775337 -235.58011005048135 2080.9106861100086 -29.331738760802395 box 0
3182.989362118551 826.4156371349327 3433.3701725949913 622.4553630276667 2717.167404391458 -256.7522687191004 2466.786593915018 -52.79199461183436 box 0
3428.8551125243434 626.9431710310223 3658.894338725558 438.106711766351 3132.8142722412817 -202.76026850416682 2902.775046040067 -13.923809239495526 box 0
1243.7539068974486 2327.494672101519 1477.1592972764827 2156.0767222053146 573.5384615384615 925.6923076923077 340.1330711594276 1097.1102575885125 box 0
