2.901781985955836 1696.1818917360583 674.5445909996216 1677.2987317566794 668.1620108149475 1450.2808974179943 -3.4807981987182757 1469.1640573973732 box 0
-2.302634328540364 2405.305747926242 688.0263300785255 2383.3559424317614 680.8253980576358 2156.884143126004 -9.50356634943006 2178.8339486204845 box 0
3.0650551005966236 991.5233848914093 677.2913591198894 974.3307366984337 671.6643993214004 753.6640735283904 -2.5619046978923734 770.8567217213658 box 0
-9.47659201488591 1929.5383600705866 675.174738038848 1913.0741701659963 669.7810424314508 1688.7812718874213 -14.870287622283058 1705.2454617920118 box 0
-12.449132868451727 1222.2209903244145 680.4833857227941 1209.2491918243197 676.3807731119821 990.0942543502681 -16.551745479263843 1003.0660528503627 box 0
5.792566554638881 2630.6957620538656 689.9979357373004 2622.6631992136477 687.3785966228513 2399.5506109319745 3.1732274401898053 2407.5831737721924 box 0
-3.8906144680683497 757.9324135773772 691.4890351602894 745.94179999228 687.4053573193257 509.1143477446442 -7.974292309032138 521.1049613297414 box 0
-4.664132309966476 2172.8632358283335 681.2041371354514 2152.1330209779485 674.1488546381524 1918.7058986931509 -11.71941480726548 1939.436113543536 box 0
-3.9348097091843215 1460.535127532564 677.8059469815591 1445.7732743046952 672.9167124038865 1219.9757115482464 -8.824044286857031 1234.7375647761153 box 0
-8.188178523313866 2883.688393010587 684.8735565532772 2863.685590577309 678.2460922081589 2634.0556697945885 -14.815642868432349 2654.0584722278663 box 0
