838.5806556026535 2474.462320922771 843.5285318902829 2250.515575704023 8.358497339906066 2232.0633405261724 3.4106210522766247 2456.0100857449206 box 0
808.0597382797597 645.879396656175 809.5774382729353 424.10021300720075 -12.342164928021987 418.47557612449265 -13.859864921197413 640.254759773467 box 0
830.268234433863 856.4720374302494 829.6986460616997 637.9757268907337 -26.933573356020702 640.2088435515872 -26.36398498385745 858.705154091103 box 0
842.6674233784368 2238.7022145658702 843.801258270744 2010.2019023473676 -0.06974740938587409 2006.0145540608073 -1.2035823016932259 2234.51486627931 box 0
830.1206376337195 1558.673516759016 831.3250424595954 1333.0487010923457 9.564357254586092 1328.6620713147145 8.359952428710223 1554.2868869813847 box 0
838.5758290331024 1108.195086927477 842.2317414269295 882.9221781262193 1.7435897435898369 869.2820512820513 -1.9123226502371748 1094.5549600833087 box 0
847.0267444239897 2007.54025530053 849.7392580436741 1778.642555915049 -23.358157145281318 1768.2960621041925 -26.070670764965605 1997.1937614896733 box 0
838.8606812044251 1781.6147062227762 839.4445722283225 1557.8969964655116 -12.892629279352747 1555.6724428446373 -13.476520303250226 1779.390152601902 box 0
830.4294397622384 1325.917653532616 833.0373178995898 1104.7873347291338 -3.3846153846152447 1094.923076923077 -5.9924935219666455 1316.0533957265593 box 0
816.8691011524677 422.4209248226189 816.923352886098 175.95267689484967 -26.069236478853146 175.7671202976204 -26.123488212483448 422.2353682253896 box 0
