1394.9152542372883 2686.4406779661017 1408.564572800456 2237.992508138826 728.4035788932604 2217.290597182972 714.7542603300927 2665.7387670102476 box 0
714.5285150942847 2203.494969279369 725.0261848849686 1746.4137348185716 56.26038165509071 1731.054358759542 45.76271186440678 2188.135593220339 box 0
1415.2542372881358 2222.0338983050847 1425.5875447524559 1768.721936888185 739.5599120109608 1753.0838442246252 729.2266045466407 2206.3958056415245 box 0
705.9930782295252 2668.0258914426686 719.6923806531202 2216.9967293104687 42.51286174562888 2196.4284649864444 28.8135593220339 2647.4576271186443 box 0
719.0743703925791 1272.622529312148 731.8501732649713 814.1642629936399 72.09783677069723 795.7790218170851 59.32203389830509 1254.2372881355932 box 0
728.9973278279465 1740.1607802674898 740.4302891759812 1281.2927408170274 80.92448677176363 1264.8607741088597 69.49152542372882 1723.7288135593224 box 0
721.2416762919206 804.2841038463713 734.5537412193252 357.91734688448275 79.41375984265879 338.3790057499761 66.10169491525424 784.7457627118645 box 0
1420.3389830508474 1755.9322033898309 1427.1729427633104 1294.9367833455863 749.6021522025529 1284.8922334787142 742.76819249009 1745.887653522959 box 0
1435.5932203389832 822.0338983050849 1445.9629078893227 381.36519852395617 745.1391260630985 364.8736173224894 734.769438512759 805.5423171036181 box 0
1425.4237288135594 1296.6101694915255 1441.120916136131 835.8540477539963 740.6048758023232 811.9886426322606 724.9076884797516 1272.7447643697901 box 0
