703.7915346582297 1962.0580220736786 1236.9529878860787 487.7734194454932 959.0603360693094 387.27610039336184 425.8988828414604 1861.5607030215474 box 0
2433.4366707003405 2541.413703794752 2975.417802186846 1083.6427914371259 2690.350463851661 977.6582932755607 2148.3693323651555 2435.429205633187 box 0
2728.327769826337 2630.631411606646 3253.5331790457017 1183.3119995118213 2987.1616985574524 1086.65072264018 2461.9562893380876 2533.9701347350046 box 0
2136.544591559843 2431.8358141608924 2676.4009116482403 980.4801757239717 2400.1541381459674 877.7255078605915 1860.29781805757 2329.0811462975125 box 0
1273.0748075254037 2131.7136862217835 1810.3082488807472 676.2579098502439 1535.5910463564323 574.8551255763124 998.3576050010888 2030.310901947852 box 0
991.8858428585538 2044.6356894883118 1523.0574541835742 578.6529602223401 1242.6741577517976 477.0612808791198 711.5025464267771 1943.044010145092 box 0
1573.8124270285573 2220.9956800192413 2099.653722279485 780.7637839582789 1818.3759473000557 678.0668016702115 1292.5346520491278 2118.298697731174 box 0
1859.6716340636885 2323.180147465663 2390.07260957124 875.299747771922 2111.6552030945145 773.3073014173933 1581.2542275869632 2221.1877011111346 box 0
409.4358974358976 1869.2820512820515 965.0244237300312 391.23408252111017 684.5656179015456 285.8114589596531 128.9770916074119 1763.859427720594 box 0
140.73945613426076 1764.092324373627 676.5250427653248 278.46710203650116 375.07024921726963 169.74847571309908 -160.71533741379443 1655.3736980502251 box 0
