363.5595367380779 1865.1712265800404 1216.0383490704903 1037.300113269882 1086.2712159710031 903.6757728068903 233.792403638591 1731.5468861170489 box 0
726.5215005671089 2306.528117821178 1588.758868096697 1475.9241037439303 1458.4745762711866 1340.677966101695 596.2372087415982 2171.2819801789424 box 0
1241.6248418229245 2849.380076458639 2111.8644067796613 2029.6610169491526 1986.069080129363 1896.1127371235577 1115.829515172626 2715.8317966330437 box 0
846.7200199082662 2442.7422897026886 1721.7983798367989 1608.6698677762768 1592.3728813559323 1472.8813559322034 717.2945214273998 2306.9537778586155 box 0
1111.4213445861694 2723.912559403061 1981.35593220339 1886.4406779661015 1851.962590044144 1752.0316951133552 982.0280024269234 2589.503576550315 box 0
985.803433327137 2582.930961725862 1861.6256174123598 1749.9941727666155 1725.4237288135594 1606.779661016949 849.6015447283366 2439.7164499761957 box 0
597.2821330029046 2173.899393081051 1450.034745627494 1332.2682410459902 1319.491525423729 1200.0 466.73891279913965 2041.631152035061 box 0
462.7118644067797 2027.1186440677966 1325.0330917890142 1189.68922738742 1194.3466751401108 1055.1182785263288 332.0254477578765 1892.5476952067058 box 0
1380.4066919400157 2998.6516826860043 2246.1111438192092 2166.7104213803314 2114.406779661017 2029.6610169491528 1248.7023277818234 2861.602278254826 box 0
1525.082228128022 3116.714756241552 2387.2881355932204 2288.135593220339 2259.3584498380797 2155.01405731777 1397.1525423728813 2983.593220338983 box 0
