3380.0 622.1176470588235 3521.1764705882356 367.99999999999994 2907.0588235294117 0.9411764705881818 2342.3529411764707 6.823529411764652 box 0
1887.0588235294117 89.17647058823525 3221.1764705882356 891.5294117647059 3376.470588235294 630.3529411764706 2302.0 0.0 box 0
1878.8235294117649 111.52941176470583 1730.5882352941178 359.76470588235287 3068.2352941176473 1149.1764705882354 3217.6470588235293 902.1176470588234 box 0
1584.7058823529412 618.5882352941177 2912.9411764705883 1412.7058823529412 3064.7058823529414 1155.0588235294117 1727.0588235294117 365.64705882352933 box 0
1572.9411764705883 626.8235294117648 1425.8823529411766 878.5882352941178 2757.6470588235293 1677.4117647058824 2902.3529411764707 1411.5294117647059 box 0
1422.3529411764707 887.9999999999999 1280.0 1129.1764705882354 2598.823529411765 1933.8823529411766 2750.5882352941176 1683.2941176470586 box 0
2445.8823529411766 2196.235294117647 2602.3529411764707 1939.7647058823532 1281.1764705882354 1137.4117647058824 1130.5882352941176 1388.0 box 0
2440.0 2208.0 2296.470588235294 2459.7647058823527 976.4705882352941 1652.7058823529412 1122.3529411764707 1393.8823529411766 box 0
972.9411764705883 1666.8235294117644 823.5294117647059 1912.7058823529412 2135.294117647059 2723.2941176470586 2291.764705882353 2465.6470588235293 box 0
816.4705882352941 1926.8235294117644 660.0 2192.705882352941 1976.4705882352941 2989.176470588235 2128.2352941176473 2736.235294117647 box 0
