2624.8969430882644 2669.96754018855 2918.308296783085 2623.7452576488436 2676.6839902918628 1089.9543897430906 2383.272636597042 1136.1766722827972 box 0
2042.4600264466526 2767.8792123790486 2334.132743875997 2713.599660569668 2051.8963463866 1196.9943410877481 1760.223628957255 1251.273892897129 box 0
1755.5383513207623 2855.7729818150997 2042.6988510746007 2802.8394911663495 1761.293647122841 1276.2358606531623 1474.1331473690027 1329.1693513019125 box 0
3234.7733758245204 2548.869540117529 3527.4878123446133 2499.6464416662593 3275.4355231012605 1000.7699763314452 2982.7210865811676 1049.9930747827154 box 0
2345.939897604315 2736.571493885089 2641.2246170800354 2683.6372902305193 2369.0188975617 1165.1826053885927 2073.7341780859797 1218.1168090431627 box 0
1432.8774752563831 2889.827800031556 1731.5788137429531 2839.113212069172 1470.9207787566784 1303.8763686696157 1172.2194402701084 1354.5909566319997 box 0
1146.8746614846907 2970.213302959765 1435.976348287836 2922.5488045047673 1181.8713906851092 1381.3142536503422 892.769703881964 1428.9787521053402 box 0
2935.129493602256 2620.571996039697 3223.3239079552777 2573.7549743228233 2977.7392747082904 1061.9945727164068 2689.5448603552686 1108.8115944332803 box 0
834.3919583697347 2994.996059804987 1135.2697690115976 2944.636103675763 880.1560259442302 1420.447633737493 579.2782153023671 1470.807589866717 box 0
546.9496635302673 3081.07636521409 839.6944304078836 3032.010171341067 582.1650665417542 1495.506773823996 289.42029966413793 1544.5729676970184 box 0
