1172.8272554274781 691.5403816295507 1389.192824919015 685.5717683745202 1370.4285024765745 5.354582588589063 1154.0629329850376 11.32319584361952 box 0
947.3021465037452 689.6819053541401 1163.7758948305443 683.0203732092202 1142.781396510781 0.7812656511089182 926.3076481839819 7.442797796028805 box 0
1849.8438839689638 671.8450788417317 2067.1261392267365 667.2706263391526 2052.961329959259 -5.544688979671162 1835.6790747014861 -0.9702364770920323 box 0
722.7280744571084 696.6031377631043 941.4065058291616 688.9650750072692 917.3223985653525 -0.5651063757751746 698.6439671932993 7.07295638005988 box 0
1625.7210057311856 679.1471449482046 1845.1936548161991 672.4481388001714 1824.443307012955 -7.374166356285853 1604.9706579279416 -0.6751602082524664 box 0
1397.275180623463 685.8838304757422 1620.072529055031 679.4359141814881 1600.4930688882557 2.8992456198388052 1377.6957204566877 9.347161914092883 box 0
2070.1605402382124 675.6758788822486 2287.3027700092175 674.3277350481504 2283.0866384116894 -4.754268622238868 2065.9444086406843 -3.406124788140716 box 0
509.06431710619216 719.5216429469001 717.5008555784347 711.792032625243 691.4871794871796 10.307692307692257 483.05064101493707 18.037302629349323 box 0
2509.851726395344 679.3736953752333 2731.3718898568336 680.4440260953774 2734.660473769451 -0.17518081834852883 2513.1403103079615 -1.2455115384926578 box 0
2289.132642130812 669.3930296638708 2513.383562870964 668.3575908388372 2510.263778157274 -7.312065003226193 2286.012857417122 -6.276626178192574 box 0
