3355.252804750955 1159.329494563731 3398.77897725156 531.1749780486159 2879.840886502707 495.2166457255755 2836.314714002102 1123.3711622406906 box 0
931.9951560899576 1696.654069552017 996.5476022451153 979.5101095324487 390.9458038404623 924.9979339269868 326.3933576853046 1642.1418939465552 box 0
2283.364353676521 1841.5671217414845 2333.064160812987 1122.520630182625 1679.1811705391774 1077.3248620536817 1629.481363402711 1796.3713536125413 box 0
1611.5467512359219 1779.7405425069092 1676.6954546431311 1050.4161631721836 1024.9211007843417 992.1948075297116 959.7723973771322 1721.5191868644374 box 0
2823.2952954547245 1095.4217031766582 2868.843537291748 463.0369106931433 2347.2403414471314 425.4678407381369 2301.6920996101076 1057.8526332216518 box 0
2962.7640462715344 1903.8331325350014 3014.310632577436 1165.7620459116238 2354.9221559684556 1119.7106212796957 2303.375569662554 1857.7817079030733 box 0
1742.5736334494854 1020.8667241467803 1802.5601110218045 394.16679189690683 1288.8665425606464 344.9970598803194 1228.8800649883274 971.6969921301928 box 0
677.1042452742512 909.314319582858 755.2893816925693 202.55032338596982 135.14993782740288 133.9479507723667 56.96480140908461 840.711946969255 box 0
2285.8792634430038 1046.746053464386 2334.616640716219 408.343920379123 1810.5291060027967 368.33363441708354 1761.791728729581 1006.7357675023468 box 0
3640.5504303441144 1938.0766400383661 3677.479211740294 1213.9435198318622 3025.334485579958 1180.6859469367316 2988.4057041837787 1904.8190671432355 box 0
1218.684255379198 933.2655844396786 1281.9824824572647 288.8722259602054 763.672164947035 237.95903180177646 700.373937868968 882.3523902812497 box 0
3899.3331771677417 1168.0311571231882 3920.918776657412 553.3047811606704 3403.087596910628 535.1215749629933 3381.5019974209577 1149.8479509255112 box 0
3983.261706393564 2965.2339981381815 4016.900592651001 2065.9690496858734 3486.2353166166904 2046.1184051210964 3452.5964303592536 2945.3833535734043 box 0
