1025.027027027027 2249.5135135135133 1076.8391816359267 1527.7168940374183 449.45201587533467 1482.681658411597 397.639861266435 2204.478277887692 box 0
1686.9610389610389 2277.9220779220777 1740.3968233100304 1565.0564273258997 1106.742909720049 1517.5582853545875 1053.3071253710573 2230.4239359507656 box 0
1992.6245713767007 1435.3055234318877 2052.559255556192 799.8143081653197 1522.8012133065272 749.8515703791477 1462.8665291270352 1385.3427856457156 box 0
3618.083549171651 2424.3285701964355 3689.2587102584453 1520.1109169553101 3148.7018710554 1477.561183526709 3077.5267099686057 2381.7788367678345 box 0
2517.6733643139914 1524.0842219636686 2591.429140929232 892.7640221526447 2069.4668120776105 831.7842896177524 1995.71103546237 1463.1044894287763 box 0
2414.350063177804 2336.397564684259 2437.641185399231 1599.7429899562508 1778.7211434872354 1578.9096336494813 1755.4300212658084 2315.5642083774896 box 0
1457.7860110990318 1351.577249645949 1521.0106686647994 741.953391726071 1006.4360050447673 688.5863745453353 943.2113474789998 1298.2102324652133 box 0
4179.937895326512 2414.958248707119 4235.749869584161 1520.892320509447 3706.828079862697 1487.874431804356 3651.0161056050465 2381.940360002028 box 0
2070.0779220779223 735.0649350649351 2082.7363866955616 101.2010312041104 1562.204233200197 90.80583783968194 1549.5457685825577 724.6697417005065 box 0
1514.9874600776875 696.9537385036951 1538.9215624625501 66.38730996963062 1035.1035010315695 47.26413353655363 1011.1693986467069 677.830562070618 box 0
949.7381358012824 1068.388259330619 1006.3749749088661 457.3849042664014 498.1014441624018 410.2705865708703 441.46460505481804 1021.2739416350879 box 0
2606.9107012073023 785.0998755181246 2627.4081623659936 168.72533713496398 2101.9115827282444 151.2500115668364 2081.414121569553 767.624549949997 box 0
365.5675675675676 2172.036036036036 403.74005407177424 1455.5516911915618 -27.479370327983247 1432.5774032302184 -65.65185683218984 2149.061748074692 box 0
