3069.0592351402165 1714.8946992476156 3125.435916015718 984.1628881369726 2471.011978391278 933.6734350602458 2414.635297515776 1664.4052461708886 box 0
2380.4561403508774 1650.8771929824559 2431.169020683666 930.911303550162 1787.7024377665784 885.586873189505 1736.9895574337902 1605.5527626217988 box 0
1056.5248303152648 1579.246606457475 1128.5307875745834 858.1958959081276 501.7752704830911 795.6064964172806 429.76931322377254 1516.657206966628 box 0
2615.543859649123 905.2631578947368 2671.771545497144 287.05219645844176 2153.4554300118825 239.91017289457287 2097.227744163861 858.1211343308678 box 0
1714.4995751423767 1622.111162606086 1774.3356163387596 911.9113878474952 1128.302043052203 857.4815036384207 1068.4660018558204 1567.6812783970117 box 0
1546.5438186184115 858.1677165366523 1606.7213769766242 233.91525531936404 1092.2024673923306 184.3159447334893 1032.0249090341176 808.5684059507776 box 0
2080.4561403508774 877.1929824561403 2135.8881838034326 250.64356615746416 1616.9055585154285 204.72816557177077 1561.4735150628728 831.277581870447 box 0
3736.872766640637 1743.304959273091 3783.03162993059 1012.4626266997727 3152.9307931145136 972.6664393565061 3106.7719298245615 1703.5087719298244 box 0
3162.616245148359 948.3556602460294 3214.8347445152217 321.556296642025 2689.4824937127246 277.7893310564609 2637.263994345862 904.5886946604653 box 0
1017.9905520942251 799.8737628054929 1086.5855401536583 161.23989921855133 566.3883392449933 105.36606787414968 497.79335118556014 743.9999314610913 box 0
3710.9966773589863 960.8819277181063 3744.225881575501 341.8681922656036 3218.2876823822253 313.63536506753815 3185.0584781657094 932.649100520041 box 0
2696.245614035088 2631.578947368421 2737.1008354320975 1727.9336902396076 2194.2615081784184 1703.391071636795 2153.4062867814087 2607.0363287656082 box 0
3271.137810297982 2663.9305473637933 3299.550584995964 1761.9589696167768 2773.781195750614 1745.396843305615 2745.3684210526317 2647.368421052631 box 0
471.75659352481887 812.3297389460486 553.5942168096318 89.75725979227877 -3.7381055945210164 26.63452268114878 -85.57572887933381 749.2070018349185 box 0
369.9298245614037 1577.19298245614 472.79593482192286 851.6575049855429 -5.46897817542353 783.8493097948171 -108.3350884359428 1509.3847872654142 box 0
1873.438596491228 2380.7017543859647 1908.9735242128982 1904.1278808394534 1014.087652281723 1837.4022239301178 978.5527245600533 2313.976097476629 box 0
