2390.2033763663876 2779.6472057789256 3707.97599362065 2734.554687939723 3697.698431800116 2434.205756714971 2379.9258145458534 2479.2982745541735 box 0
2384.6272920220163 2460.8608675092805 3719.692307692307 2420.5641025641025 3710.839146244527 2127.2515713201524 2375.7741305742356 2167.54833626533 box 0
2399.5511635849834 3056.5786661870607 3710.085079856637 3021.9355754857233 3702.912746327126 2750.6091389887206 2392.3788300554725 2785.252229690058 box 0
2365.8260006652117 608.3631771773221 3681.6467759046236 581.3883408291879 3675.521290899729 282.58984864054906 2359.7005156603173 309.56468498868315 box 0
2371.2338220817464 908.6657275059871 3679.7364290860733 893.4129714723528 3676.212927796183 591.1390339991398 2367.7103207918562 606.3917900327741 box 0
2359.636898241869 1540.1579258776278 3687.1719698267716 1500.9618332059827 3678.2039914981215 1197.22477828497 2350.668919913219 1236.420870956615 box 0
2355.3241925837006 1219.6602842240934 3672.4542910051 1199.6495480384444 3667.847526776651 896.4269296736118 2350.7174283552517 916.4376658592607 box 0
2324.2396388348593 291.8848013051982 3657.583655759178 285.5455289016673 3656.242012471293 3.3566692224506838 2322.8979955469745 9.69594162598164 box 0
2397.8483030571824 2141.6129996878108 3737.641025641026 2100.051282051282 3728.7157995069197 1812.3357182609072 2388.9230769230767 1853.8974358974358 box 0
2366.3867781368945 1854.2959060887738 3701.7435897435894 1812.8717948717947 3692.8497972253253 1526.1695320743497 2357.49298561863 1567.5936432913288 box 0
