3893.814432989691 2109.237113402062 3903.5121671704487 1284.0584226146311 3700.590941820907 1281.6736347801375 3690.8932076401497 2106.8523255675677 box 0
3673.8489478265865 2106.507309849165 3683.1379652578803 1290.2473998295097 3476.2396699694277 1287.8929023859282 3466.950652538134 2104.1528124055835 box 0
3453.6629645316743 2110.067417337117 3457.0328456710313 1282.023822435675 3255.9544356270453 1281.205495543575 3252.584554487689 2109.249090445017 box 0
3234.3796504164234 1274.8556111853115 3245.360824742268 455.6288659793815 3041.303888133039 452.89362227986027 3030.322713807194 1272.1203674857902 box 0
3699.6903508176792 1272.4462513002577 3900.870978959697 1271.9868342251348 3898.9690721649486 439.1340206185568 3697.7884440229313 439.59343769367956 box 0
3456.589335721856 1268.5330806934887 3468.041237113402 455.6288659793815 3261.8950884813476 452.724753386963 3250.4431870898015 1265.6289681010703 box 0
3234.141903303954 2104.5935063618144 3242.2680412371133 1285.5257731958764 3037.8334327170332 1283.497535774382 3029.707294783874 2102.5652689403205 box 0
3015.1670930485625 1272.0443893303213 3026.558490118141 449.3086613008992 2825.7665309751883 446.5285450897626 2814.37513390561 1269.264273119185 box 0
3681.3959788888105 1267.8553616435959 3681.443298969072 447.38144329896915 3481.2869097494518 447.3698994629117 3481.23958966919 1267.8438178075385 box 0
3016.494845360825 2100.9896907216494 3022.813815995912 1281.4621105298452 2818.4275838805215 1279.8861896820672 2812.108613245434 2099.4137698738714 box 0
