2303.9146381754254 2995.298501159907 2503.5679345722974 2982.6784346768077 2429.948717948718 1818.0 2230.2954215518453 1830.6200664830994 box 0
2093.412009178199 3013.1429807443615 2300.7097851202366 2998.7632146332526 2219.6923076923076 1830.8205128205125 2012.3945317502705 1845.2002789316216 box 0
1883.853108959322 3043.484510400391 2088.9230769230767 3028.25641025641 2000.8031638579816 1841.5852182909482 1795.733195894227 1856.81331843493 box 0
3365.4713630274223 2969.8283781454215 3584.635541481814 2958.3756592527775 3522.3505714818552 1766.4635545328008 3303.1863930274635 1777.9162734254446 box 0
3584.935668073327 2974.232196650117 3800.1528075565784 2963.1356609551144 3738.1912591117316 1761.3923799184863 3522.9741196284804 1772.488915613489 box 0
3150.8447040795913 2957.349538877075 3364.947041617286 2945.9596785763356 3302.5786754370097 1773.5824382042244 3088.4763378993152 1784.9722985049632 box 0
2500.1482507119226 2981.2763033674782 2715.5463314542058 2969.200752620075 2650.4750038192055 1808.488551816699 2435.076923076923 1820.5641025641025 box 0
3799.109640028859 2939.4205716778433 4007.726019911467 2929.583823981071 3951.5792233635066 1738.8303555674686 3742.9628434808983 1748.6671032642405 box 0
2717.6124874706557 2990.20738318421 2919.6923076923076 2979.5384615384614 2857.669563811396 1804.766975790149 2655.5897435897436 1815.4358974358975 box 0
2922.25641025641 2971.846153846154 3146.617820302332 2959.774887806344 3083.897034990591 1794.0211230130171 2859.535624944668 1806.092389052827 box 0
