612.3246753246754 1915.5844155844154 812.974025974026 1755.8441558441557 1260.3766233766235 2324.6753246753246 1052.5844155844156 2490.909090909091 box 0
822.0649350649351 1753.2467532467533 1028.5584415584415 1586.363636363636 1477.2597402597403 2155.844155844156 1270.7662337662339 2320.779220779221 box 0
1037.6493506493507 1583.7662337662339 1244.7922077922078 1418.8311688311687 1696.090909090909 1989.6103896103896 1488.2987012987014 2153.246753246753 box 0
1255.1818181818182 1412.3376623376623 1460.3766233766235 1248.7012987012986 1909.7272727272727 1819.4805194805194 1699.987012987013 1984.4155844155841 box 0
1467.5194805194806 1243.5064935064934 1677.2597402597403 1080.5194805194806 2123.363636363636 1650.0 1919.4675324675325 1815.5844155844154 box 0
1686.3506493506493 1074.025974025974 1894.7922077922078 909.0909090909091 2342.8441558441555 1480.5194805194806 2134.402597402597 1646.103896103896 box 0
1903.8831168831168 909.0909090909091 2112.324675324675 740.2597402597403 2561.6753246753246 1314.2857142857142 2351.9350649350645 1478.5714285714284 box 0
2122.7142857142853 735.0649350649351 2327.25974025974 575.3246753246754 2776.6103896103896 1145.4545454545455 2570.7662337662337 1307.7922077922078 box 0
2336.3506493506493 568.1818181818181 2546.7402597402597 401.948051948052 2992.1948051948048 972.077922077922 2784.402597402597 1135.7142857142858 box 0
2553.8831168831166 391.55844155844153 2764.272727272727 231.16883116883116 3208.428571428571 800.6493506493505 2999.337662337662 966.2337662337663 box 0
