1723.0 1708.6190476190477 1767.3343808490588 993.8048758826571 1144.5983355771298 955.1813873017619 1100.263954728071 1669.9955590381526 box 0
3098.3968253968255 1772.9047619047617 3137.841821547522 1039.9110375569528 2488.5988927074036 1004.972969223896 2449.153896556707 1737.9666935717048 box 0
3775.160843382422 1825.3643744504734 3826.547320332 1102.0523163243424 3192.8412698412694 1057.031746031746 3141.454792891692 1780.3438041578765 box 0
2426.1746031746034 1725.2857142857142 2446.4700538350953 1003.8769156176222 1802.9661761371474 985.7731702463892 1782.670725476655 1707.1819689144809 box 0
1785.7363577826827 2459.695874165765 2507.8571428571427 2375.642857142857 2433.4686384313804 1736.5523507092125 1711.3478533569207 1820.6053677321206 box 0
2171.779711833001 906.468688320474 2199.4909284914647 287.2039235732027 1674.2177158258044 263.69869506725786 1646.506499167342 882.9634598145294 box 0
2711.8303243669816 928.4588237675883 2739.14266692161 305.0130059766449 2213.804406046692 281.99862665350105 2186.4920634920636 905.4444444444446 box 0
3251.820943896206 996.9012800811336 3286.442382065904 369.823490320457 2765.5579461062066 341.0650673821806 2730.936507936508 968.1428571428572 box 0
1619.5797700717849 894.2664773533318 1647.9486805232177 265.8795423361701 1132.4567749005662 242.60734666480712 1104.0878644491333 870.9942816819689 box 0
3798.397049633799 1038.2231876676728 3831.9195889581188 412.427107513422 3308.9034917052722 384.41026905209867 3275.380952380953 1010.2063492063495 box 0
970.6190476190476 1049.888888888889 1008.6308176861286 346.2710869355531 393.56556710797776 313.04321973787415 355.5537970408967 1016.6610216912097 box 0
