3218.859035737819 312.44368901308235 3224.7684327655097 35.16979800571599 2402.21892294138 17.63921980802357 2396.309525913689 294.9131108153899 box 0
4035.872243042191 334.6748915084266 4043.27724312693 54.78720229569797 3215.546329955855 32.88789154211054 3208.141329871116 312.77558075483915 box 0
4019.705343820404 600.9364853259951 4028.264545016139 344.66431980088805 3208.4129453641663 317.2822013500303 3199.853744168431 573.5543668751374 box 0
3203.9267505125404 579.6011428988869 3211.343526445133 325.1004594772042 2400.0325069947835 301.456860717446 2392.6157310621907 555.9575441391287 box 0
2392.003936005441 541.7121061527807 2393.2900423433307 294.4855566949761 1578.8616233817659 290.2487886226099 1577.5755170438758 537.4753380804145 box 0
1593.6114505989863 274.9937525321401 1594.0701239957548 5.346488866027926 798.0646709220096 3.992473549708052 797.605997525241 273.6397372158202 box 0
2403.0818948637284 278.1131268068847 2404.5531492626683 18.1649123833964 1577.8937833894447 13.48618731054691 1576.4225289905053 273.4344017340352 box 0
1571.1804410851755 548.018819613985 1573.753586638618 294.92383127175555 779.9128305517875 286.85307560391055 777.3396849983451 539.94806394614 box 0
780.6515719761832 264.0492358451994 780.1672312591655 7.1414551826235035 14.71540314054661 8.584539102920672 15.19974385756419 265.49231976549663 box 0
773.5384615384615 530.8205128205127 773.4649744734462 274.9046923285713 10.44911496183428 275.1237948286352 10.52260202684966 531.0396153205767 box 0
