2095.0672234085155 2932.780761729218 2102.6713703935225 2672.483334235348 1283.2186904207986 2648.544416798614 1275.614543435792 2908.8418442924835 box 0
1313.3152079564688 2628.8600308099744 1319.33058536212 2382.7745480726894 510.6377324121833 2363.006650098229 504.6223550065322 2609.092132835514 box 0
2881.9080481170527 2954.4548459080793 2890.175356244716 2695.449049580839 2105.0330918670784 2670.387784096803 2096.765783739415 2929.393580424043 box 0
3742.079591527254 2720.091133084451 3752.9252301902106 2462.374882818467 2927.334609827726 2427.631021914328 2916.4889711647693 2685.347272180312 box 0
2101.268705741714 2658.90167454974 2108.352280939505 2424.0931261541773 1303.2928115922705 2399.8065346787753 1296.209236394479 2634.615083074338 box 0
3721.0808277219758 2987.475428398752 3731.4294809884805 2729.001094727651 2895.2918025880826 2695.5242740548615 2884.943149321578 2953.9986077259623 box 0
1272.7857521687774 2890.8051411434517 1280.7983500335092 2647.4313153032062 471.2946491467832 2620.7800203136 463.2820512820514 2864.153846153846 box 0
488.809082790084 2605.292555206079 497.5351542502564 2346.7070244075244 -5.639229961104549 2329.7272049257567 -14.365301421277023 2588.3127357243116 box 0
2893.5049395045594 2680.0071497182944 2899.8467467363394 2442.293468199885 2120.063287118976 2421.49013726901 2113.721479887196 2659.2038187874196 box 0
450.4615384615387 2859.025641025641 458.3039306646201 2626.6267706038007 -40.972563294437805 2609.7784869770385 -48.81495549751931 2842.177357398879 box 0
