1875.9423076923076 252.6923076923076 3415.365384615384 252.69230769230768 3415.3653846153843 -1.1538461538461746 1875.9423076923076 -1.1538461538461604 box 0
1873.0576923076924 265.38461538461536 3428.826923076923 265.38461538461536 3428.826923076923 550.0 1873.0576923076924 550.0 box 0
1877.8653846153845 570.1923076923076 3431.711538461538 570.1923076923076 3431.711538461538 853.8461538461537 1877.8653846153845 853.8461538461537 box 0
1887.4807692307693 879.8076923076923 3435.557692307692 879.8076923076923 3435.557692307692 1160.576923076923 1887.4807692307693 1160.576923076923 box 0
1887.4807692307693 1173.076923076923 3435.557692307692 1173.076923076923 3435.557692307692 1468.2692307692307 1887.4807692307693 1468.2692307692307 box 0
1891.326923076923 1477.8846153846152 3430.7499999999995 1477.8846153846152 3430.7499999999995 1775.0 1891.326923076923 1775.0 box 0
1896.1346153846155 1781.7307692307693 3443.2499999999995 1781.7307692307693 3443.2499999999995 2072.1153846153848 1896.1346153846155 2072.1153846153848 box 0
1899.0192307692307 2081.730769230769 3452.8653846153843 2081.730769230769 3452.8653846153843 2383.653846153846 1899.0192307692307 2383.653846153846 box 0
1903.826923076923 2390.3846153846152 3452.8653846153843 2390.3846153846152 3452.8653846153843 2685.576923076923 1903.826923076923 2685.576923076923 box 0
1908.6346153846155 2694.230769230769 3445.1730769230767 2694.230769230769 3445.1730769230767 2979.8076923076924 1908.6346153846155 2979.8076923076924 box 0
