654.028985507246 208.57971014492745 1047.2657004830917 176.69565217391295 1074.31884057971 573.3140096618357 683.980676328502 607.6135265700483 box 0
685.4299516908209 615.8260869565216 1075.285024154589 579.5942028985506 1115.3816425120772 983.4589371980676 726.492753623188 1012.9275362318839 box 0
1083.980676328502 574.7632850241545 1472.869565217391 544.3285024154588 1517.3140096618356 951.0917874396137 1130.8405797101448 985.391304347826 box 0
1482.5314009661834 548.6763285024153 1873.3526570048307 516.3091787439613 1905.2367149758452 920.1739130434781 1526.4927536231883 951.0917874396137 box 0
1055.478260869565 162.68599033816415 1445.8164251207727 141.42995169082116 1475.7681159420288 536.1159420289854 1085.9130434782608 562.6859903381642 box 0
1451.6135265700482 135.6328502415458 1841.4685990338162 108.09661835748781 1875.285024154589 505.19806763285015 1487.3623188405795 529.8357487922705 box 0
1846.2995169082124 101.33333333333321 2239.536231884058 72.3478260869564 2276.734299516908 470.89855072463763 1886.8792270531399 499.88405797101444 box 0
2246.782608695652 69.93236714975833 2637.1207729468597 39.49758454106269 2683.4975845410627 433.2173913043477 2281.565217391304 464.61835748792265 box 0
1882.5314009661834 515.3429951690821 2275.2850241545893 487.8067632850241 2303.7874396135267 885.8743961352657 1920.2125603864733 915.3429951690821 box 0
2283.014492753623 476.21256038647334 2675.768115942029 444.32850241545884 2698.9565217391305 843.8454106280192 2315.381642512077 884.4251207729468 box 0
