2640.2909660427017 921.5141090509368 2698.4685425264884 293.43929163602365 2171.713401022728 244.64679640560598 2113.535824538941 872.7216138205192 box 0
3074.0952770264494 1714.1019482523538 3131.8879210009964 985.7268995003988 2473.6419994322905 933.4986247151757 2415.8493554577435 1661.8736734671306 box 0
1723.982183973827 1618.7463741669046 1777.829651736443 906.2835737992775 1132.5159830641367 857.5111930480614 1078.6685153015208 1569.9739934156885 box 0
2095.2990160517493 887.7517261219155 2157.0129416592354 254.42380030500266 1638.778597015878 203.9250389385092 1577.0646714083919 837.252964755422 box 0
1073.7649873245261 1576.6398663145194 1136.871009037891 854.2320238851896 507.85567212219013 799.2843154329173 444.7496504088253 1521.692157862247 box 0
2393.475468414177 1653.260802408778 2447.810140421412 931.9830340796728 1794.31739237989 882.7546844991807 1739.9827203726556 1604.0324528282858 box 0
3743.8787752593544 1732.7287118954678 3786.3623972570463 1007.4563182877182 3142.3124150787803 969.7303876833898 3099.828793081089 1695.0027812911394 box 0
3182.963498064848 953.1740168774049 3233.8879451998746 324.96490706892416 2707.6453352481403 282.3061592853147 2656.7208881131137 910.5152690937956 box 0
1555.5200819192125 855.2596366940481 1625.3993358711582 234.58018569535784 1111.5661596121597 176.73022956266578 1041.6869056602138 797.409680561356 box 0
3743.800871071845 970.6387315014978 3778.169305500344 355.1002387258813 3239.0190874242494 324.9969240923742 3204.65065299575 940.5354168679906 box 0
2705.292149378203 2635.61900585409 2754.3859543992007 1734.748143360888 2206.806595586397 1704.90729114298 2157.7127905653992 2605.778153636182 box 0
481.97588636418084 819.1209447449891 570.1616516916121 95.43482269205572 -20.257848901946282 23.488444369390777 -108.44361422937746 747.1745664223241 box 0
1026.7982814880884 791.6361855013747 1110.367080437382 163.25887672472442 595.1161188033548 94.7349128262619 511.547319854061 723.1122216029123 box 0
3291.0002287066905 2674.8764598933135 3316.9765274720253 1760.3792458892008 2777.296055778173 1745.0496189030732 2751.319757012838 2659.546832907186 box 0
396.5792809182826 1557.7695199182492 488.09155463793695 839.6654787409236 -13.896682851952718 775.6941286870976 -105.40895657160702 1493.7981698644232 box 0
1870.9935998323006 2393.150566610345 1907.5135656784817 1924.0849954011235 1009.8642080900628 1854.196847787848 973.3442422438819 2323.2624189970693 box 0
