1801.4285714285716 2351.428571428571 1847.2233982594535 1623.096093167968 1210.089266482871 1583.0354778533328 1164.294439651989 2311.367956113936 box 0
3896.764856302584 2704.4129381287353 3941.793359647715 1974.9451886445497 3296.442274238536 1935.10902929593 3251.413770893405 2664.5767787801155 box 0
2479.974339667131 2397.6409465207316 2532.754429438566 1667.7932526694635 1882.8204850965762 1620.7922520266316 1830.0403953251416 2350.6399458778997 box 0
1131.930541870021 2350.0918136382825 1178.921340925901 1631.8116266048796 545.9279015648515 1590.400394540195 498.9371025089717 2308.680581573599 box 0
2942.857142857143 1314.2857142857142 2971.9002741565732 681.0567529536864 2449.6239416530257 657.1024788668259 2420.5808103535956 1290.331440198854 box 0
671.2253116350662 1396.1115645210557 800.111364035393 771.7600382882504 85.71428571428571 624.2857142857142 -43.17176668604122 1248.6372405185195 box 0
3502.8571428571427 1425.7142857142856 3620.4069908593756 809.1377469428859 3106.717823552017 711.2032980297049 2989.167975549784 1327.7798368011047 box 0
1314.2857142857142 1358.5714285714284 1321.7296156198236 736.2140898286289 813.1104922178481 730.1305903090544 805.6665908837386 1352.4879290518538 box 0
451.17024755058594 2392.652227839256 495.4387688534503 1654.437514213689 -33.95520964611896 1622.6913458127387 -78.22373094898342 2360.9060594383054 box 0
1352.7262992795668 1263.294136881703 1862.8571428571427 1265.7142857142856 1865.8128609106266 642.6935343862106 1355.6820173330511 640.2733855536279 box 0
1892.6372741468756 1258.3108998012851 2408.5714285714284 1254.2857142857142 2403.690339072097 628.6447907143053 1887.7561846475442 632.6699762298762 box 0
