2.7102639331253044 993.8560115671173 673.8127057698341 972.6840257935614 666.6843710766402 746.7324844503387 -4.418070760068588 767.9044702238946 box 0
-2.796768424565755 1701.238635063948 674.0984372033843 1676.4645482990195 665.6400214648795 1445.3577020637372 -11.255184163070624 1470.1317888286658 box 0
-10.492333488063537 1224.5050961530858 677.9518906957347 1206.8249849658412 672.2480627818868 984.7241541826075 -16.196161401911468 1002.404265369852 box 0
-1.8585845762709141 2409.5002355127917 696.3469323180421 2382.631188540752 687.6908452803115 2157.6984720677747 -10.5146716140016 2184.567519039814 box 0
-4.7108190570867805 758.609857134111 687.3637569310604 742.699599038657 681.9066416774785 505.3225117165969 -10.167934310668613 521.232769812051 box 0
-12.71409503900253 1927.8309601461622 681.369183410169 1907.7661300250556 674.9470280834362 1685.6107169473437 -19.136250365735293 1705.67554706845 box 0
-2.2672255705463726 1461.5072310423827 677.7019393095334 1445.0389244379587 672.1908237646687 1217.4873780274413 -7.778341115411024 1233.9556846318653 box 0
-7.543557028638645 2170.7443550273165 706.5676980499595 2152.6376349706306 700.5206343220345 1914.1473808125272 -13.59062075656351 1932.2541008692128 box 0
2.4520670893115266 2884.0940018764713 679.6308052827486 2863.7434235800947 672.7759856221753 2635.644837845208 -4.402752571261772 2655.9954161415844 box 0
3.7092390947810827 2644.741422219593 695.9693448599095 2633.873408472563 692.2901765889652 2399.521347860973 0.030070823836808813 2410.389361608003 box 0
