2591.5384615384614 1735.3076923076924 2735.670382358517 1520.9553497470151 2107.435689121044 1098.5262221694443 1963.3037683009884 1312.878564730122 box 0
1823.8882552817945 1545.5726740443295 1964.6060174802149 1328.6160135792488 1310.7692307692307 904.5384615384615 1170.0514685708101 1121.495122003542 box 0
2456.9958753236797 1959.7941956439552 2597.2436944418832 1745.9648743716912 1966.535497446139 1332.2917232700286 1826.2876783279355 1546.1210445422923 box 0
1956.5237878701703 1320.2878534401912 2095.5611295406725 1104.2668851666062 1455.3846153846155 692.2307692307693 1316.3472737141135 908.2517375043541 box 0
1678.4830318215943 1773.3433143676466 1822.8985559636963 1557.73152113125 1173.8461538461538 1123.0 1029.4306297040519 1338.6117932363966 box 0
2323.076923076923 2183.769230769231 2461.643214880317 1967.0590158136997 1820.2939338680976 1556.975016594412 1681.7276420647042 1773.6852315499434 box 0
2728.4615384615386 1513.0 2872.8408253296493 1297.9439752587243 2244.6559359196735 876.2078882858129 2100.276649051563 1091.2639130270888 box 0
2173.846153846154 2398.3846153846157 2309.842500786831 2184.1691490873263 1676.3153902052811 1781.9695590381034 1540.3190432646043 1996.1850253353932 box 0
1535.7138010523634 1993.6510066753392 1680.1293251944653 1778.0392134389424 1031.0769230769229 1343.3076923076924 886.6613989348209 1558.919485544089 box 0
2100.6776340240167 1088.2878534401907 2239.714975694518 872.2668851666061 1599.5384615384617 460.23076923076934 1460.5011198679597 676.2517375043541 box 0
