108.30035023914752 2688.8522009397525 1265.6994437816838 2409.352490486253 1204.6887623421349 2156.709268495174 47.28966879959921 2436.208978948674 box 0
-39.395684831700216 2165.793768854645 1147.3846153846152 1896.9230769230771 1092.243080076796 1653.5314028180462 -94.5372201395196 1922.4020947496138 box 0
25.846153846153776 2413.846153846154 1207.0527060379775 2152.346901015645 1150.775282161412 1898.1386724875044 -30.431270030411838 2159.6379253180135 box 0
-121.36606449537136 1642.0802862549651 1007.3846153846152 1392.3076923076922 951.5267738635424 1139.8797713851545 -177.22390601644406 1389.6523653324273 box 0
-107.46619705308021 1914.904635096793 1061.230769230769 1653.8461538461538 1003.2602703641727 1394.3259657458243 -165.43669591967642 1655.3844469964638 box 0
-22.801943319799562 1350.1794880290508 942.7692307692307 1135.3846153846152 884.217296161597 872.1750724926632 -81.35387792743325 1086.9699451370989 box 0
-65.58718819933335 1081.8185844955005 882.1396305889878 869.2238646395455 828.7457413787677 631.1990407011886 -118.9810774095535 843.7937605571435 box 0
183.47825503019942 2938.2690097829113 1331.4846956519518 2657.1395346336076 1272.0 2414.230769230769 123.99355937824764 2695.3602443800723 box 0
-50.46171310955492 820.9227648690231 819.2557427597112 621.4633853298462 759.8589055662217 362.4709716867653 -109.85855030304452 561.9303512259423 box 0
-41.40571096249391 537.4165124228459 753.0698064052832 351.8581021601706 696.0538077226047 107.74189644608758 -98.42170964517243 293.3003067087628 box 0
