668.4102564102565 2002.6153846153843 668.2571924002345 1728.4527785157368 -2.2330908993231153 1728.8271108614301 -2.0800268893011427 2002.9897169610776 box 0
682.1165371458234 2507.8006532378904 681.6483632712371 2258.2536798683504 1.5595744789679262 2259.5295911687854 2.027748353554051 2509.0765645383253 box 0
665.8461538461539 1192.3589743589744 665.651236430301 938.5979533943615 -12.149433211375102 939.1185816393444 -11.95451579552217 1192.879602603958 box 0
655.6702183861612 665.022775645804 655.4953795273309 413.21556567433316 6.65126694251303 413.66608162348314 6.826105801343419 665.473291594954 box 0
658.1538461538463 933.3846153846152 657.5033359417421 677.1276970500471 -0.8732585449822423 678.7989912375658 -0.22274833287804469 935.0559095721338 box 0
5.647454220079851 2782.7353532945467 685.6362034170529 2778.43536518634 684.0466646611458 2527.0699094618008 4.057915464172595 2531.3698975700077 box 0
665.8461538461539 1453.8974358974358 665.6615265734227 1196.0251348876468 9.102506834425187 1196.4952074806583 9.287134107156499 1454.3675084904476 box 0
653.7296241286008 1713.7243604688063 652.8813120252819 1467.0515948708376 4.307692307692491 1469.2820512820513 5.156004411011473 1715.9548168800197 box 0
660.7179487179488 407.74358974358967 662.3237680998395 142.50981267050074 1.2494890791794724 138.50743445971864 -0.35633030271119515 403.74121153280754 box 0
671.17050882002 2268.025013168931 670.974358974359 2000.0512820512822 5.116055273650578 2000.538673121139 5.312205119311615 2268.512404238788 box 0
