1103.8441558441557 2263.6363636363635 1176.276039237153 1537.2434913968418 546.7412691984555 1474.4697627468108 474.3093858054583 2200.862634986333 box 0
2474.741747064396 2348.266314580483 2513.7862531334576 1610.854580525884 1857.2000220376258 1576.0896264290386 1818.1555159685647 2313.5013604836377 box 0
1993.1100744701664 1453.976552092078 2026.0823907552738 821.8905187974692 1499.6941155933102 794.4318505415886 1466.7217993082031 1426.5178838361976 box 0
1767.4805194805194 2300.0 1823.7936961966473 1573.5324281184487 1187.6568267992925 1524.221365479773 1131.3436500831647 2250.6889373613244 box 0
2535.8989287029244 1511.4781987240556 2567.9807798131283 870.7863152741845 2039.2211587299364 844.309333319401 2007.1393076197332 1485.001216769272 box 0
1444.103896103896 1414.2857142857142 1489.1129371948064 789.7804186794104 976.7487684564605 752.8535581923982 931.7397273655503 1377.358853798702 box 0
2028.464230473796 793.8642193633054 2082.0204407247334 172.1142662953423 1555.2144632975662 126.73632690134292 1501.658253046629 748.486279969306 box 0
3281.771550533682 2288.6128576590872 3333.8598616286413 1406.6953596022697 2788.5311395908307 1374.4868455574654 2736.4428284958713 2256.404343614283 box 0
923.2556524994981 1360.2808004535887 964.3772513822231 745.8472053929484 453.162244269146 711.6336164317871 412.04064538642115 1326.0672114924278 box 0
1464.883116883117 770.1298701298701 1540.4931449052483 148.34533564000003 1032.9548259821988 86.62783643014689 957.3447979600669 708.412370920017 box 0
433.7142857142857 2210.3896103896104 498.48313386330113 1490.7261200061841 -15.573448814939994 1444.461646139725 -80.34229696395545 2164.1251365231515 box 0
2560.4188487421497 833.4981237834261 2610.7892097536123 211.64642896063737 2089.10492368827 169.38968825881017 2038.7345626768074 791.241383081599 box 0
3839.282072807488 2315.9319056918443 3874.61373532484 1426.4288049620484 3340.728564094368 1405.2225262234385 3305.396901577016 2294.7256269532345 box 0
