1253.623611894024 3048.758719312727 1275.6538954061555 2188.9483990414715 1003.3129657121771 2181.9704089526535 981.2826822000453 3041.780729223909 box 0
687.6663664783226 3043.509500396858 714.6112484246806 2175.2334141156343 426.3372952495826 2166.2875180357587 399.3924133032246 3034.5636043169825 box 0
975.1799045860556 3040.6762267947092 997.2309142182822 2181.3703826002243 712.5677261054726 2174.065520489226 690.516716473246 3033.371364683711 box 0
1542.0596656431637 3051.4007502138716 1559.9064579343847 2196.2636145814754 1286.3868305573976 2190.5552342831984 1268.5400382661767 3045.6923699155946 box 0
2403.329815916976 3041.9943918928907 2411.17238699431 2204.778165469501 2139.230769230769 2202.2307692307695 2131.388198153435 3039.4469956541593 box 0
1830.8087805017637 3055.109247196247 1844.9614640122466 2195.6162139139346 1567.4713769689395 2191.046974574993 1553.3186934584567 3050.5400078573048 box 0
2689.3905094999927 3036.346215188633 2699.1823551854022 2210.927291407565 2420.0 2207.6153846153848 2410.20815431459 3033.0343083964526 box 0
2120.9747132040816 3044.7980447566647 2129.5893280008722 2201.2771430741227 1855.0991642185456 2198.473860995663 1846.4845494217552 3041.9947626782055 box 0
395.75563578126906 3043.2622901941413 425.5246889895233 2154.8899818343075 141.9207168663656 2145.38650940866 112.15166365811129 3033.7588177684943 box 0
2973.076923076923 3033.0 2979.0981149192003 2200.1583681811035 2709.3138653872948 2198.207910062303 2703.2926735450164 3031.0495418811984 box 0
