612.5984251968504 677.8425196850395 925.1968503937007 717.212598425197 846.4566929133858 1352.6456692913387 540.9448818897638 1309.3385826771653 box 0
936.2204724409448 714.8503937007875 1233.0708661417323 753.4330708661419 1152.755905511811 1383.3543307086613 854.3307086614174 1352.6456692913387 box 0
1246.4566929133857 747.9212598425198 1548.8188976377953 792.8031496062994 1462.2047244094488 1429.023622047244 1159.8425196850394 1384.1417322834645 box 0
1561.4173228346456 787.2913385826773 1865.3543307086613 835.3228346456693 1762.2047244094488 1466.8188976377953 1470.8661417322835 1414.8503937007874 box 0
1882.6771653543308 810.1259842519686 2185.8267716535433 858.1574803149607 2073.228346456693 1485.716535433071 1778.740157480315 1436.1102362204724 box 0
715.7480314960629 30.59842519685049 1017.3228346456694 70.75590551181112 929.1338582677165 695.9527559055119 622.8346456692914 662.8818897637797 box 0
1029.1338582677165 63.66929133858279 1329.9212598425197 106.976377952756 1244.0944881889764 732.96062992126 944.8818897637796 689.6535433070867 box 0
1342.51968503937 103.8267716535434 1640.1574803149606 144.7716535433072 1559.8425196850394 777.0551181102363 1257.4803149606298 729.0236220472442 box 0
1653.543307086614 129.81102362204734 1954.3307086614172 177.05511811023632 1872.4409448818897 814.8503937007877 1566.1417322834645 764.4566929133861 box 0
1968.503937007874 174.69291338582687 2266.9291338582675 216.4251968503938 2186.6141732283463 845.5590551181105 1888.1889763779527 799.8897637795278 box 0
