2134.507715354313 1569.2682474478402 2650.690395229043 1118.5778081829656 2467.0103092783506 908.2061855670103 1950.8276294036207 1358.8966248318854 box 0
1233.7842769999131 1582.8540920515102 1746.1716983460276 1118.148212909261 1565.2613293313711 918.6753815233274 1052.8739079852567 1383.3812606655767 box 0
1593.8144329896907 2024.701030927835 2112.80722229218 1569.9512749092323 1933.6228255578033 1365.4532875439486 1414.6300362553136 1820.2030435625506 box 0
1755.6701030927836 1120.5773195876288 2265.8992637220854 674.5585868144218 2088.582721187122 471.71493022453643 1578.35356055782 917.7336629977432 box 0
1946.3917525773197 2464.907216494845 2482.967821989424 2029.8791033411928 2309.7451491006073 1816.2213232084616 1773.169079688503 2251.249436362114 box 0
2311.370594857452 1801.2943716484274 2832.511113669672 1337.4222358857585 2643.9425317046066 1125.573493396865 2122.8020128923868 1589.4456291595336 box 0
2497.895083402458 2018.450435568229 3018.556701030928 1565.9381443298967 2834.740337420385 1354.438640168051 2314.0787197919153 1806.950931406383 box 0
1429.8969072164948 1803.0515463917527 1930.6834835194043 1344.7124962652265 1746.487428997085 1143.4577450340753 1245.7008526941759 1601.7967951606013 box 0
1944.3298969072166 1342.2268041237114 2472.5293263338244 884.021325962151 2293.699666814616 677.8742399395451 1765.5002373880081 1136.0797181011053 box 0
1767.0103092783506 2248.4123711340208 2299.000941879599 1805.0311074766744 2126.036177287129 1597.4994815927594 1594.0455446858812 2040.880745250106 box 0
