2393.1923076923076 2577.826923076923 2440.103461760296 1846.0180540360268 1791.1980539969143 1804.4212616945588 1744.286899928926 2536.2301307354546 box 0
1699.923076923077 2513.403846153846 1746.3402015250695 1790.9948151689766 1107.8575690933076 1749.9702340319036 1061.4404444913152 2472.379265016773 box 0
2370.6767158810717 1046.0292768321842 2417.556478840941 410.3749935408515 1895.8156386733249 371.8963935274995 1848.935875713455 1007.5506768188333 box 0
2484.538461538462 1820.1346153846155 2538.390358645106 1094.924901220678 1894.7822120991714 1047.1324916488522 1840.930314992527 1772.3422058127894 box 0
3092.2307692307695 2617.25 3135.3018497602816 1876.6380194061906 2481.0637586858898 1838.5901046485244 2437.9926781563777 2579.2020852423343 box 0
2914.346153846154 1076.8653846153848 2963.4614630918327 439.9431113769239 2438.6361630895967 399.4719926978706 2389.520853843918 1036.3942659363315 box 0
1801.8461538461538 1781.6730769230771 1865.708686202943 1054.2551963433425 1238.1209527087312 999.1570979778526 1174.2584203519418 1726.5749785575874 box 0
3477.3958635286854 1080.950674541733 3532.6153846153848 461.48076923076934 3014.4688685040696 415.29321076003765 2959.24934741737 1034.7631160710011 box 0
1809.397893599174 1030.484603338169 1874.4644380486745 402.27151644755463 1358.336777920179 348.81410837987625 1293.2702334706785 977.0271952704912 box 0
3156.653846153846 1855.7115384615386 3207.2471356490814 1133.1884742582035 2563.224405837869 1088.0920198678136 2512.6311163426335 1810.6150840711487 box 0
917.896158653757 1090.503124341532 1313.9245573565395 623.54042903855 925.7759229561156 294.35378589453217 529.7475242533329 761.3164811975153 box 0
