3066.878048780488 1060.6829268292684 1866.878048780488 63.12195121951217 2264.439024390244 0.9268292682926718 3243.7073170731705 835.0731707317071 box 0
1860.780487804878 76.53658536585364 1675.4146341463415 304.5853658536585 2869.317073170732 1300.9268292682925 3060.780487804878 1066.780487804878 box 0
1670.5365853658536 322.87804878048775 1490.0487804878048 550.9268292682926 2682.731707317073 1541.170731707317 2866.878048780488 1309.4634146341464 box 0
1482.7317073170732 561.9024390243902 1307.1219512195123 780.1951219512194 2494.9268292682927 1774.0975609756097 2676.6341463414633 1549.7073170731703 box 0
1292.4878048780488 798.4878048780488 1109.5609756097563 1024.0975609756097 2309.560975609756 2014.341463414634 2492.487804878049 1785.0731707317073 box 0
1099.8048780487807 1039.9512195121952 927.8536585365855 1272.8780487804877 2124.1951219512193 2239.9512195121947 2305.9024390243903 2019.2195121951215 box 0
916.8780487804879 1269.219512195122 727.8536585365855 1499.7073170731705 1936.3902439024391 2482.634146341463 2116.878048780488 2243.6097560975604 box 0
725.4146341463415 1511.90243902439 535.1707317073173 1742.390243902439 1749.8048780487804 2715.5609756097556 1921.7560975609756 2483.853658536585 box 0
527.8536585365855 1759.4634146341464 353.4634146341465 1981.4146341463413 1554.6829268292684 2950.9268292682923 1737.609756097561 2724.097560975609 box 0
351.0243902439026 1991.170731707317 160.78048780487822 2230.1951219512193 1158.3414634146343 3033.853658536585 1549.8048780487804 2953.3658536585363 box 0
