-29.97652571254076 2336.310090879952 600.0 2294.875 580.3362153871892 1995.908050738835 -49.64031032535161 2037.3431416187868 box 0
-28.05678889051954 2032.955457407319 568.75 1989.875 547.2913842773546 1692.6022152107691 -49.51540461316489 1735.682672618088 box 0
-41.05618450986509 1724.9780608557485 532.5 1684.875 511.3778875830848 1382.785385189519 -62.17829692678026 1422.8884460452673 box 0
-38.6529493354877 1119.7379353786582 491.25 1087.375 472.1379750976967 774.4392837243205 -57.76497423779108 806.8022191029783 box 0
-37.69026694934648 802.042568132346 465.0 771.1250000000001 447.08712965488945 479.8787565352042 -55.603137294456985 510.79632466755015 box 0
-32.95778295221069 2641.769742718477 621.25 2599.875 602.1501556473042 2301.6211853704503 -52.057627304906475 2343.515928088928 box 0
-35.37581212702534 1411.7012048286929 511.25000000000006 1378.625 493.8441902547197 1090.9721408821124 -52.781621872305664 1124.0483457108048 box 0
-0.4476621911494808 504.8146173367232 456.25 473.6250000000001 434.9959779275861 162.41046704060463 -21.70168426356338 193.60008437732768 box 0
11.645819249473442 2932.71580101443 645.0 2897.375 628.911343059552 2609.0448591032728 -4.442837690974557 2644.385660117702 box 0
-30.2620351007634 194.43979538082044 421.2329518450429 164.19958584453917 408.585337505267 -24.632917593694028 -42.9096494405394 5.607291942587366 box 0
