2628.6596199753394 2203.156546496312 2682.762217342093 1473.5687985427726 2029.9872127513688 1425.1622520464603 1975.8846153846148 2154.7499999999995 box 0
3295.94365055034 2295.468302750704 3347.7259942331834 1564.2113120290671 2712.8119886518384 1519.2512833890414 2661.029644968995 2250.5082741106776 box 0
1940.3076923076922 2256.6730769230767 1997.9056511081526 1535.656980064761 1358.2535191810055 1484.5587350992173 1300.6555603805452 2205.574831957533 box 0
3974.2584475488197 2392.4643880562503 4034.657511923182 1669.1705024067817 3398.783679758979 1616.071498965916 3338.3846153846157 2339.3653846153843 box 0
597.3012317278246 2140.0450775412496 686.3436611649918 1421.8891487714282 59.538461538461604 1344.1730769230771 -29.503967898705472 2062.3290056928986 box 0
1250.7321342624014 2189.177866829102 1332.104454445036 1470.6837199282636 700.4242306159971 1399.1434218643622 619.0519104333628 2117.637568765201 box 0
2570.1153846153848 709.5576923076924 2604.6558559818577 95.11157755234267 2085.018542772122 65.90068776582598 2050.4780714056487 680.3468025211756 box 0
3124.97076396705 720.4314380799374 3136.9784438582174 96.23890877000895 2612.1031454377776 86.14180848400986 2600.0954655466103 710.3343377939384 box 0
2023.6222067366202 743.6979667923217 2053.9447970410865 121.30224968006826 1544.949118922884 96.5044128859268 1514.626528618418 718.9001299981804 box 0
3674.2589649366446 744.1242627966016 3702.3372400677126 137.57397004666706 3181.5950839243465 113.46790381059486 3153.516808793278 720.0181965605294 box 0
1473.6718139151558 738.8700997072508 1499.0525128086947 122.19971264936032 998.984040773953 101.61807360646827 973.6033418804135 718.2884606643588 box 0
