788.8888888888889 2088.6349206349205 650.7936507936508 2347.3650793650795 1768.2539682539682 3025.1428571428573 2119.047619047619 2883.873015873016 box 0
942.8571428571429 1815.6190476190477 798.4126984126984 2075.936507936508 2120.6349206349205 2874.3492063492063 2266.6666666666665 2617.2063492063494 box 0
1096.8253968253969 1558.4761904761908 952.3809523809524 1815.6190476190477 2273.015873015873 2612.4444444444443 2420.6349206349205 2352.126984126984 box 0
1249.2063492063492 1299.7460317460318 1104.7619047619048 1548.952380952381 2430.15873015873 2348.952380952381 2576.190476190476 2094.984126984127 box 0
1396.8253968253969 1034.6666666666667 1255.5555555555557 1293.3968253968255 2579.3650793650795 2094.984126984127 2728.5714285714284 1826.7301587301588 box 0
2457.1428571428573 1298.1587301587301 1544.4444444444443 768.0 1401.5873015873017 1026.7301587301588 2741.2698412698414 1821.9682539682542 box 0
1706.1201649492232 500.04906359832546 3034.9206349206347 1296.5714285714287 2877.8856783140163 1558.5453960542645 1549.0852083426043 762.0230310811611 box 0
1850.7936507936508 253.71428571428575 1711.111111111111 491.8095238095238 3041.2698412698414 1288.6349206349207 3187.3015873015875 1025.142857142857 box 0
3339.6825396825398 772.7619047619048 3200.0 1023.5555555555557 1858.7301587301588 241.01587301587307 2020.6349206349205 1.3333333333333837 box 0
3493.6507936507937 493.3968253968254 3350.7936507936506 763.2380952380952 2047.619047619048 1.3333333333333837 2625.3968253968255 1.3333333333333837 box 0
