1010.6382978723403 1977.4893617021276 1060.3792522820877 1264.1777794918928 429.3700055145276 1220.175967438961 379.6290511047803 1933.4875496491954 box 0
3062.3084892902134 913.8096987267631 3100.041980592891 285.50942101903644 2570.8472617473844 253.72785887516557 2533.1137704447074 882.0281365828923 box 0
2512.9411764705883 872.9411764705883 2549.369477775274 246.00456005638554 2025.6814911324577 215.57554495724975 1989.2531898277716 842.5121613714525 box 0
3032.253322370234 1970.1607119100886 3053.1914893617013 1248.7659574468084 2404.6929046986734 1229.943569876902 2383.754737707205 1951.3383243401822 box 0
3714.7638373359737 2020.314325937424 3726.756654848519 1306.8768915777869 3087.4401435197647 1296.1300399495076 3075.4473260072195 2009.5674743091445 box 0
1970.0 855.8823529411765 2005.87821307605 230.74484279437485 1483.7567411257564 200.77897909533908 1447.878528049706 825.9164892421408 box 0
3604.3105250440103 950.1203568351574 3649.2798665120035 328.71870434412136 3124.81914796014 290.76474486467174 3079.849806492147 912.1663973557079 box 0
1691.5454166401885 2007.916616087967 1712.2933099931272 1287.966470587633 1069.8107789395024 1269.4510787667693 1049.0628855865637 1989.4012242671033 box 0
2365.9574468085107 1928.5531914893618 2379.5825218050118 1200.314973078472 1733.7585138790964 1188.2318383018694 1720.1334388825949 1916.470056712759 box 0
1404.255319148936 825.3617021276597 1469.7562203154375 206.23984883331678 966.554800731778 153.00291934098544 901.0538995652764 772.1247726353283 box 0
344.35525366681816 1956.0619556097965 422.01931390509895 1241.986703710298 -18.196106148579034 1194.1081127495784 -95.86016638685975 1908.1833646490772 box 0
