750.2464966825273 1233.4142906785157 947.1877309862488 1224.8958695648043 911.6093750000001 402.34375 714.6681406962788 410.86217111371155 box 0
526.3535207821153 1242.3931318719128 725.0443890747243 1235.0379252680561 694.4218750000001 407.8125 495.731006707391 415.1677066038565 box 0
552.2343750000001 2073.4375 756.5486670591974 2066.2512336936556 727.6963758162633 1245.9454993539991 523.382083757066 1253.131765660343 box 0
964.2663758463601 1218.917088449056 1166.9750813483954 1210.549529991203 1133.484375 399.21874999999994 930.7756694979648 407.58630845785314 box 0
331.9218750000001 2094.53125 540.697076628486 2083.9358200714696 498.7491988022968 1257.3835508268112 289.97399717381103 1267.9789807553418 box 0
120.9843750000001 2100.0 321.46305690280195 2090.4334978547217 282.1352969340178 1266.268368218197 81.65661503121596 1275.8348703634756 box 0
80.7466347272292 1264.9571380291081 284.53384200523493 1258.7223908326553 259.2656250000001 432.8125 55.478417721994376 439.0472471964526 box 0
761.6093750000001 2073.4375 970.8028692997927 2067.9823246584247 949.1162271551358 1236.3492119160874 739.9227328553435 1241.8043872576634 box 0
294.1543765990359 1253.389714390302 507.4512304641499 1247.4218311893453 484.2656250000001 418.75 270.9687711348861 424.71788320095675 box 0
986.5535055228024 2060.5610543604043 1191.296875 2055.46875 1170.7252969254232 1228.3590738380574 965.9819274482255 1233.4513781984615 box 0
