227.96610169491527 1954.2372881355934 1414.625832155206 1923.792279720919 1409.736477692912 1733.2191660819071 223.07674723262144 1763.6641744965814 box 0
231.16665089320085 1758.8559651558064 1405.9322033898306 1724.5762711864409 1400.3950472345293 1534.8178586447284 225.62949473789968 1569.0975526140944 box 0
216.7929217283815 1189.6601096434792 1399.1525423728815 1152.542372881356 1393.407472903577 969.5371912390591 211.04785225907688 1006.6549280011824 box 0
234.5110344016935 2148.5150191526714 1416.1016949152543 2109.322033898305 1409.6030985640964 1913.4022613895227 228.0124380505357 1952.595246643889 box 0
256.849411025966 2533.4555108766135 1444.9152542372883 2497.4576271186443 1439.1159299071487 2306.0580660592314 251.0500866958265 2342.055949817201 box 0
212.77704107995876 1380.403566657898 1405.9322033898306 1348.3050847457628 1400.8519145449345 1159.462108373674 207.6967522350625 1191.5605902858092 box 0
220.4542281178501 1570.3555816936841 1406.7796610169491 1534.7457627118645 1401.2054352907764 1349.0428881464254 214.88000239167764 1384.6527071282455 box 0
237.30257748875388 2339.937629609363 1433.0508474576272 2304.237288135593 1427.4206300743601 2115.65862424418 231.67236010548652 2151.3589657179496 box 0
1422.8813559322034 957.6271186440678 1417.0425884298409 778.5894142739991 213.65857441230173 817.83410576862 219.49734191466453 996.871810138689 box 0
278.60548158317073 2709.604676542699 1467.7966101694917 2676.2711864406783 1462.822938724649 2498.832642183603 273.631810138328 2532.166132285623 box 0
