1145.0 2119.875 1151.6665134808622 1915.2832925544492 -12.096240332683351 1877.3626936030566 -18.76275381354562 2081.954401048607 box 0
1133.75 2751.125 1138.240378545534 2544.5491393702423 -5.189661263180611 2519.6941843749023 -9.680039808714676 2726.2700450046605 box 0
1128.7851881793963 1908.5212882848757 1135.3634392334384 1686.7748377455405 -3.497394256972143 1652.989798751257 -10.075645311014 1874.7362492905922 box 0
1131.3674196120012 2535.9086664860906 1136.243608243938 2319.2853465199687 -1.0725293167811603 2293.68437234157 -5.9487179487177855 2510.3076923076924 box 0
1140.0651023213968 2322.5898311973465 1145.7388542060196 2123.434401366891 -5.403171192300292 2090.639441964417 -11.07692307692298 2289.7948717948716 box 0
1158.7698164343426 816.7534389691587 1165.4190079711402 608.1953162323289 -1.8636289760228646 570.9803388016315 -8.512820512820326 779.5384615384614 box 0
1156.7827710481226 1029.3471053696815 1163.4190079711402 821.1953162323289 3.251621538402102 784.2071852216218 -3.3846153846152447 992.3589743589741 box 0
1147.3333004484564 1244.512203382981 1153.9190079711402 1037.9453162323289 0.6369895739658229 1001.1767025929379 -5.9487179487177855 1207.7435897435898 box 0
1134.0141193454529 1464.6821335002603 1140.6690079711402 1255.9453162323289 -1.8579318871332926 1219.5195929884787 -8.512820512820326 1428.2564102564102 box 0
1129.363678887854 1682.400839413138 1136.1690079711402 1468.9453162323289 0.8566111345683696 1432.749605024319 -5.9487179487177855 1646.2051282051282 box 0
