2799.981951211961 3040.044621786977 2841.7367852848556 1947.1987471844293 2617.959178091017 1938.648779549692 2576.2043440181224 3031.4946541522404 box 0
2097.6130406586767 3038.1759778084997 2139.5759005990317 1908.2934725841387 1915.8596949370262 1899.9848460135217 1873.8968349966713 3029.8673512378828 box 0
1867.385180037905 3043.021001644848 1898.1633845514182 1892.761104730892 1675.3236570897805 1886.7984464447509 1644.5454525762673 3037.058343358707 box 0
2563.6125199678454 3046.8742943537495 2605.1010111745536 1931.763192156914 2383.170974600025 1923.5061293828219 2341.682483393317 3038.6172315796575 box 0
3036.384656745463 3047.189283115308 3080.5733114317572 1973.5092454049347 2846.9481351551713 1963.894106929858 2802.759480468877 3037.5741446402317 box 0
2338.57918519643 3032.733961526028 2369.954675727878 1921.3202096618577 2144.1880373987847 1914.9467605198706 2112.8125468673366 3026.3605123840407 box 0
1392.7424206952949 3033.145290502334 1435.2237101164603 1877.3350268079453 1213.788597371111 1869.1962782537698 1171.3073079499457 3025.0065419481584 box 0
1635.909503400645 3035.345679958 1665.7775290502345 1882.7218021403057 1439.8641942617082 1876.8676936076738 1409.9961686121187 3029.4915714253675 box 0
1159.3810996279587 3030.6567203487048 1200.1009753607798 1867.5737440316268 983.3930672421582 1859.9867366825445 942.6731915093369 3023.0697129996224 box 0
745.3333333333334 1853.8974358974358 968.4102564102565 1859.025641025641 935.0769230769232 3025.6923076923076 694.0512820512821 3005.1794871794873 box 0
