2768.193917622423 3031.889909625999 2763.4598540145985 2435.766423357664 2309.091022209467 2439.37475451845 2313.825085817292 3035.498240786785 box 0
3233.607281650066 2415.6939384474776 3219.6642335766423 1738.6861313868612 2768.694616930097 1747.973898793646 2782.637665003521 2424.981705854262 box 0
2766.187770231364 2423.1509468553 2755.951666953709 1743.106971987685 2305.778495262491 1749.883032431655 2316.014598540146 2429.92700729927 box 0
3233.241733776614 3033.5443212268806 3226.963503649635 2429.92700729927 2775.2148796581473 2434.625649560722 2781.4931097851254 3038.242963488333 box 0
1837.1824817518245 2445.9854014598536 1824.9874810846648 1761.2533103157232 1370.759124087591 1769.3430656934306 1382.9541247547506 2454.0751568375613 box 0
1369.8784650420637 2455.654803252384 1357.6187180092552 1764.9702874695943 915.433683624126 1772.8191338522463 927.6934306569343 2463.5036496350363 box 0
2302.1459854014597 3034.3065693430653 2299.269776984486 2447.1011360945868 1848.3938136518848 2449.309585075677 1851.270022068859 3036.515018324156 box 0
2302.3381314202693 2433.4309755779022 2287.5287098505682 1749.8601743705503 1842.8110163865038 1759.494892223305 1857.6204379562041 2443.0656934306567 box 0
1369.784442239777 3032.3847920027943 1368.2906163636057 2477.3676407071066 925.4696777734637 2478.559491040078 926.9635036496351 3033.5766423357663 box 0
1840.1021897810217 3039.4160583941602 1838.5384819710428 2486.22402955551 1383.2680400962417 2487.510942432955 1384.8317479062207 3040.702971271606 box 0
