1222.2564102564102 2748.769230769231 1835.8149792351867 1743.3843568832401 1665.1571891358542 1639.2366297807725 1051.5986201570777 2644.6215036667636 box 0
1412.0 2864.153846153846 2016.9725233272923 1873.150770459289 1842.411283433577 1766.5872729649673 1237.438760106284 2757.5903486595244 box 0
1045.6823411872222 2641.341473036132 1661.4655616684165 1635.553139992223 1480.5884553978606 1524.813053483644 864.8052349166662 2530.6013865275527 box 0
845.2969323232633 2547.544360077635 1473.739873448741 1525.451702208879 1294.4303835794467 1415.2016360161151 665.9874424539689 2437.294293884871 box 0
658.4913675822052 2443.452348800643 1284.6510967453746 1416.6215949792659 1103.6543809376922 1306.250091079728 477.4946517745227 2333.080844901105 box 0
474.8069660378137 2334.1233510509087 1094.7219530757325 1310.4884532006945 910.4567109870275 1198.897117851679 290.5417239491087 2222.532015701893 box 0
1605.145779975051 2992.079430102667 2212.474457787014 1991.277557201965 2027.0209855042706 1878.736588637759 1419.6923076923076 2879.5384615384614 box 0
292.5817498495599 2197.724232301698 915.8772571833383 1184.1362753997655 734.389983052967 1072.5325395488876 111.09447571918861 2086.12049645082 box 0
1796.154120557744 3098.781405655311 2402.3585542099554 2103.0042226594387 2223.332638780417 1994.0176887989994 1617.128205128205 2989.7948717948716 box 0
109.69996086493745 2075.733889085706 733.7896409223598 1062.3899915769223 554.8856998787759 952.2081435375851 -69.20398017864647 1965.5520410463685 box 0
