1431.2143809466984 291.42880857621566 3.457758894174604 319.9877489775328 -2.99999999999987 -2.8571428571428568 1424.7566220525239 -31.41608325846002 box 0
1432.6569797693382 314.27912039937337 -0.0641200608284862 328.6068089904787 2.850328741261711 620.0419743053911 1435.5714285714284 605.7142857142857 box 0
1435.5498095850003 620.6786197023775 -1.5211910138073108 635.0498087511942 1.3073332721427278 917.8928088690508 1438.3783338709502 903.5216198202343 box 0
1437.0 925.7142857142857 4.142857142857273 925.7142857142857 4.142857142857273 1219.9999999999998 1437.0 1219.9999999999998 box 0
1442.7142857142856 1234.2857142857142 4.142857142857273 1234.2857142857142 4.142857142857273 1528.5714285714284 1442.7142857142856 1528.5714285714284 box 0
1452.7142857142856 1538.5714285714284 1.2857142857144155 1538.5714285714284 1.2857142857144155 1835.7142857142853 1452.7142857142856 1835.7142857142853 box 0
1462.7142857142856 1854.2857142857142 -0.14285714285701293 1854.2857142857142 -0.14285714285701293 2138.5714285714284 1462.7142857142856 2138.5714285714284 box 0
1469.8571428571427 2154.285714285714 -0.14285714285701293 2154.285714285714 -0.14285714285701293 2445.7142857142853 1469.8571428571427 2445.7142857142853 box 0
1479.8571428571427 2462.8571428571427 -0.14285714285701293 2462.8571428571427 -0.14285714285701293 2749.9999999999995 1479.8571428571427 2749.9999999999995 box 0
1481.2857142857142 2761.428571428571 -0.14285714285701293 2761.428571428571 -0.14285714285701293 3034.285714285714 1481.2857142857142 3034.285714285714 box 0
