3067.7471264367814 160.2413793103449 2597.057471264368 22.88505747126446 2459.7011494252874 517.1379310344829 2943.609195402299 648.1724137931035 box 0
2575.2183908045977 14.83908045977021 2455.103448275862 509.66666666666674 1965.448275862069 397.5977011494254 2071.770114942529 1.045977011494347 box 0
1957.4022988505747 399.3218390804598 1840.1609195402298 893.5747126436783 2321.1954022988507 1013.6896551724138 2446.4827586206898 518.8620689655173 box 0
2947.057471264368 663.1149425287357 2465.448275862069 532.080459770115 2339.0114942528735 1022.3103448275864 2826.367816091954 1148.1724137931037 box 0
2832.114942528736 1163.689655172414 2349.3563218390805 1038.4022988505749 2214.2988505747126 1524.6091954022993 2702.229885057471 1648.7471264367819 box 0
2195.3333333333335 1517.7126436781612 1712.0 1390.7011494252877 1839.5862068965516 895.2988505747128 2325.793103448276 1024.034482758621 box 0
2179.816091954023 1530.9310344827588 1699.9310344827586 1393.5747126436784 1566.0229885057472 1882.080459770115 2047.057471264368 2016.5632183908049 box 0
2685.5632183908046 1659.091954022989 2205.67816091954 1533.8045977011498 2079.2413793103447 2024.034482758621 2561.425287356322 2143.0 box 0
2556.2528735632186 2155.0689655172414 2071.1954022988507 2036.6781609195405 1943.6091954022988 2530.3563218390805 2428.6666666666665 2638.402298850575 box 0
1922.9195402298851 2527.4827586206898 1440.1609195402298 2382.6551724137935 1579.2413793103449 1894.1494252873567 2062.0 2034.954022988506 box 0
