1.8936170212768086 404.17021276595756 1397.6382978723404 342.468085106383 1405.085106382979 560.5531914893618 6.148936170212979 618.0 box 0
2.957446808510851 632.8936170212767 1402.9574468085107 573.3191489361702 1409.340425531915 793.531914893617 2.957446808510851 845.659574468085 box 0
0.8297872340427661 856.2978723404254 1408.276595744681 803.1063829787234 1414.659574468085 1019.0638297872339 2.957446808510851 1073.3191489361702 box 0
1.5652173913045058 1081.7391304347825 1414.608695652174 1030.4347826086955 1417.217391304348 1249.5652173913043 1.5652173913045058 1300.8695652173913 box 0
3.304347826087114 1309.5652173913043 1430.2608695652175 1254.782608695652 1435.4782608695652 1474.782608695652 0.0 1528.0000000000002 box 0
0.6956521739132016 1535.6521739130433 1431.1304347826087 1486.086956521739 1439.8260869565217 1703.478260869565 5.043478260869723 1759.9999999999998 box 0
1.5652173913045058 1766.9565217391303 1433.7391304347827 1714.782608695652 1445.913043478261 1929.5652173913038 0.0 1981.0 box 0
1.5652173913045058 1987.8260869565215 1440.695652173913 1946.9565217391303 1450.2608695652175 2162.6086956521735 1.5652173913045058 2216.5217391304345 box 0
1.5652173913045058 2223.478260869565 1458.0869565217392 2175.652173913043 1462.4347826086957 2397.391304347826 2.43478260869581 2437.391304347826 box 0
2.43478260869581 2445.2173913043475 1475.4782608695652 2406.086956521739 1478.0869565217392 2623.478260869565 3.304347826087114 2669.565217391304 box 0
