2117.714285714286 532.1428571428571 1864.142857142857 99.28571428571428 1425.5714285714284 338.57142857142856 1674.142857142857 781.4285714285712 box 0
1669.142857142857 792.142857142857 1409.142857142857 344.99999999999994 987.0 619.9999999999999 1240.5714285714284 1052.142857142857 box 0
2384.1428571428573 979.2857142857142 2134.857142857143 535.0 1696.2857142857142 788.5714285714284 1949.8571428571427 1229.2857142857142 box 0
1930.5714285714284 1236.4285714285713 1679.8571428571427 789.9999999999999 1242.7142857142856 1057.8571428571427 1502.0 1492.8571428571427 box 0
2635.5714285714284 1426.4285714285713 2384.1428571428573 985.7142857142857 1945.5714285714284 1247.8571428571427 2204.1428571428573 1687.8571428571427 box 0
2178.4285714285716 1687.1428571428569 1931.9999999999998 1250.7142857142856 1493.4285714285713 1514.9999999999998 1749.8571428571427 1945.7142857142856 box 0
2900.5714285714284 1860.7142857142856 2644.8571428571427 1425.7142857142856 2212.0 1695.7142857142853 2477.0 2129.285714285714 box 0
2454.8571428571427 2129.285714285714 2197.714285714286 1690.0 1759.8571428571427 1951.4285714285713 2020.5714285714284 2385.7142857142853 box 0
3168.4285714285716 2301.428571428571 2912.0 1864.9999999999998 2484.1428571428573 2141.428571428571 2743.4285714285716 2578.5714285714284 box 0
2722.714285714286 2576.428571428571 2467.0 2139.285714285714 2035.5714285714284 2385.7142857142853 2292.714285714286 2822.8571428571427 box 0
