3313.6363636363635 2013.454545454545 3446.926064803851 1867.0151656748517 2843.510112334955 1317.7835853084703 2710.220411167468 1464.2229650881636 box 0
2987.5 1128.2272727272727 3126.8370036945407 973.3296097245535 2516.227141558615 424.06019553808403 2376.8901378640735 578.957858540803 box 0
3136.431673232425 949.5740099332778 3268.181818181818 800.9545454545455 2654.7192384373857 257.12413881273216 2522.9690934879927 405.7436032914643 box 0
3465.967930502721 1847.4495685857103 3598.54454935524 1698.3203200415749 2988.7813012010192 1156.237861167712 2856.2046823484993 1305.367109711847 box 0
2693.181818181818 1455.5 2834.14627139421 1301.4325137864596 2229.0428326532465 747.7915251820677 2088.078379440855 901.8590113956086 box 0
2840.472654669275 1291.3581696632523 2977.2727272727275 1139.5909090909092 2374.5061541841746 596.2687811795162 2237.7060815807226 748.0360417518591 box 0
3606.8181818181815 1690.7272727272727 3748.7911206340164 1533.3861938010623 3139.6117574243935 983.7078450121264 2997.6388186085587 1141.048923938337 box 0
2548.441105666293 1616.0117929783903 2680.681818181818 1471.4090909090908 2074.4437544594825 916.9979191022628 1942.2030419439573 1061.6006211715624 box 0
3168.6775823724593 2180.3671021064256 3302.2727272727275 2031.6363636363635 2692.850579838811 1484.2321018854855 2559.2554349385423 1632.9628403555473 box 0
3749.8379545895386 1511.058103401168 3879.5454545454545 1368.0 3275.953057728532 820.7366229372047 3146.2455577726164 963.794726338373 box 0
