2984.6150610581703 2873.649264074567 2990.909090909091 2084.6153846153848 2784.092789205587 2082.9656354595295 2777.798759354667 2871.999514918712 box 0
863.6425476872633 2869.972894115666 1065.386935354622 2866.997201026261 1054.024452330403 2096.6498865591198 852.2800646630444 2099.6255796485248 box 0
2767.1423875312953 2872.9896340435976 2780.4195804195806 2082.5174825174827 2572.7260515145153 2079.0289509612508 2559.44885862623 2869.5011024873656 box 0
1072.0790363893243 2865.6140242645383 1280.380472121768 2863.54247450958 1272.747663551402 2096.03738317757 1064.4462278189585 2098.108932932528 box 0
1288.0105431596185 2861.671731955198 1491.1604080362404 2859.6540058864875 1483.4855238219727 2086.926867524998 1280.3356589453508 2088.9445935937088 box 0
1497.1081616347703 2858.5516715853187 1705.698362923907 2855.305974590294 1693.7062937062938 2084.6153846153848 1485.1160924171568 2087.861081610409 box 0
2561.104023826914 2841.370157873284 2560.13986013986 2080.4195804195806 2355.320206205418 2080.679097500676 2356.284369892471 2841.629674954379 box 0
2342.1426091154435 2859.8079427394423 2348.2517482517483 2074.825174825175 2138.6564408607064 2073.1939964764188 2132.547301724403 2858.1767643906865 box 0
2128.2002964326853 2883.9989594732774 2126.573426573427 2078.3216783216785 1922.1569617152973 2078.734447793021 1923.7838315745553 2884.4117289446203 box 0
1707.6816271551638 2861.7339170379737 1919.579812065943 2860.78037338399 1916.0839160839162 2083.916083916084 1704.1857311731374 2084.8696275700677 box 0
