2645.3684210526317 1754.3859649122805 2691.475657944035 1023.4123661548833 2046.0708016912192 982.7025037895439 1999.9635647998164 1713.6761025469414 box 0
3333.0877192982457 1771.9298245614034 3376.3352988911174 1043.6713911314646 2731.409343455709 1005.3725053117167 2688.161763862837 1733.6309387416552 box 0
1983.9649122807018 1670.175438596491 2027.8269422340486 956.8461949704358 1382.3166154030255 917.154294570093 1338.4545854496782 1630.4835381961482 box 0
694.4876270168365 1614.7864877766708 1324.3157894736842 1561.4035087719296 1263.5127550815978 844.0313400219036 633.6845926247502 897.4143190266446 box 0
4025.0069861064394 1811.2782720347523 4051.4181263473147 1089.3822956213608 3400.610134254889 1065.571966002357 3374.198994014014 1787.4679424157484 box 0
2326.9696441252563 911.0262862712317 2369.3844401231777 295.4037255431221 1844.2485149112115 259.22322378779035 1801.8337189132903 874.8457845158999 box 0
1260.624168123401 819.7418150975097 1287.8151959313159 198.77942747638951 772.1975751527872 176.20129175620423 745.0065473448724 797.1636793773243 box 0
1794.611894880234 881.6693965025576 1825.4839734363682 253.03161994572238 1302.8150493705753 227.36361734653354 1271.9429708144412 856.0013939033687 box 0
-29.374912705934264 1573.307040972089 637.3400978551788 1562.2745480960375 625.5933299589267 852.3945082902424 -41.121680602186245 863.4270011662937 box 0
3415.911233470633 1009.3693702675852 3453.307580471529 379.7160582079297 2918.9543313240742 347.9797691367117 2881.5579843231776 977.6330811963674 box 0
2872.152317359527 959.9309057793935 2911.906901493056 343.6007486420124 2380.270508329956 309.3090894140879 2340.515924196427 925.6392465514691 box 0
3939.85483426602 1044.4350845095828 3979.993876095735 413.68335072735783 3460.324935283433 380.6132658814708 3420.1858934537186 1011.3649996636957 box 0
3984.5800905684864 2961.380982624869 4026.230741106083 2066.416803742808 3492.14586310583 2041.561079753061 3450.495212568234 2936.5252586351216 box 0
