1726.449557698273 1713.5368651381064 1776.5383876186352 992.2627157451378 1143.0300314048734 948.2687748362273 1092.9412014845116 1669.5429242291957 box 0
3082.6086956521735 1786.8695652173913 3127.725453530071 1064.4984447088168 2479.4685791248594 1024.0106018052531 2434.351821246962 1746.3817223138276 box 0
2400.869565217391 1743.391304347826 2440.5719168604587 1021.9532170239021 1807.2324014077717 987.0991268479524 1767.5300497647045 1708.5372141718765 box 0
3757.2235913566706 1835.8348521800153 3806.855518625087 1111.9190463790378 3168.7623620510244 1068.1711507207615 3119.130434782608 1792.086956521739 box 0
2885.642668960468 3069.3140648959534 2946.5308386386287 2329.981209959963 2299.8094512482717 2276.720109351457 2238.9212815701108 3016.052964287447 box 0
2170.4347826086955 908.6086956521739 2197.2370971434875 291.7515026356525 1680.5704447988874 269.3024458968312 1653.7681302640951 886.1596389133524 box 0
2701.965391058234 940.183744334906 2737.3913043478256 309.47826086956525 2229.1584828508126 280.9314789923036 2193.73256956122 911.6369624576441 box 0
3263.4782608695646 1000.7826086956521 3292.6642105630317 368.0314671227883 2760.008687362106 343.4624758042646 2730.8227376686386 976.2136173771283 box 0
3802.368284693979 1030.9180908249623 3826.261244705627 404.70893576568824 3300.3966181340706 384.64461317841364 3276.503658122423 1010.8537682376873 box 0
1624.3478260869563 896.4347826086956 1654.3096140273233 272.287135837158 1143.1583386661216 247.749662697527 1113.1965507257544 871.8973094690646 box 0
2061.7391304347825 2998.173913043478 2109.2993828780322 2256.966194889173 1471.6627523924367 2216.0516733992013 1424.1024999491874 2957.2593915535053 box 0
