333.13302731905543 -2.9069940781862442 613.077029185697 2.6926325959470887 587.4552079750622 1283.6128764311275 307.5112061084205 1278.013249756994 box 0
933.6580046819283 9.325822453551723 629.0892296925308 0.18601709773247424 591.0478776710129 1267.8506481346835 895.6166526604104 1276.9904534905024 box 0
1241.1723924256535 6.798819332512834 948.3630295980088 -1.988097785630089 910.0040781625821 1276.2600041968988 1202.8134409902264 1285.0469213150418 box 0
1544.633344031064 9.009546469793008 1261.2315109328215 0.5049399417911218 1223.0137147924654 1274.0492770596188 1506.4155478907078 1282.5538835876205 box 0
1794.3056439278544 1282.4295786463433 1519.135399342839 1274.1719938847152 1557.4590619544983 -2.9001668816376878 1832.629306539514 5.3574178799904075 box 0
2108.9129735005363 1284.8951046704842 1818.3828539162485 1279.0837274078333 1844.028202970052 -3.0127517293076376 2134.55832255434 2.7986255333433974 box 0
2412.066626025917 1294.2354623448996 2128.5939182533934 1288.5652521412603 2154.4039622093774 -1.7648741096054437 2437.8766699819007 3.9053360940337143 box 0
2719.077923296442 1298.9879298116286 2430.900274316076 1293.223608235315 2456.8044296447347 -1.811459223393399 2744.9820786251007 3.952862352920306 box 0
3031.4749018271577 1294.185328014341 2729.137078171766 1291.1618489944808 2742.054509937548 -0.5382691908114339 3044.39233359294 2.485209829048472 box 0
3349.468959768829 1290.6679454631162 3044.778312583045 1287.6209374236469 3057.5898637605833 6.508525125119036 3362.280510946367 9.55553316458861 box 0
