1840.2164383272627 3197.78124256974 2379.3814432989693 2392.7422680412374 2148.075843584258 2237.8281722445618 1608.9108386125513 3042.867146773065 box 0
2184.752593711488 3191.580460772685 2609.278350515464 2554.59793814433 2378.571995009616 2400.8405167217165 1954.0462382056392 3037.8230393500708 box 0
1491.6460834352995 3198.897425847921 2141.2989690721643 2228.8865979381444 1904.2920608945967 2070.1541205438307 1254.639175257732 3040.1649484536083 box 0
1244.837519301761 3038.104981072305 1904.157869176466 2074.639073881182 1668.7501095642178 1913.5445034637783 1009.4297596895125 2877.010410654901 box 0
1009.3789712039537 2882.88176946763 1664.1030927835045 1905.2989690721645 1427.9199978682104 1747.1182305323698 773.1958762886599 2724.7010309278353 box 0
772.3274248122012 2721.0879550346403 1427.0515463917527 1743.505154639175 1190.8684514764586 1585.3244160993804 536.1443298969074 2562.9072164948457 box 0
540.4305175957063 2548.9848622511354 1195.1546391752572 1571.4020618556697 958.9715442599638 1413.221323315875 304.24742268041246 2390.8041237113403 box 0
311.6263938843661 2388.2219756531977 966.3505154639171 1410.6391752577317 730.1674205486237 1252.458436717937 75.44329896907226 2230.0412371134025 box 0
71.48206398745884 2226.4281612202094 726.2061855670096 1248.8453608247419 490.0230906517165 1090.6646222849472 -164.701030927835 2068.2474226804143 box 0
-14.673626613439696 1815.3957621580755 474.5000000000002 1085.0 253.67362661344012 937.1042378419244 -235.49999999999977 1667.4999999999998 box 0
