2477.2727272727275 1240.7272727272727 3271.550458716942 322.0233342357601 3129.1347382679614 198.89592547995787 2334.8570068237473 1117.5998639714708 box 0
1928.409090909091 725.9545454545454 2582.4374780067797 -43.56256258272374 2449.973195870949 -156.1466752534907 1795.9448087732599 613.3704327837783 box 0
2340.909090909091 1111.181818181818 3124.955280459868 203.11411423328732 2984.3549998693716 81.71665260415205 2200.3088103185946 989.784356552683 box 0
2202.2727272727275 983.909090909091 2991.139236604771 70.76407521774937 2845.356569155157 -55.177655850039685 2056.4900598231134 857.9673598413016 box 0
2064.2544680804153 847.7981583296473 2839.729712837162 -40.28280587574625 2700.590346143826 -161.77976256184735 1925.1151013870792 726.3012016435464 box 0
2767.732251960799 1483.1284769530898 3546.188578761664 581.5346307234535 3402.3199631645007 457.3152446794546 2623.8636363636365 1358.9090909090908 box 0
2630.5049792335267 1353.8557496803626 3408.9613060343913 452.26190345072615 3265.092690437228 328.04251740672737 2486.636363636364 1229.6363636363635 box 0
2906.64134286989 1608.4012042258169 3685.097669670755 706.8073579961807 3541.2290540735917 582.5879719521819 2762.7727272727275 1484.181818181818 box 0
3046.6867974153447 1733.6739314985443 3825.1431242162093 832.080085268908 3681.274508619046 707.8606992249091 2902.818181818182 1609.4545454545453 box 0
3192.0454545454545 1848.681818181818 3967.267973694964 950.8333086884555 3827.001781346319 829.7243355885454 3051.7792621968097 1727.5728450819074 box 0
