1327.991788426784 3035.096112769377 1333.9323713049118 2375.3275580850686 1072.2889419313867 2372.9717100142934 1066.348359053259 3032.740264698602 box 0
755.8686963345721 2346.2321414748203 759.2592592592592 1664.1975308641975 490.84402105738997 1662.8631722540772 487.45345813270296 2344.8977828647003 box 0
1614.8819032405015 3039.065871659285 1632.0987654320986 2393.827160493827 1360.7901994825768 2386.5878518309664 1343.57333729098 3031.8265629964253 box 0
210.26249531538414 3034.962429677301 477.19889802308535 3031.329595610255 467.9012345679012 2348.148148148148 200.96483186019995 2351.7809822151926 box 0
468.55427041612364 2342.4717630976174 470.3703703703703 1653.0864197530864 201.29021351258402 1652.3775615429781 199.4741135583373 2341.7629048875087 box 0
1328.6400084565787 2365.107285081777 1327.4190315986968 1675.222998318221 1065.6031093648137 1675.6863675936286 1066.824086222696 2365.570654357185 box 0
1047.5117078102476 3031.4931748498693 1046.9135802469134 2371.6049382716046 773.3498596432875 2371.8528984450872 773.9479872066217 3031.7411350233524 box 0
766.9032079195723 3037.688580616921 762.9631651364343 2366.3000750085052 490.12345679012344 2367.901234567901 494.0634995732615 3039.289740176317 box 0
1043.3273511876328 2356.610792407888 1045.679012345679 1674.074074074074 781.1601206516865 1673.1626816369244 778.8084594936402 2355.699399970739 box 0
1624.4778361997994 2363.543279306661 1623.4567901234566 1681.4814814814813 1351.242249547627 1681.888986475112 1352.26329562397 2363.950784300292 box 0
