2143.909090909091 2151.151515151515 2195.5340443550135 1436.171698774492 1556.4220447362277 1390.0247636145043 1504.7970912903047 2105.0045799915274 box 0
1477.4820036205463 2123.45529529523 1531.3806958938717 1405.708832377395 886.6703248706649 1357.294736748227 832.7716325973395 2075.041199666062 box 0
2822.4802354968 2206.139935430059 2864.7239049530936 1479.7048342803996 2216.1289335095476 1441.9877257027538 2173.8852640532546 2168.422826852413 box 0
2069.223312809069 1041.0304290484748 2140.5896799240186 416.0897406699862 1618.533742473524 356.4725059796011 1547.1673753585746 981.4131943580898 box 0
2740.806905036722 2994.059115054418 2801.842326020228 2244.6061795097457 2148.194064659323 2191.3730878569595 2087.158643675817 2940.8260234016316 box 0
2606.822537819499 1072.1729584986128 2681.7294207593995 448.3472767912081 2157.4951199748753 385.3989908301857 2082.5882370349746 1009.2246725375902 box 0
803.7505858421862 2177.2802185784253 845.8452930187843 1462.6703244912792 191.66187467569713 1424.135090564641 149.56716749909893 2138.744984651787 box 0
2059.3877681342565 2936.319909064894 2119.803052411745 2201.0745736471317 1468.286685982565 2147.539318687792 1407.8714017050763 2882.784654105554 box 0
1517.69696969697 975.3939393939394 1582.6690716721037 346.6099496067219 1080.9416245007133 294.7665703368802 1015.9695225255798 923.5505601240977 box 0
3167.647006367347 1103.0485164741256 3228.3434282410017 476.783519696997 2695.9424406541375 425.18422049486867 2635.2460187804827 1051.4492172719972 box 0
999.080910196831 936.2445753602182 1063.5123975632457 321.79281216506087 559.8090025991894 268.97441229542164 495.37751523277484 883.4261754905789 box 0
3712.1243863579452 1164.7434240380196 3769.742680108734 542.0718442449215 3244.1667624577885 493.43820077332583 3186.548468706999 1116.109780566424 box 0
4223.296433183036 2424.8955671387025 4246.751639341562 1543.1400833229757 3710.6819229876182 1528.8803186340026 3687.2267168290928 2410.6358024497295 box 0
