773.5981452222879 2475.7106831320866 773.1873889720916 2197.0013297185756 18.865888381380387 2198.1130336037527 19.276644631576573 2476.8223870172637 box 0
787.9390509750051 2728.8003011182345 787.2196378270089 2473.7864953475155 -17.744957461516375 2476.057361082693 -17.02554431352019 2731.0711668534123 box 0
12.396158530421076 618.390414499635 710.8386032620683 611.6972352638468 708.4312837341358 360.4901366478258 9.98883900248859 367.1833158836141 box 0
768.4355107243464 2203.58498082682 768.0028808173688 1936.7187279401019 -5.171089165966293 1937.9721579976426 -4.738459258988712 2204.8384108843607 box 0
3.772258564437095 879.4609499757344 711.3601545610363 871.335930660292 708.5234157595985 624.2913438017315 0.9355197629992631 632.4163631171739 box 0
4.226927656235716 1145.8672566920459 722.0876015243508 1135.0925889301916 718.2755247172689 881.1135256260695 0.4148508491538223 891.8881933879235 box 0
3.0395769425938397 1938.1874840854118 755.5241604520354 1933.6653472104001 753.9990817717006 1679.8919150234747 1.5144982622590533 1684.4140518984866 box 0
-9.744178427213797 1676.6381530063993 747.1364388527178 1667.633447562688 744.1186331162396 1413.9751038295385 -12.761984163691977 1422.9798092732494 box 0
-7.3785323269683545 1407.6491168149546 727.8791170933473 1400.766442941505 725.5756935246307 1154.6978611818713 -9.681955895684894 1161.580535055321 box 0
782.8893344891833 3007.1022514364604 782.8816977730085 2715.796800524903 20.666328428907466 2715.8167823770164 20.673965145082345 3007.1222332885736 box 0
