2310.529411764706 796.4705882352941 2938.1764705882356 919.4117647058824 2875.823529411765 1222.3529411764707 2255.2352941176473 1098.8235294117646 box 0
2260.529411764706 1110.5882352941176 2885.2352941176473 1235.2941176470588 2817.0 1534.1176470588236 2194.6470588235297 1406.4705882352941 box 0
2193.470588235294 1414.1176470588236 2825.823529411765 1545.2941176470588 2764.0588235294117 1842.9411764705885 2139.3529411764707 1714.705882352941 box 0
2144.0588235294117 1726.470588235294 2764.6470588235297 1853.5294117647059 2703.470588235294 2153.529411764706 2079.9411764705883 2024.7058823529412 box 0
2088.764705882353 2032.3529411764707 2718.1764705882356 2165.294117647059 2655.823529411765 2470.0 2030.529411764706 2332.9411764705883 box 0
2733.470588235294 2176.470588235294 3351.117647058824 2292.9411764705883 3291.7058823529414 2589.4117647058824 2669.9411764705883 2481.176470588235 box 0
2788.1764705882356 1865.2941176470588 3413.470588235294 1992.9411764705883 3357.0 2287.6470588235293 2729.3529411764707 2167.0588235294117 box 0
2838.764705882353 1554.7058823529412 3469.9411764705883 1682.941176470588 3412.8823529411766 1985.8823529411766 2785.2352941176473 1856.4705882352941 box 0
2912.294117647059 1244.1176470588236 3528.1764705882356 1390.0 3459.3529411764707 1677.0588235294117 2841.117647058824 1542.3529411764707 box 0
2948.1764705882356 925.2941176470589 3565.823529411765 1074.1176470588236 3504.6470588235297 1373.5294117647059 2884.0588235294117 1227.6470588235295 box 0
