2807.3271028037384 784.822429906542 2797.0467289719627 963.3271028037382 3987.6923076923076 1005.3076923076924 3998.461538461538 822.2307692307693 box 0
2798.4040258806617 971.2839683680804 2788.123652048886 1149.7886412652765 3978.769230769231 1191.7692307692307 3989.5384615384614 1008.6923076923076 box 0
2790.2501797268155 1159.2839683680804 2779.96980589504 1337.7886412652765 3970.6153846153848 1379.7692307692307 3981.3846153846152 1196.6923076923078 box 0
2782.8655643422003 1342.6685837526957 2772.5851905104246 1521.1732566498915 3963.2307692307695 1563.153846153846 3974.0 1380.076923076923 box 0
2775.4809489575846 1532.976276060388 2765.200575125809 1711.4809489575841 3955.846153846154 1753.4615384615386 3966.6153846153843 1570.3846153846155 box 0
2761.942487419123 1720.976276060388 2751.6621135873474 1899.4809489575841 3942.3076923076924 1941.461538461538 3953.076923076923 1758.3846153846157 box 0
2756.8497039139684 1906.6051420397694 2746.5693300821927 2085.1098149369645 3937.2149088025376 2127.090404440919 3947.984139571768 1944.013481363997 box 0
2749.6950647387107 2094.295863689254 2739.414690906935 2272.8005365864487 3930.06026962728 2314.781126090403 3940.8295003965104 2131.704203013481 box 0
2742.540425563453 2283.01751317379 2732.2600517316773 2461.522186070985 3922.9056304520223 2503.5027755749393 3933.6748612212527 2320.4258524980173 box 0
2735.385786388195 2467.61545131812 2725.105412556419 2646.1201242153147 3915.750991276764 2688.100713719269 3926.5202220459946 2505.023790642347 box 0
