1630.5705459400303 2348.9019072320148 1620.3928241219971 1717.154894951681 989.4555332378261 1727.319571802409 999.6332550558593 2359.066584082743 box 0
2922.1216377826872 2288.965941880495 2896.0185130875893 1656.8778254112685 2267.171161594754 1682.8471173541245 2293.2742862898517 2314.935233823351 box 0
2281.706531472608 2328.3060727195457 2262.929102589218 1702.8798965002507 1622.5040062471185 1722.107644168882 1641.2814351305078 2347.533820388177 box 0
2272.753852323612 3012.0873379156487 2257.7907502548464 2380.7842941272424 1622.1275151690634 2395.850741155396 1637.090617237829 3027.1537849438023 box 0
1002.8298583344333 3014.4411092492824 982.1937781879869 2381.4948009635796 350.75752493583036 2402.0816484716647 371.39360508227674 3035.0279567573675 box 0
3552.0685552829013 2254.8341710045497 3525.2294314372707 1620.498810444365 2901.69867188995 1646.88078489755 2928.537795735581 2281.2161454577345 box 0
3541.1652226813194 2955.5739447666983 3518.595302728315 2315.6173911872584 2897.772806798661 2337.512493221583 2920.3427267516654 2977.469046801023 box 0
997.9473781589213 2342.9087581031486 979.8153949437121 1706.0292442699042 351.13122596705506 1723.9279057152107 369.26320918226435 2360.807419548455 box 0
1621.7679810347859 3018.5629118715824 1611.1313446276667 2382.995696487924 988.4131564316447 2393.4172959531243 999.049792838764 3028.984511336783 box 0
2918.582002739001 2984.092667734984 2891.0600691516593 2345.9483199642077 2260.3470133742803 2373.1497562762465 2287.868946961622 3011.2941040470228 box 0
