1218.5736389892818 1920.1150505208527 1722.08745767994 1915.079744489293 1726.9532710280373 2401.644859813084 1223.4394523373792 2406.680165844644 box 0
704.5233644859813 1934.6355140186913 1210.1308411214955 1934.6355140186913 1210.1308411214955 2423.420560747664 704.5233644859813 2423.420560747664 box 0
1745.66524066577 2419.1037271209966 2244.7102803738317 2409.121495327103 2254.543876658415 2900.735750499431 1755.4988369503528 2910.7179822933244 box 0
1207.3271028037384 2439.96261682243 704.5233644859813 2448.373831775701 733.4953271028038 2952.11214953271 1231.6261682242991 2934.355140186916 box 0
1223.214953271028 2439.96261682243 1246.5794392523364 2942.766355140187 1751.252336448598 2925.0093457943926 1726.9532710280373 2420.336448598131 box 0
2249.3831775700933 2396.03738317757 2232.5607476635514 1878.2803738317753 1732.5607476635514 1898.841121495327 1740.03738317757 2401.644859813084 box 0
3262.467289719626 1871.738317757009 2761.532710280374 1886.6915887850466 2777.4205607476633 2388.5607476635514 3288.6355140186915 2382.0186915887853 box 0
2744.7102803738317 1891.3644859813082 2764.3364485981306 2390.429906542056 2265.271028037383 2399.7757009345796 2247.5140186915887 1896.9719626168223 box 0
2264.663551401869 2415.336448598131 2768.4018691588785 2415.336448598131 2768.4018691588785 2912.532710280374 2264.663551401869 2912.532710280374 box 0
2781.158878504673 2394.1682242990655 3283.96261682243 2394.1682242990655 3283.96261682243 2894.1682242990655 2781.158878504673 2894.1682242990655 box 0
