3002.5070226658067 3010.3007617102085 3035.257518770147 2480.8588349746124 2604.3442682277478 2454.2031773461877 2571.5937721234072 2983.6451040817838 box 0
3508.6060606060605 1936.0 3522.8201461192816 1413.4543606532943 2948.1137676517696 1397.8214187752526 2933.8996821385463 1920.3670581219574 box 0
3513.191324892197 2489.36543021503 3532.890039447524 1962.0757649576055 2951.719674405899 1940.364151999325 2932.0209598505717 2467.65381725675 box 0
2567.7047785465497 2958.4544074957926 2600.255538903007 2379.9255710331595 2081.4379445369464 2350.7344467217367 2048.887184180489 2929.26328318437 box 0
2990.516534144296 1385.1673359155454 3076.459611923985 818.493632798081 2415.228030819411 718.2096829824725 2329.2849530397225 1284.883386099937 box 0
2913.4577298167887 2079.3370202923406 2943.880677177104 1416.6433993542803 2361.2296481128988 1389.8950483416922 2330.8067007525833 2052.588669279753 box 0
3388.0454829845653 1367.6893980368066 3385.603841719018 804.1301427472395 3006.1644193405136 805.7740780437662 3008.606060606061 1369.3333333333333 box 0
783.7449218116499 2509.1163485039283 1395.353505147184 2440.56859272873 1295.5239571251177 1549.8522191535424 683.9153737895838 1618.3999749287411 box 0
1567.160890417077 2792.988886736819 1996.4848484848487 2793.5757575757575 1997.2047484893606 2266.9346317207346 1567.8807904215892 2266.3477608817957 box 0
2892.9170594454213 2375.5408923624827 2909.2514160264195 2088.8143449411873 2369.7056776761606 2058.0772800923514 2353.3713210951623 2344.803827513647 box 0
1050.3005008185378 1569.678954060158 1074.2824497089337 676.3683474384816 472.7187525307662 660.2186793016585 448.7368036403705 1553.529285923335 box 0
2071.071110391789 2039.20001768912 2096.447940033552 1461.5558561523421 1609.7404660053999 1440.1740202814035 1584.3636363636365 2017.8181818181815 box 0
2137.1671965479804 1461.8603323228122 2135.2772732786834 580.2353171897835 1476.4131070337332 581.6477121396982 1478.3030303030305 1463.272727272727 box 0
