1430.191586925826 2195.449554381503 1588.9929950049714 1941.2367342799762 298.57330832258697 1135.138665833341 139.77190024344154 1389.3514859348677 box 0
1570.2826095021514 1932.40133352675 1733.0235659421282 1674.146955314808 425.9898140513151 850.5097168882887 263.2488576113385 1108.7640951002309 box 0
1891.3911341664675 1417.123951479549 2054.004753509212 1155.2362302526706 742.8013916971798 341.07234597528475 580.1877723544354 602.9600672021633 box 0
1740.2568442577342 1679.5270915476312 1898.171847238333 1432.6979897306105 584.8047421222706 592.4390057118903 426.88973914167207 839.2681075289111 box 0
2220.2898243164987 885.9696381310089 2373.7343902905563 629.7751089283861 1044.6925700926809 -166.23816230093072 891.2480041186234 89.95636690169201 box 0
2083.607176535622 1148.4184412929114 2233.952218386591 891.5392030645148 876.1895081109847 96.87439127239628 725.8444662600155 353.7536295007928 box 0
1272.9309634061744 2466.0984512160276 1441.7823687510538 2198.986240854607 141.12093650379887 1376.7905410935427 -27.730468841080622 1643.902751454963 box 0
939.1548528249109 2997.7648941292277 1114.037195821984 2732.125985119446 -26.239997058614605 1981.42892835002 -201.12234005568752 2247.0678373598016 box 0
1115.7047794447917 2728.4047844955494 1279.8563816489168 2471.1851690716267 82.91840895547692 1707.3270720413161 -81.23319324864836 1964.5466874652382 box 0
2403.823045209271 627.4890288630962 2554.378098625307 361.6434071357553 1496.5222764460023 -237.4469174663067 1345.9672230299666 28.398704261034283 box 0
