460.6299212598425 161.30708661417333 962.992125984252 161.30708661417333 962.992125984252 664.456692913386 460.6299212598425 664.456692913386 box 0
984.450993623686 143.78410956294175 1481.9892646577628 153.73620196466334 1471.6907386597786 668.593843192964 974.152467625702 658.6417507912423 box 0
458.26771653543307 674.692913385827 955.9055118110236 674.692913385827 955.9055118110236 1181.7795275590552 458.26771653543307 1181.7795275590552 box 0
992.3586576409637 669.1074422806363 1482.0979491836138 674.0049984490234 1476.9326809417134 1190.5146049634582 987.1933893990633 1185.6170487950712 box 0
441.73228346456693 1192.8031496062993 943.3070866141732 1192.8031496062993 943.3070866141732 1700.6771653543308 441.73228346456693 1700.6771653543308 box 0
974.8031496062991 1200.6771653543308 1479.527559055118 1200.6771653543308 1479.527559055118 1702.251968503937 974.8031496062991 1702.251968503937 box 0
451.18110236220474 1706.976377952756 951.1811023622047 1706.976377952756 951.1811023622047 2216.4251968503936 451.18110236220474 2216.4251968503936 box 0
980.3149606299213 1718.7874015748032 1484.251968503937 1718.7874015748032 1484.251968503937 2217.212598425197 980.3149606299213 2217.212598425197 box 0
481.8897637795275 2221.149606299213 972.4409448818898 2221.149606299213 972.4409448818898 2736.1102362204724 481.8897637795275 2736.1102362204724 box 0
986.4810653154082 2233.114859738234 1487.2434277287932 2228.1070691866353 1492.2590921649064 2729.656793805073 991.4967297515217 2734.6645843566716 box 0
