984.0425531914893 2329.6170212765956 1062.5761542925102 1610.3063646321377 427.5542893535194 1540.975327519205 349.0206882524985 2260.2859841636628 box 0
2451.0638297872338 1360.4680851063831 2494.781989694184 731.5588236876458 1965.726600555676 694.7819315016181 1922.0084406487256 1323.6911929203552 box 0
1384.9957859147314 1287.9515582333916 1435.6031637286903 659.4644248544672 919.5044433485745 617.9068470705635 868.8970655346152 1246.393980449488 box 0
1913.2498992958645 1318.6111830594946 1966.3697044462083 694.1814257932075 1448.925647731723 650.16281977864 1395.80584258138 1274.592577044927 box 0
3543.6170212765956 1422.1702127659576 3560.249478934236 806.1356079934042 3031.3950622347484 791.8569479560224 3014.762604577109 1407.891552728576 box 0
851.1550498370977 1339.5101707524896 909.0176612190801 633.374485639052 277.74763049500496 581.6465624722578 219.88501911302242 1287.7822475856954 box 0
2997.8723404255315 1390.2553191489362 3025.8340410532996 762.4104215880398 2497.8867202179526 738.8977594802811 2469.9250195901855 1366.7426570411774 box 0
2702.5425451011497 2654.114883403314 2776.3000313260554 1753.89776959359 2216.525157382981 1708.0337364392153 2142.7676711580752 2608.250850248939 box 0
4090.4255319148933 1414.723404255319 4099.388333761334 795.3363940620792 3575.6599674753243 787.7578147713753 3566.6971656288833 1407.144824964615 box 0
3266.2096750896126 2743.1337128233536 3357.2909485083956 1846.0958239872116 2815.5493585251656 1791.0897707383263 2724.4680851063827 2688.127659574468 box 0
300.0 2265.7872340425533 381.7873966357352 1541.110426064259 -28.467320362594165 1494.808868057412 -110.25471699832944 2219.485676035706 box 0
1981.9148936170213 2418.978723404255 2040.0757960971187 1940.615380516811 1147.9856969742796 1832.1522927196513 1089.8247944941827 2310.515635607096 box 0
192.55319148936167 1307.276595744681 236.86258903057896 588.4991446802212 -20.6012549072872 572.627656507299 -64.9106524485045 1291.4051075717584 box 0
