1545.2054585260123 772.06386930402 1654.6358189367709 24.630795272030642 1438.0129695135386 -7.084574717838508 1328.58260910278 740.348499314151 box 0
1994.6965005712552 855.5926359391594 2103.6261289672034 14.33417661667943 1887.4479208154632 -13.657472822704337 1778.5182924195153 827.6009864997757 box 0
378.40430735967533 2638.5067515598907 787.1743534666036 1696.410850059458 588.6355657634936 1610.2660008204798 179.86551965656525 2552.3619023209126 box 0
1325.4718060653397 731.0238345591426 1423.3099135316877 13.917064699438981 1207.257454951506 -15.55994562786833 1109.419347485158 701.5468242318354 box 0
2215.3317363430524 879.7741647955639 2333.8535130990313 14.538441661492925 2116.954166824672 -15.172878861115692 1998.4323900686932 850.0628442729553 box 0
586.5273370051451 2730.4740128421417 990.6075423043097 1785.0524140772013 792.5631041264465 1700.4067519283662 388.48289882728193 2645.8283506933067 box 0
794.6303795020215 2823.7380155247474 1193.593079641225 1878.9517291345971 994.63520162896 1794.9361444789145 595.6725014897565 2739.7224308690647 box 0
3099.719071564188 1040.7535359936696 3257.1044460831463 27.820470295711797 3040.7123737483116 -5.801640089128568 2883.3269992293535 1007.1314256088293 box 0
1765.313047477726 806.0530383906528 1879.0434129230468 23.338690652951016 1667.0640567092858 -7.462443526761206 1553.333691263965 775.2519042109407 box 0
2436.196388358812 928.3459892053615 2569.3151326585516 12.874090132727417 2350.434303932448 -18.953365303994303 2217.3155596327083 896.5185337686398 box 0
3319.9284828065825 1072.6268515182535 3485.6798328442515 69.91087057397203 3273.955896771054 34.91239752044271 3108.204546733385 1037.6283784647242 box 0
1004.718624238889 2915.6912084098553 1398.8230403929326 1971.0375264110035 1198.409632749636 1887.4261347297925 804.3052165955925 2832.0798167286443 box 0
1674.208808289077 3098.6863205059403 2023.932532722303 2241.291900777685 1814.153678740952 2155.7249313251145 1464.4299543077261 3013.11935105337 box 0
1435.0910436813588 3077.492221177902 1814.4808844136378 2146.226633319336 1609.4026868636852 2062.6794844495384 1230.0128461314061 2993.945072308105 box 0
2659.215736836927 962.8272062123722 2793.301066272503 6.796498281557376 2582.5203540139028 -22.765942555756 2448.435024578327 933.2647653750589 box 0
1215.7080794789777 3003.0343467143557 1604.4025097788544 2061.1582211391287 1403.7730625650897 1978.3622498127434 1015.0786322652128 2920.2383753879703 box 0
1916.6070953784515 3113.247529348177 2230.9592512662625 2329.4056811160167 2017.758421284146 2243.903560129362 1703.4062653963351 3027.7454083615225 box 0
2883.7051609542104 982.4122067517358 3029.01824206899 13.48213693159795 2812.321225306776 -19.016504771144866 2667.0081441919965 949.9135650489931 box 0
171.38911373696521 2550.9299583848688 573.6242793085745 1616.183716777895 376.19979159750744 1531.2290328565866 -26.035373974101844 2465.9752744635607 box 0
2150.818479233647 3126.6977769584773 2440.4578379427458 2416.623575016974 2229.2868086997023 2330.4868849067566 1939.6474499906037 3040.5610868482604 box 0
