1986.4117647058824 305.29411764705884 2488.1764705882356 332.3529411764706 2472.294117647059 830.5882352941177 1967.5882352941178 812.3529411764706 box 0
1984.058823529412 830.5882352941177 2487.5882352941176 845.8823529411765 2472.294117647059 1349.4117647058824 1971.1176470588236 1334.7058823529412 box 0
1458.4705882352941 315.29411764705884 1958.4705882352941 315.29411764705884 1958.4705882352941 817.0588235294118 1458.4705882352941 817.0588235294118 box 0
1454.6470588235295 830.0 1954.6470588235295 830.0 1954.6470588235295 1334.1176470588236 1454.6470588235295 1334.1176470588236 box 0
1435.235294117647 1343.5294117647059 1938.1764705882354 1343.5294117647059 1938.1764705882354 1851.1764705882356 1435.235294117647 1851.1764705882356 box 0
1957.4859576904075 1349.871526757023 2463.21558393789 1354.9289916027833 2458.1764705882356 1858.8235294117649 1952.446844340753 1853.7660645660046 box 0
1439.9411764705883 1859.4117647058827 1941.7058823529412 1859.4117647058827 1941.7058823529412 2366.470588235294 1439.9411764705883 2366.470588235294 box 0
1956.4117647058824 1872.3529411764707 1957.5882352941178 2376.470588235294 2462.294117647059 2371.764705882353 2467.5882352941176 1865.8823529411766 box 0
1957.0 2394.1176470588234 1953.4705882352941 2902.3529411764707 2452.8823529411766 2887.0588235294117 2457.5882352941176 2380.5882352941176 box 0
1457.2086735893697 2368.917878946379 1948.5801891864894 2383.663448350557 1933.1989792881504 2896.216623633362 1441.8274636910307 2881.471054229184 box 0
