1970.7030561170359 1200.7190793310187 2113.0066536236145 1053.8927070783025 1264.1968897142629 231.22930438174973 1121.8932922076842 378.05567663446595 box 0
1668.5090158410942 1511.3398484595582 1814.4034244314355 1361.4414275587596 957.4181184820256 527.3474882713988 811.5237098916843 677.2459091721973 box 0
1825.3137690414503 1362.1108760588145 1968.909447197949 1214.6143824383212 1117.1251328597948 385.3570675141836 973.5294547032962 532.8535611346767 box 0
1048.140518043852 2124.14263459702 1197.1497912892414 1976.8345445524924 350.14610114254947 1120.049256882472 201.13682789715995 1267.3573469269995 box 0
904.7240489255909 2275.72371433864 1047.6181655054152 2132.913269049338 194.08354194049792 1278.8785676132643 51.18942536067351 1421.6890129025664 box 0
1357.9568941846921 1814.9826767224613 1502.4783167236917 1669.7973443558494 656.4630871995851 827.6508102160151 511.9416646605856 972.836142582627 box 0
1515.8972813559901 1669.9218575211037 1662.116599440869 1520.9547006122687 807.9176653908361 682.5122664718161 661.6983473059569 831.4794233806514 box 0
2127.5441326405216 1062.5880002273918 2273.134388327191 913.5427784211379 1409.1220424388239 69.55880610805742 1263.5317867521544 218.6040279143115 box 0
749.0080791843694 2440.806925970259 905.2521259818758 2286.9745759802245 66.51365486256663 1435.086836236772 -89.73039193493975 1588.9191862268065 box 0
1207.0155158656364 1975.8252698502777 1354.3517402949062 1829.1582229597811 505.62672351424635 976.560845414615 358.29049908497666 1123.2278923051113 box 0
