93.29668022108048 581.8014446068548 267.8049952130055 579.8588283197812 261.39054793405563 3.6388132285332473 86.88223294213061 5.58142951560689 box 0
954.4322696390049 566.1363417515979 955.8096806023397 9.67621188667664 788.0113151846034 9.260859023548448 786.6339042212686 565.7209888884697 box 0
444.5874746531721 571.4816503831612 445.8540056553027 4.721823142104029 265.1978431492571 4.318113105608234 263.9313121471265 571.0779403466654 box 0
782.314959226544 575.2035086712758 783.1339535786763 -4.86499046405396 612.2889210835144 -5.10620528077294 611.4699267313822 574.962293854557 box 0
1641.9349490738025 564.0500586759208 1643.2793105568223 -10.781013278135163 1474.7443394088634 -11.175167204058027 1473.3999779258436 563.655904749998 box 0
1125.2295115996737 575.8767761327983 1125.6136142176913 0.3314767892612167 956.4433872650721 0.2185773751972988 956.0592846470546 575.7638767187343 box 0
618.2811096141236 571.6778164084758 609.9554141689198 -10.183141947664012 430.54989376569836 -7.61607553323165 438.87558921090204 574.2448828229082 box 0
1128.4934904292597 582.1757955457633 1297.506015329537 579.6640257313222 1288.6731705251416 -14.682396404989676 1119.6606456248644 -12.170626590548464 box 0
1469.713733330065 563.3868748475435 1476.0230075821594 -8.310069945294375 1304.3076923076924 -10.205128205128254 1297.998418055598 561.4918165877095 box 0
104.71278432354488 593.1116375709111 103.85462120401401 33.335074741570224 -0.7606294487432428 33.49545471424517 0.09753367078763864 593.272017543586 box 0
