3036.9078047153007 2246.7176966761017 3492.472188253714 1586.0446996194403 3271.2733270290837 1433.5179226781459 2815.70894349067 2094.1909197348073 box 0
3503.0018307778805 1576.328903997146 3964.0726559033596 910.3159450252032 3744.0572451498533 758.0025619147193 3282.986420024374 1424.015520886662 box 0
3294.698379165156 1422.396029379256 3737.641025641026 756.4615384615383 3512.5866988224275 606.7678966973185 3069.644052346558 1272.702387615036 box 0
2552.704018387236 2889.4314257925384 3014.5641025641025 2238.5128205128203 2812.86491853218 2095.396920368351 2351.0048343553126 2746.315525648069 box 0
2810.655936783667 2074.115839743122 3265.657389484846 1414.1474464009432 3051.6058246909424 1266.5740566497004 2596.6043719897634 1926.5424499918788 box 0
2328.912850309499 2735.9437894720954 2798.6420370283176 2085.563854453246 2591.487179487179 1935.948717948718 2121.757992768361 2586.328652967567 box 0
3747.697889848822 733.3735284507886 4159.083881888768 105.2043544246435 3963.2820512820513 -23.025641025641075 3551.8960592421054 605.1435330005039 box 0
1965.9892267266562 3192.174132177757 2324.0396699367516 2747.8670352022505 2138.8679311712926 2598.644068505836 1780.8174879611977 3042.9511654813427 box 0
3951.3398278690765 885.6198148676739 4212.0 469.2820512820512 4027.295564541628 353.64255337707016 3766.6353924107057 769.9803169626928 box 0
2163.989226726656 3356.8407988444246 2522.0396699367516 2912.5337018689174 2336.8679311712926 2763.310735172503 1978.8174879611977 3207.6178321480097 box 0
