3.5914187897882925 1895.6821939097324 668.0596498661537 1872.5959867894305 660.5357464323797 1656.0426664723477 -3.9324846439857883 1679.1288735926494 box 0
-5.198604831249676 997.9383103936879 637.6410256410257 979.5384615384614 631.2324461900699 755.6404894127569 -11.60718428220548 774.0403382679832 box 0
-17.73140850403525 1221.7952909662642 642.7692307692308 1202.6153846153845 636.2600677586101 978.4585899472119 -24.24057151465604 997.6384962980916 box 0
-11.346885671413816 2122.610868803315 672.5953539376409 2099.781952029924 665.3897877595791 1883.907010682769 -18.552451849475574 1906.7359274561597 box 0
1.1858211495315518 1679.7281522589567 650.4615384615387 1664.1538461538462 645.0094758138956 1436.8633420063268 -4.2662414981114125 1452.4376481114375 box 0
4.896965956340347 756.7739960656177 642.7692307692308 746.2051282051282 639.3091989779224 537.3787577575031 1.4369341650318006 547.9476256179926 box 0
8.877445022880977 2585.7524383459927 688.6750771945858 2555.324940982097 678.8383505894542 2335.557164009964 -0.9592815822506395 2365.9846613738596 box 0
-16.00273361853033 1440.0737413220622 653.033761464267 1424.7826433890414 647.8974358974359 1200.051282051282 -21.13905918536137 1215.342379984303 box 0
-17.36204609183443 2346.9978375681912 675.5280364446089 2327.7026447516528 669.3993780544199 2107.6226145497285 -23.490704482023546 2126.917807366267 box 0
1.0519417309579353 540.9942843580559 655.5716623486248 531.12506251742 652.2634500956717 311.72679642197335 -2.256270521995191 321.59601826260933 box 0
