2457.090909090909 1814.2857142857142 2522.4903622546904 1094.6125506690494 1878.342906735799 1036.0764074897334 1812.9434535720181 1755.7495711063982 box 0
2390.842717867354 2567.127497965937 2441.7248880922643 1839.6283673132234 1786.4916101364545 1793.800558342427 1735.6094399115443 2521.2996889951405 box 0
3134.7603187230684 1845.955375484517 3183.7453588599956 1123.5799542487507 2538.501007113113 1079.825253383685 2489.5159669761856 1802.2006746194515 box 0
1701.246753246753 2506.4935064935066 1739.6435518976048 1782.4625466598652 1096.547967463746 1748.3579115839946 1058.1511688128944 2472.3888714176364 box 0
2345.4025974025976 1040.2597402597403 2403.1416709128644 418.02212662347347 1884.0770109328614 369.85674429625504 1826.3379374225951 992.094357932522 box 0
3087.340324504075 2609.865574377165 3125.6281314476814 1868.9966230493428 2482.391703047503 1835.7544252955554 2444.103896103896 2576.6233766233768 box 0
3462.980090472523 1080.928829993244 3518.9018834581443 462.6053942638849 2997.4282864921147 415.44279803687476 2941.5064935064943 1033.7662337662337 box 0
2884.363636363637 1064.9350649350645 2934.4958632436264 429.7725971061581 2410.8952320625694 388.4457445819533 2360.763005182578 1023.6082124108599 box 0
1792.1558441558443 1028.5714285714284 1860.1859540096762 400.63768854339645 1340.9092238159215 344.3794390694271 1272.8791139620898 972.3131790974592 box 0
1789.5584415584415 1770.1298701298701 1842.6597638830528 1046.486861075942 1205.8444357264455 999.7570017687858 1152.7431134018343 1723.4000108227142 box 0
1247.9830997390509 951.414716545304 1248.9198867564319 333.0907158131926 743.741981822576 332.32534991723924 742.8051948051949 950.6493506493506 box 0
