1499.047619047619 1209.4285714285713 1635.109778003056 1071.8688661971908 789.4441769697992 235.4096193749362 653.3820180143623 372.96932460631695 box 0
1630.4761904761904 1066.5714285714284 1765.8317356944742 928.7403531000522 920.8533008589952 98.93824676300557 785.4977556407113 236.7693222343817 box 0
821.9047619047619 1896.095238095238 958.9401950319979 1757.1107705372722 106.76499942538157 916.8859664127748 -30.27043370185436 1055.8704339707408 box 0
1082.857142857143 1627.5238095238094 1226.7159959196977 1484.4697226184046 383.4255632412433 636.4352688808598 239.56671017868837 779.4893557862644 box 0
717.1245274240862 2033.4631514515693 838.0549938421824 1909.359626456463 -4.506592706412789 1088.3405163924208 -125.43705912450883 1212.4440413875268 box 0
1237.142857142857 1474.1904761904761 1365.3117196344122 1344.7964814685731 513.308976346963 500.86069695606267 385.140113855408 630.2546916779655 box 0
1773.9265236541494 929.7867872583467 1901.904761904762 798.0000000000001 1043.3843749962532 -35.7097284525091 915.4061367456411 96.07705880583762 box 0
1366.6666666666665 1341.8095238095239 1497.3739604689113 1209.7143101376248 643.9246049093333 365.23211762202334 513.2173111070887 497.3273312939225 box 0
963.0230167308694 1755.3321490952922 1089.918166393945 1628.2921258950344 234.0549004073086 773.4048668042087 107.15975074423261 900.4448900044661 box 0
1937.640809368435 828.7391682107276 2065.619047619047 696.9523809523811 1207.0986607105388 -136.75734750012813 1079.1204224599267 -4.970560241781413 box 0
