838.1764705882354 1122.3529411764707 1037.5882352941178 891.1764705882354 1525.235294117647 1304.7058823529412 1326.4117647058824 1537.6470588235295 box 0
639.3529411764706 1364.1176470588236 837.0000000000001 1135.8823529411766 1325.8235294117649 1553.5294117647059 1121.7058823529412 1787.0588235294117 box 0
439.9411764705883 1607.058823529412 634.0588235294118 1378.235294117647 1121.7058823529412 1795.2941176470588 914.0588235294118 2028.235294117647 box 0
238.17647058823536 1847.0588235294117 434.0588235294118 1615.294117647059 912.2941176470589 2040.0 714.6470588235295 2265.8823529411766 box 0
31.117647058823582 2095.294117647059 235.23529411764713 1861.1764705882354 716.4117647058824 2287.0588235294117 515.2352941176471 2522.3529411764707 box 0
530.529411764706 2532.3529411764707 728.764705882353 2301.176470588235 1214.6470588235295 2714.7058823529414 1016.4117647058825 2940.5882352941176 box 0
734.6470588235295 2295.8823529411766 931.1176470588236 2060.0 1417.0 2475.294117647059 1217.5882352941178 2705.8823529411766 box 0
935.2352941176472 2049.4117647058824 1139.3529411764707 1818.2352941176468 1617.0 2242.9411764705883 1416.4117647058824 2470.0 box 0
1130.5294117647059 1798.2352941176468 1340.529411764706 1573.5294117647059 1811.7058823529412 2006.4705882352944 1605.8235294117649 2228.823529411765 box 0
1327.0 1549.4117647058824 1539.9411764705883 1312.9411764705883 2001.1176470588236 1749.4117647058824 1797.5882352941178 1980.5882352941178 box 0
