-2.262352992893682 2963.7603615777366 890.4051149867939 2901.0447537658906 872.3983006018414 2644.7433646185523 -20.269167377846145 2707.4589724303983 box 0
-4.948074032859381 852.7648257470389 731.0557081809565 812.1577528361565 716.2531236429973 543.860694577668 -19.750658570818587 584.4677674885504 box 0
3.18501199399401 2444.035280681843 853.2685183298047 2378.7896707726795 833.1747151025636 2116.9879843938406 -16.908791233247086 2182.233594303004 box 0
-16.972248931779582 1111.4137440882837 742.8571428571429 1060.662337662338 726.0977983500732 809.7482558591248 -33.731593438849416 860.4996622850706 box 0
-14.406515411210023 2170.5732104956287 829.6238834759158 2111.3030810021355 812.077922077922 1861.4415584415585 -31.95247680920377 1920.711687935052 box 0
5.147819962110532 591.0506710759244 722.9412169380585 546.0227302167893 705.6131080011462 269.79419434155625 -12.180288974801613 314.82213520069115 box 0
5.315897944557919 1642.859723339439 779.2207792207791 1589.2337662337661 761.0695302725235 1327.2833802549408 -12.835351003697724 1380.9093373606136 box 0
15.246705649631867 2702.804020908964 877.9220779220778 2640.0779220779223 859.2570794390678 2383.377205552143 -3.418292833378075 2446.1033043831844 box 0
-18.339891211737772 1917.444732131784 805.1948051948052 1858.2597402597405 786.636736761075 1600.0318894136053 -36.897959645467985 1659.2168812856494 box 0
-18.231754908007282 1363.3737409299754 758.4415584415584 1316.896103896104 743.7613223374294 1071.5792516766473 -32.91199101213624 1118.0568887105187 box 0
