2395.6866565287482 1516.2748938309742 2543.465441647997 1353.7774227290315 1787.8789951741326 666.6304391158031 1640.1002100548842 829.1279102177459 box 0
1610.7567640642649 2345.3115506501563 1758.8659172587247 2188.0213393432823 1016.9596444745532 1489.4202700285543 868.8504912800934 1646.7104813354283 box 0
1775.7309194357815 2187.9170874084984 1926.3060702983519 2025.983256753533 1178.9665735451756 1331.0651101623016 1028.3914226826053 1492.9989408172673 box 0
1936.3286128333398 2023.4786405935806 2085.7706800476585 1861.3935253644272 1330.1688603111916 1164.7305543527082 1180.7267930968728 1326.8156695818616 box 0
1445.398506025088 1025.6750609874846 1595.8629135746578 865.7321154260238 846.3309644186374 160.61892476080618 695.8665568690676 320.56187032226717 box 0
1296.8937590465107 1198.3954000168278 1449.986777255955 1033.9208851964436 687.6139706745587 324.3036287612482 534.5209524651143 488.77814358163255 box 0
975.4584546720961 1510.0365195406569 1124.952261956115 1347.5309830916397 372.6738008821031 655.4870457517015 223.1799935980842 817.9925822007187 box 0
2560.3859061158746 1361.0391722944325 2710.6196518599154 1196.8371125099704 1964.512248333588 514.1994518968515 1814.2785025895473 678.4015116813137 box 0
815.2620967351743 1679.366570057244 970.8477734174114 1511.6911989925036 224.67280793554085 819.3167841297675 69.08713125330381 986.9921551945079 box 0
2088.4958079434823 1852.0459069031033 2240.547017703791 1685.6334786691848 1480.3492886446525 991.0400183898652 1328.2980788843438 1157.4524466237838 box 0
1582.573901724958 860.3594929818582 1739.2327879502004 698.62425682307 1000.2523510216238 -17.161956131882675 843.5934647963813 144.57328002690542 box 0
2704.3076923076924 1187.2307692307693 2853.638062874807 1022.3529560948006 2097.7130352745135 337.70920478898813 1948.3826647073988 502.58701792495697 box 0
1445.1660056860358 2504.1921778454066 1593.635487572794 2349.3099473602983 864.0488472192376 1649.9311345325223 715.5793653324793 1804.813365017631 box 0
1282.8975659160712 2671.6295497141637 1438.266907501992 2510.886534940996 698.5778956622978 1795.9254841603472 543.2085540763771 1956.6684989335151 box 0
1143.7102577270507 1352.801337305342 1290.9057631282062 1193.935813583518 528.6977764068604 487.71845944758746 381.502271005705 646.5839831694117 box 0
494.0512820512821 1997.4871794871794 647.0715283476782 1837.17135921239 -91.78275385370267 1131.9404964952103 -244.80300015009877 1292.25631677 box 0
2242.4927784813917 1684.8687373544371 2392.993496570174 1519.380509188545 1646.701287375542 840.6765637014709 1496.2005692867592 1006.164791867363 box 0
1739.9032224942118 704.4561720799841 1901.0471545050107 536.9547351926344 1189.2108152102558 -147.86390752309927 1028.066883199457 19.63752936425027 box 0
658.6528968517171 1824.6834846167294 796.8064514796695 1676.189945008287 62.5995526584278 993.1077505102246 -75.55400196952462 1141.6012901186673 box 0
1908.392921207186 542.4211681208174 2068.3061727469494 369.2388062235227 1491.6586657068763 -163.22637575478956 1331.7454141671126 9.955986142505125 box 0
