966.4117647058824 312.3529411764706 1582.8823529411766 455.88235294117646 1514.6470588235295 755.8823529411765 892.2941176470589 611.7647058823529 box 0
867.0000000000001 616.4705882352941 1488.764705882353 762.9411764705883 1418.1764705882354 1058.235294117647 794.6470588235295 909.4117647058824 box 0
805.2352941176472 915.8823529411765 1426.4117647058824 1071.764705882353 1352.294117647059 1367.6470588235295 734.0588235294118 1219.4117647058824 box 0
734.0588235294118 1228.235294117647 1352.8823529411766 1377.6470588235295 1279.3529411764707 1680.0 656.4117647058824 1525.8823529411766 box 0
669.3529411764706 1534.7058823529412 1285.235294117647 1693.5294117647059 1218.1764705882354 1994.1176470588236 597.5882352941177 1829.4117647058824 box 0
1306.4117647058824 1698.235294117647 1922.294117647059 1838.8235294117649 1855.235294117647 2138.2352941176473 1237.5882352941178 1999.4117647058827 box 0
1372.294117647059 1387.0588235294117 1989.9411764705883 1534.1176470588236 1918.7647058823532 1834.705882352941 1299.3529411764707 1683.5294117647059 box 0
1449.3529411764707 1077.6470588235295 2068.1764705882356 1235.8823529411766 1992.294117647059 1532.352941176471 1369.9411764705883 1378.235294117647 box 0
1515.235294117647 766.4705882352941 2127.5882352941176 938.2352941176471 2052.8823529411766 1228.235294117647 1437.0 1067.0588235294117 box 0
1605.235294117647 457.64705882352945 2212.8823529411766 633.5294117647059 2138.1764705882356 925.8823529411765 1527.0 757.6470588235294 box 0
