2192.3245433988727 2624.988035524278 2905.7068383693295 2205.6533355384418 2799.6671424309525 2025.2560499118426 2086.2848474604953 2444.590749897679 box 0
1978.208576223438 2247.086892734144 2685.38726116609 1819.811481839962 2576.496866760834 1639.5882254694552 1869.3181818181818 2066.863636363636 box 0
3029.60857931135 2397.3495119940553 3738.6363636363635 1974.8181818181818 3629.136835892808 1791.072736224046 2920.109051567793 2213.6040663999192 box 0
2911.1733966453407 2200.1769333098105 3614.7727272727275 1788.4545454545455 3514.115946997352 1616.4404764752355 2810.516616369966 2028.1628643305007 box 0
2304.264559031607 2817.0160694114725 3013.8063232926834 2404.1827918257054 2907.2690369883494 2221.075813323324 2197.7272727272725 2633.9090909090905 box 0
3147.9483687277852 2583.268225281581 3840.909090909091 2164.590909090909 3734.1326110798773 1987.8631435466862 3041.171888898572 2406.5404597373586 box 0
2807.4552819981836 2002.1889621848156 3523.2173489213124 1592.8641335204377 3419.318181818182 1411.181818181818 2703.5561148950537 1820.5066468461966 box 0
2685.945810124636 1816.7467118422105 3407.8989835214575 1406.367779958526 3303.409090909091 1222.5454545454545 2581.4559175122695 1632.9243864291395 box 0
2415.909090909091 2998.681818181818 3128.670874027034 2587.0150204908496 3025.664609422688 2408.6695011448214 2312.9028263047453 2820.336298835789 box 0
2095.577112079716 2419.2278154480864 2794.475361808537 2010.8609325628217 2695.4891588197306 1841.4512989329162 1996.590909090909 2249.8181818181815 box 0
