16.46455871492651 1102.153172930769 1095.5724457139663 1076.9128572126729 1089.3828907784819 812.2886891755544 10.275003779441818 837.5290048936503 box 0
-10.623025557630854 833.083759611048 1086.1128316835188 803.5213173569085 1079.1594545813734 545.5582596608026 -17.57640265977625 575.1207019149422 box 0
-7.215461017491521 1629.9754711124694 1109.4927302020483 1605.1750769547928 1103.7169508475085 1345.104205706378 -12.99124037203103 1369.9045998640547 box 0
-32.70261929354425 2936.728975275237 1170.974358974359 2912.871794871795 1165.8649877438877 2655.0864061736756 -37.811990524015414 2678.943586577118 box 0
22.807034160355556 567.4659565756978 1089.0558422729305 543.9380285864908 1083.292064998885 282.73267928856 17.043256886310132 306.260607277767 box 0
-32.1168068845909 2146.217154545689 1127.3846153846157 2128.25641025641 1123.2980936149834 1864.4406280312026 -36.203328654223355 1882.401372320481 box 0
-13.260308175101045 1360.5306699566472 1114.4940973530572 1334.8682426715386 1108.5289736795567 1072.7264574237238 -19.225431848601602 1098.3888847088324 box 0
4.307692307692491 1876.974358974359 1110.7646177706351 1859.312824052732 1106.871794871795 1615.4358974358975 0.4148694088523975 1633.0974323575247 box 0
-34.17188312122323 2420.305336829007 1144.1910395629488 2406.562970386611 1141.0537671336901 2137.55213266124 -37.30915555048216 2151.294499103636 box 0
1149.0506147082012 2653.230167165864 1146.5269749075705 2416.072347181662 -11.187676918797933 2428.3918008404803 -8.664037118167812 2665.5496208246814 box 0
