1980.0 2997.375 2008.3679098452876 1789.746078840803 1796.9305793809183 1784.7792922530953 1768.5626695356304 2992.4082134122923 box 0
2203.46715172962 2994.647286363969 2224.294888005933 1793.6977865366798 2006.4730734901057 1789.920162824263 1985.6453372137928 2990.869662651552 box 0
1762.6986849328223 2996.1344919803328 1781.25 1792.375 1575.724383415323 1789.2076144109021 1557.1730683481455 2992.967106391235 box 0
2409.414816352228 3005.3984121853587 2435.0 1801.1249999999998 2226.883688750809 1796.7035007046322 2201.2985051030373 3000.976912889991 box 0
2836.760838267818 3022.8946914081585 2875.0 1831.125 2656.9635621926063 1824.1290756457115 2618.724400460425 3015.89876705387 box 0
2614.141043084145 3009.1630038584503 2650.0 1808.625 2448.0969008256548 1802.5943416524915 2412.2379439098 3003.1323455109414 box 0
1548.1986849328223 2986.6344919803328 1566.75 1782.8750000000002 1361.224383415323 1779.7076144109021 1342.6730683481455 2983.467106391235 box 0
1334.9486849328223 2983.3844919803328 1353.5 1779.625 1147.974383415323 1776.457614410902 1129.4230683481455 2980.217106391235 box 0
1119.1986849328223 2980.1344919803328 1137.75 1776.375 932.224383415323 1773.2076144109021 913.6730683481455 2976.967106391235 box 0
3056.010838267818 3022.1446914081585 3094.25 1830.375 2876.2135621926063 1823.3790756457113 2837.974400460425 3015.14876705387 box 0
