960.1023526389529 2233.6145307399156 1313.44280423934 1794.7975383721318 998.491697577722 1541.195311941969 645.151245977335 1980.0123043097528 box 0
1401.5443826734065 1076.5793412474159 1752.751689273355 642.7199203961459 1444.2378301561832 392.9792986604208 1093.0305235562348 826.8387195116909 box 0
2093.841066278181 885.9077256573129 2445.3258102649256 455.23972706630457 2132.770397650041 200.15121446719905 1781.2856536632967 630.8192130582072 box 0
604.1940127873918 2679.355898788986 941.7500628147432 2246.357083800706 621.8387459253768 1996.9614809717564 284.2826958980254 2429.9602959600365 box 0
1718.3858819829345 1338.0242774815815 2062.082578836085 888.952021225625 1748.2247869623777 648.7414875178081 1404.5280901092272 1097.8137437737646 box 0
281.41442325508683 2419.2523944902096 628.2177157342062 1982.9598305414038 323.2792406281223 1740.56819724563 -23.52405185099701 2176.8607611944362 box 0
648.0659536390134 1974.5200769987318 1003.8634697784202 1545.4240492615338 689.8990030260255 1285.091232815721 334.1014868866188 1714.1872605529193 box 0
1765.946147441225 627.0044321362698 2122.716951507728 205.46933839388785 1816.703895283384 -53.52813475772979 1459.9330912168812 368.00695898465216 box 0
1031.0738638386856 1530.7481713846664 1377.7245757153887 1087.2658991151757 1064.5716836466659 842.4879682942887 717.9209717699625 1285.9702405637795 box 0
1339.2161340526525 1785.5068952073873 1694.3359550576986 1347.330285706858 1378.2759809680995 1091.1797770033063 1023.1561599630533 1529.3563865038354 box 0
