3614.685314685315 1676.2237762237762 3780.6091339639147 1491.6714436554485 2998.171328877494 788.2120662464017 2832.247509598895 972.7643988147291 box 0
3788.811188811189 1496.5034965034965 3945.3654634353616 1323.265698852216 3160.3510480774144 613.8514484282477 3003.7967734532413 787.0892460795283 box 0
3107.6923076923076 2216.0839160839164 3274.640156164287 2031.6171096583837 2496.6678062105357 1327.529406769138 2329.7199577385563 1511.9962131946706 box 0
3447.5524475524476 1852.4475524475524 3605.297365507861 1677.289477833615 2822.5785372641085 972.3838226669549 2664.833619308695 1147.5418972808916 box 0
2774.1258741258744 2579.020979020979 2936.223774303242 2400.2796328399145 2162.3291779921583 1698.445996130246 2000.2312778147905 1877.1873423113113 box 0
2943.3566433566434 2400.0 3109.5215277212214 2215.6423829378905 2328.2451387084257 1511.463717006504 2162.080254343848 1695.8213340686148 box 0
3272.727272727273 2030.7692307692312 3437.3059424866847 1848.9230961032827 2662.1453442026664 1147.3690028592991 2497.5666744432556 1329.2151375252479 box 0
2597.3685925724762 2757.603503292824 2759.466492749844 2578.862157111759 1985.5718964387602 1877.0285204020906 1823.4739962613924 2055.769866583156 box 0
2429.3491750967482 2935.2151537782606 2591.447075274116 2756.473807597196 1817.5524789630322 2054.6401708875273 1655.4545787856644 2233.3815170685925 box 0
2258.4171362617967 3116.710299409329 2420.5150364391643 2937.968953228264 1646.6204401280806 2236.1353165185956 1484.5225399507128 2414.8766626996608 box 0
