3898.1106209594186 1162.2136193578294 3937.1645807194923 534.9295966767174 3418.0957204843257 502.6129846678748 3379.0417607242516 1129.8970073489868 box 0
2940.0 1898.5714285714284 2990.21535037701 1169.1743502773625 2344.0658072107535 1124.6901774288422 2293.850456833743 1854.0872557229086 box 0
3359.3098845786153 1164.0802692669538 3405.375056117068 534.3796429858983 2881.45033673922 496.05241086305114 2835.3851652007675 1125.7530371441067 box 0
3654.7533226369187 1947.6744478470953 3700.952063142513 1215.4238519143084 3042.740815917246 1173.8963601275836 2996.5420754116517 1906.1469560603705 box 0
2822.8571428571427 1087.142857142857 2870.4258938308103 461.02002449035626 2346.768475045263 421.2359309376646 2299.1997240715955 1047.3587635901654 box 0
953.7988049184736 1640.450506347479 1021.853256615999 911.0561993607976 395.88689225559875 852.6518530427797 327.8324405580731 1582.0461600294611 box 0
688.5714285714286 861.4285714285713 755.2679607674852 150.59769946531787 129.3952185764553 91.87270151343347 62.69868638039869 802.7035734766869 box 0
2281.428571428571 1034.2857142857142 2339.2788580933648 411.2952222999104 1815.8357256253312 362.6888059010493 1757.9854389605377 985.6792978868531 box 0
1215.639904842131 908.1491227014815 1278.3144167379844 282.9991163087217 762.1012059595656 231.24607993523716 699.4266940637124 856.396086327997 box 0
1745.7705033661896 1019.8171846055438 1803.9650573082627 401.2439844738652 1289.6231253706444 352.85537129689266 1231.4285714285713 971.4285714285713 box 0
3968.46213502278 2971.8644736520255 4026.7884731141576 2075.2874325819075 3497.70188551555 2040.8679886587652 3439.3755474241725 2937.445029728883 box 0
2006.5822599479627 1798.3441978605179 2296.610068290332 1316.5992640615536 1424.2857142857142 791.4285714285713 1134.2579059433453 1273.1735052275358 box 0
1581.4285714285716 1757.1428571428569 1644.4455216909578 1052.1882400582404 1025.7827412589518 996.885046464157 962.7657909965652 1701.8396635487732 box 0
