2032.6982779102675 3022.6402602855132 2031.3134153232818 1802.8393751964886 1727.3595025462753 1803.184459715707 1728.7443651332608 3022.9853448047315 box 0
1739.5109457398041 3031.2866396557056 1743.761160329788 1826.2773375067413 1425.0447156524076 1825.153185783747 1420.7945010624237 3030.162487932711 box 0
1434.995987052423 3024.9992590405295 1442.7427847762906 1828.2259150410039 1127.982081871527 1826.1884469531228 1120.2352841476595 3022.9617909526482 box 0
3263.0299101162345 3020.3793861105487 3263.24637871097 1766.562911190389 2945.4284936618415 1766.5080406472634 2945.212025067106 3020.324515567423 box 0
1114.0053759359653 3035.689593040435 1110.6801683640647 1801.7418814451514 823.0064774728482 1802.5170964126899 826.3316850447488 3036.4648080079733 box 0
2030.7254520601157 3026.094280752512 2339.7546201660944 3025.24076588006 2336.320916348088 1782.011539712576 2027.291748242109 1782.8650545850282 box 0
2940.8202629805282 3047.760702272582 2938.1311817351398 1791.1983195024027 2634.4338553666394 1791.8482409036874 2637.122936612028 3048.410623673867 box 0
2336.3751714077825 3021.5725741894066 2641.7836806290734 3020.8580520241894 2638.8997088107235 1788.1607662646948 2333.4911995894327 1788.875288429912 box 0
3548.9001007536685 3005.004633965163 3557.06236572649 1764.3969049864613 3252.9844802399834 1762.396301398606 3244.822215267162 3003.004030377308 box 0
818.683283537828 3090.1662711220742 839.5628908797144 1814.1551465330401 565.6581257639298 1809.6731919211386 544.7785184220434 3085.6843165101727 box 0
