1538.551181102362 863.779527559055 1586.3877217915747 242.21191164991737 1074.1353407931445 202.78839401549845 1026.2988001039316 824.356009924636 box 0
1706.174852535935 1644.636235710649 1763.7365226061302 928.9939379802081 1125.7448454163352 877.6779850992875 1068.1831753461404 1593.3202828297285 box 0
3688.508048078572 1780.7467892460945 3749.389782837552 1060.631484486937 3109.3494043140063 1006.5196383662102 3048.467669555026 1726.6349431253675 box 0
3030.802766125023 1730.1242903904663 3092.34295548931 1001.5405446630162 2443.776236255348 946.7590333390415 2382.236046891061 1675.3427790664912 box 0
1057.8873016768387 1606.261666407814 1132.5757690886826 891.3915973722576 510.3857547349045 826.3861920211416 435.6972873230607 1541.2562610566977 box 0
2355.1391122153077 1682.3959447530576 2417.9816156678617 957.4739317845194 1785.3512631101119 902.632066861697 1722.5087596575572 1627.5540798302352 box 0
1005.3120064425249 828.3258739896801 1050.4823792467791 199.02643259729575 540.3094197344735 162.40681837225867 495.13904693021937 791.7062597646429 box 0
3139.338582677166 967.7165354330709 3204.3580475740846 342.7264318320245 2677.6030155755193 287.9266356193015 2612.5835506786007 912.916739220348 box 0
2606.267716535433 898.4251968503937 2652.6367826776905 274.1754383356238 2130.959180558355 235.4253981351149 2084.5901144160985 859.6751566498848 box 0
3687.3700787401576 1007.8740157480315 3726.898914758715 385.09467750117 3200.490604722521 351.68267024864554 3160.961768703963 974.462008495507 box 0
2686.5631573823694 2639.3442534343917 2744.695603826628 1735.5224304537269 2204.256241738191 1700.76219179367 2146.1237952939323 2604.584014774335 box 0
2070.047244094488 862.992125984252 2114.6445367865495 245.43542601918634 1597.0982968328076 208.0604592409157 1552.5010041407463 825.6171592059814 box 0
3258.2197676411397 2730.8169322036324 3343.0238341571135 1843.1021878092756 2802.728779966544 1791.4873892457026 2717.9247134505717 2679.20213364006 box 0
463.22115504931094 911.3239994748432 527.6394223683221 198.3241936282377 -9.371793152796073 149.8061831728619 -73.7900604718073 862.8059890194675 box 0
368.4724409448819 1680.3149606299212 467.5760981364465 958.4259674387928 0.030184285069907446 894.2394922262863 -99.07347290649467 1616.1284854174148 box 0
1871.6220472440946 2382.6771653543306 1908.9064811055553 1895.8635407892853 1019.1037305880316 1827.714684374147 981.819296726571 2314.528308939193 box 0
