2267.8137470284805 1195.295540366034 3015.0770398027166 503.27411726970007 2868.6128589590685 345.11816660418106 2121.3495661848324 1037.139589700515 box 0
2868.588288742345 1864.0905006779828 3628.9987429374005 1181.9008883375657 3484.7305230557504 1021.0906669245562 2724.320068860695 1703.2802792649732 box 0
46.82561263338977 2750.6153058907794 1060.0978928120096 2646.8902998743924 1038.0345617364223 2431.357299242277 24.76228155780251 2535.082305258664 box 0
2573.4833283601147 1537.7714224565786 3325.4974902198273 840.9180727316929 3175.836758309807 679.4106480848027 2423.8225964500944 1376.2639978096886 box 0
37.4222912357464 2524.8019055628074 1037.8956795217775 2426.3797265898456 1016.7430518581257 2211.3607004857768 16.269663572094544 2309.7828794587385 box 0
1976.2894091514593 854.3442212630689 2717.5769838421365 156.42582390225903 2566.666119870758 -3.8627553512036457 1825.3785451800807 694.0556420096062 box 0
-18.058257935722963 934.5133771667289 914.4010971628305 855.4984277010466 895.6372984630667 634.065904449482 -36.822056635486774 713.0808539151643 box 0
3164.6669432694234 2200.6624404761496 3927.826476364763 1521.8937037952387 3787.5297196334086 1364.153958907395 3024.370186538069 2042.922695588306 box 0
-19.62793509681187 1620.8411150571367 958.1538461538463 1528.25641025641 937.2199471139807 1307.174697723254 -40.56183413667759 1399.7594025239805 box 0
3028.2812149858323 2026.3872124708193 3790.0687390553053 1347.1048234442437 3643.5867385053784 1182.8312277757623 2881.7992144359055 1862.1136168023381 box 0
0.4099421948706663 706.3323181521881 916.3728700151996 626.5233225836274 897.3027025728904 407.6561851131927 -18.660225247438518 487.4651806817533 box 0
2129.2734408851015 1017.917656315614 2875.8994338926773 322.3497864541819 2724.092478609527 159.39944954986464 1977.4664856019513 854.9673194112966 box 0
2718.5749429371526 1704.524402087903 3457.636633957728 1020.184680783802 3309.6585516307186 860.3738027155642 2570.5968606101433 1544.7135240196649 box 0
2424.0921583625654 1361.817943980137 3173.6184345367496 671.5846419243173 3022.72104506761 507.7247440081441 2273.1947688934256 1197.9580460639638 box 0
24.18409237682487 1842.578614572872 970.7146935176816 1755.1062235140253 950.4615384615387 1535.9487179487182 3.9309373206819473 1623.4211090075653 box 0
-12.192918060780983 2313.492217702734 1004.4236504166961 2210.2566715493676 981.7892946705831 1987.3638606358893 -34.82727380689397 2090.599406789255 box 0
-2.3567491549644615 1157.9736804925165 942.348372092018 1080.547391541369 924.2420568484458 859.625932315711 -20.463064398536687 937.0522212668584 box 0
6.769940437359423 1397.1036177656654 955.5316670444373 1309.3970936346875 934.0849358901552 1077.3979592301841 -14.67679071692271 1165.104483361162 box 0
16.97161004633138 2071.0371693720663 994.0512820512821 1979.5384615384614 973.1301511948446 1756.1297144733694 -3.949520810106037 1847.6284223069738 box 0
1830.6868399980199 680.0380004994843 2545.4534514276343 8.777572552866104 2396.856389677272 -149.45046216177676 1682.089778247658 521.8099657848414 box 0
