3969.177470550352 2394.476682624163 4022.7032513156782 1667.6692898292818 3387.568333956816 1620.8947348646927 3334.0425531914893 2347.702127659574 box 0
615.6498731951833 2145.026679440154 703.4895783060028 1435.7994687117334 76.6169428633097 1358.159600124664 -11.222762247509936 2067.386810853085 box 0
1276.5957446808509 2196.6382978723404 1356.0494208426949 1481.0576695548536 725.5604291108026 1411.0520458832643 646.1067529489585 2126.632674200751 box 0
1952.2462819248126 2263.988486295468 2009.9554764309848 1541.9366197677182 1364.0987686028816 1490.317238802188 1306.3895740967096 2212.369105329938 box 0
2633.284532204547 2224.3639458267494 2688.3989721837247 1493.7706068065681 2039.5959403601496 1444.826257267733 1984.4815003809726 2175.4195962879144 box 0
3303.0491125315666 2301.9916966097494 3354.444242083154 1572.1744911538242 2700.3335550099373 1526.1107600552896 2648.9384254583497 2255.927965511215 box 0
3105.0115078844105 747.3561913790586 3151.8688980098145 120.40210475490265 2629.8361135296595 81.38633890775911 2582.978723404255 708.340425531915 box 0
2564.8936170212764 717.9148936170213 2605.1538369356063 97.66408697698088 2081.7459187834665 63.689898367927135 2041.4856988691374 683.9407050079676 box 0
3647.9793531837668 770.8155626221577 3687.5991103501506 156.28743108782527 3164.0878422727665 122.53569825290162 3124.4680851063827 737.0638297872341 box 0
2020.2127659574467 747.7021276595746 2056.4745971735997 122.31291385310757 1536.4849607012434 92.16244752647782 1500.2231294850903 717.5516613329448 box 0
1475.531914893617 744.5106382978724 1499.9322678899455 124.49738690166124 995.9754553202224 104.66438479418264 971.5751023238939 724.6776361903939 box 0
