2366.2337662337663 1.1168831168832822 3181.8181818181815 1328.3896103896104 3444.155844155844 1149.1688311688313 2705.194805194805 3.7142857142858796 box 0
2358.4415584415583 8.909090909091073 2109.090909090909 168.64935064935082 2924.6753246753246 1486.831168831169 3171.4285714285716 1333.5844155844156 box 0
2100.0 181.6363636363638 1858.4415584415583 332.28571428571445 2668.8311688311687 1658.2597402597405 2922.077922077922 1502.4155844155846 box 0
1845.4545454545455 341.3766233766235 1594.8051948051948 502.4155844155846 2419.4805194805194 1821.8961038961038 2666.2337662337663 1668.6493506493507 box 0
1581.8181818181818 514.1038961038962 1338.9610389610389 664.7532467532469 2170.12987012987 1981.6363636363637 2411.688311688312 1829.6883116883118 box 0
1331.168831168831 669.9480519480521 1085.7142857142858 833.5844155844158 1914.2857142857142 2143.974025974026 2164.935064935065 1990.7272727272725 box 0
1070.1298701298701 841.3766233766237 829.8701298701299 1002.4155844155846 1658.4415584415583 2310.2077922077924 1903.8961038961038 2156.961038961039 box 0
820.7792207792207 1006.3116883116886 568.8311688311688 1159.5584415584417 1401.2987012987012 2468.6493506493507 1650.6493506493507 2312.805194805195 box 0
561.038961038961 1171.2467532467533 320.7792207792208 1332.2857142857144 1146.7532467532467 2633.5844155844156 1397.4025974025974 2472.5454545454545 box 0
309.09090909090907 1334.883116883117 67.53246753246754 1493.3246753246754 887.012987012987 2797.220779220779 1140.2597402597403 2638.779220779221 box 0
