1270.1030927835052 955.6288659793815 1299.213616052229 35.88265122970287 1118.7050742832887 30.169446846689137 1089.5945510145648 949.9156615963676 box 0
1460.8247422680413 954.5979381443298 1490.992266296403 52.024411456299944 1310.4509294575707 45.990016522090286 1280.2834054292093 948.5635432101201 box 0
1656.8098833263564 964.0625845309929 1686.9181113639972 64.68562178999429 1495.021495991881 58.26154457362128 1464.9132679542402 957.63850731462 box 0
1853.6082474226805 969.0309278350517 1874.3459454041347 62.12851761736624 1682.3060418358243 57.737234194013865 1661.5683438543701 964.639644411699 box 0
1097.2453693902344 945.5555291659117 1121.9471968370276 26.10065749136095 921.2209620916991 20.708000420880353 896.5191346449059 940.162872095431 box 0
2423.5217936572353 985.834736983443 2445.137343727395 -2.7206861776995197 2261.4053646928346 -6.738131936695368 2239.789814622675 981.8172912244472 box 0
2228.489361702128 974.3829787234041 2251.023297899584 14.235024578599033 2067.667524537728 9.93180518357218 2045.133588340272 970.0797593283775 box 0
893.1818181818182 963.4545454545455 925.64508520839 22.151869060546463 737.7779436324072 15.6727828585785 705.3146766058354 956.9754592525777 box 0
2611.468085106383 1015.872340425532 2641.2850701890816 -1.3437271316866135 2461.450825720847 -6.61508997748257 2431.633840638148 1010.6009775797361 box 0
2043.2989690721647 976.2474226804123 2075.2765687021383 35.69810436642997 1883.6188724588783 29.181962195962683 1851.641272828905 969.731280509945 box 0
