791.5176798100855 2347.187214771494 795.39794813997 2132.381273323007 -19.50653755620974 2117.6607863271383 -23.38680588609432 2332.4667277756253 box 0
826.2616146022242 1288.494740077706 835.6274901268193 1073.0966713129546 0.27840290723619976 1036.774267795829 -9.087472617358998 1252.1723365605803 box 0
781.0790913811647 2563.1559427163106 786.7081978577025 2350.847542342864 -1.058524536224542 2329.9608381369603 -6.68763101276242 2542.269238510407 box 0
801.8100108888832 1499.4820281406187 809.4358974358976 1297.4871794871794 -10.196710475658836 1266.543690978268 -17.82259702267318 1468.5385396317072 box 0
785.6134397031714 1708.603374063008 791.4871794871796 1510.3076923076924 -10.980094180840684 1486.5377145200548 -16.853833964848686 1684.8333962753707 box 0
784.3600274261498 2135.045565106048 789.0189138028818 1917.810085894047 -22.529951399233376 1900.4054061158756 -27.188837775965332 2117.6408853278767 box 0
833.4314279805524 1073.9365307178791 841.6785260920972 857.0127166693449 2.7440950144426317 825.1177650127117 -5.503003097102191 1042.041579061246 box 0
773.4207207082825 1918.9425458695673 778.6666666666669 1702.6153846153845 -12.92898345449977 1683.4191450985702 -18.17492941288419 1899.746306352753 box 0
829.4243935240095 853.9396743427491 835.8994724848565 631.7068296658457 -1.436359084922632 607.3098255504393 -7.911438045769724 829.5426702273426 box 0
769.9397906325152 2780.633524198325 775.2573295286767 2559.0021293738428 -11.481609060554739 2540.126126222817 -16.799147956716332 2761.7575210472996 box 0
