1751.3167293161755 1116.0659552388822 2267.7840156131983 674.0098176140854 2089.6907216494847 465.93814432989694 1573.2234353524623 907.9942819546937 box 0
2123.5433454567033 1563.8372322920843 2644.3298969072166 1115.4226804123712 2468.2249455363203 910.8952181938582 1947.4383940858067 1359.3097700735714 box 0
1237.1134020618556 1582.4329896907216 1745.6110498264009 1113.6316770553422 1562.0283034461756 914.5038329379227 1053.5306556816306 1383.3051455733023 box 0
1590.721649484536 2027.7938144329898 2110.8542412240995 1573.0261955771982 1934.2939372900237 1371.0884043276474 1414.1613455504598 1825.8560231834385 box 0
1942.2680412371135 2466.969072164949 2483.247327264652 2028.3393146335645 2308.1665987663882 1812.4053843110305 1767.1873127388499 2251.0351418424148 box 0
2294.6062622208897 1799.3796905796298 2819.5876288659792 1341.1958762886597 2639.2015768700626 1134.511761427305 2114.220210224973 1592.6955757182752 box 0
2490.866961124437 2019.8706444599027 3010.3092783505153 1559.7525773195875 2828.021438005836 1353.9618793379286 2308.579120779759 1814.0799464782444 box 0
1938.097602550132 1337.1587712326118 2458.762886597938 892.7422680412371 2280.015548194984 683.3271516942035 1759.3502641471775 1127.743654885578 box 0
1420.618556701031 1805.1134020618556 1929.304013577748 1340.3790782995225 1746.4729079054796 1140.257159678905 1237.787451028762 1604.9914834412373 box 0
1760.1489738604428 2237.687902001369 2291.087957441711 1808.0793626583418 2122.5981339115187 1599.8483629074763 1591.6591503302502 2029.456902250502 box 0
