0.5294117647059359 1276.4705882352941 680.529411764706 1276.4705882352941 680.529411764706 1436.4705882352941 0.5294117647059359 1436.4705882352941 box 0
0.5294117647059359 1441.1764705882354 690.529411764706 1441.1764705882354 690.529411764706 1599.4117647058822 0.5294117647059359 1599.4117647058822 box 0
1.117647058823583 1606.4705882352941 697.0000000000001 1606.4705882352941 697.0000000000001 1757.6470588235295 1.117647058823583 1757.6470588235295 box 0
0.5294117647059359 1763.5294117647059 699.9411764705883 1763.5294117647059 699.9411764705883 1922.3529411764707 0.5294117647059359 1922.3529411764707 box 0
1.117647058823583 1927.0588235294117 707.0000000000001 1927.0588235294117 707.0000000000001 2077.0588235294117 1.117647058823583 2077.0588235294117 box 0
-7.867634411828134 2084.1214264388977 697.9794247058179 2077.0627205559563 699.5146932353576 2230.584455914044 -6.3323658822884 2237.6431617969856 box 0
0.5294117647059359 2240.5882352941176 705.2352941176472 2240.5882352941176 705.2352941176472 2395.294117647059 0.5294117647059359 2395.294117647059 box 0
0.5294117647059359 2401.176470588235 706.4117647058824 2401.176470588235 706.4117647058824 2553.529411764706 0.5294117647059359 2553.529411764706 box 0
1.117647058823583 2560.0 701.7058823529412 2560.0 701.7058823529412 2714.1176470588234 1.117647058823583 2714.1176470588234 box 0
0.5294117647059359 2722.3529411764707 703.4705882352941 2722.3529411764707 703.4705882352941 2872.3529411764707 0.5294117647059359 2872.3529411764707 box 0
