1459.2994827334328 1654.7303107070725 1514.0004442274058 940.3729347605571 884.6634643490866 892.1822964859206 829.9625028551136 1606.539672432436 box 0
2119.727401346229 1713.0259416630793 2170.3162952338375 992.2544609192182 1523.4028526363154 946.8494520136787 1472.8139587487065 1667.6209327575398 box 0
920.2357116984832 857.3639775662978 986.4374878881756 146.85905949328406 352.7272456837189 87.8126791567247 286.52546949402654 798.3175972297385 box 0
4160.784682023792 1034.9450395660047 4185.968867324773 402.0379061363046 3663.99184995863 381.26777220375266 3638.8076646576487 1014.174905633453 box 0
3072.277568056457 965.8664213629406 3116.0068733223616 339.48929457384554 2590.0449684120485 302.7702834312121 2546.3156631461443 929.1474102203073 box 0
4132.152841130119 1818.7072809004846 4179.212473233144 1090.1577600731061 3533.5479057876073 1048.451965014123 3486.48827368458 1777.0014858415013 box 0
3620.8139024161665 1038.0823686797617 3655.138167022824 407.1048152082892 3127.864657508864 378.4219003231778 3093.540392902207 1009.39945379465 box 0
2784.334655292805 1753.8243666854282 2835.7247146647856 1028.7100679005794 2188.2544941822925 982.8227738175013 2136.8644348103116 1707.9370726023503 box 0
3457.090909090909 1802.5974025974026 3507.902030629816 1080.2352866884655 2860.032736431771 1034.664007791314 2809.2216148928637 1757.0261237002505 box 0
776.5714285714287 1603.896103896104 870.097355043838 895.1473049413635 246.02374116800087 812.7950483861471 152.4978146955916 1521.5438473408876 box 0
2532.4155844155844 940.2597402597403 2577.4044529186026 317.1417240999306 2051.8297313686676 279.19544197822023 2006.840862865649 902.3134581380299 box 0
1992.063843254425 919.4147969152868 2040.4107909020308 289.16749743256935 1519.4240820843204 249.20204711333457 1471.0771344367142 879.4493465960521 box 0
2960.9870129870133 2753.246753246753 3044.251761038552 1851.72149117637 2513.095364005402 1802.6639600836083 2429.8306159538643 2704.189222153991 box 0
1462.0352037868029 852.7899860144354 1517.8685185068914 222.09054433250958 995.5289315739155 175.8498968535509 939.6956168538269 806.5493385354767 box 0
3542.805194805195 2794.805194805195 3631.73355493564 1900.528691862715 3091.95904513919 1846.8526064031598 3003.0306850087454 2741.1291093456393 box 0
2146.8580052517195 2491.7717704056186 2181.3063346353865 2009.8829024601218 1277.6859766698556 1945.2866567288252 1243.2376472861886 2427.175524674322 box 0
