381.8181818181818 1236.1818181818182 668.8311688311688 1236.1818181818182 668.8311688311688 2792.025974025974 381.8181818181818 2792.025974025974 box 0
681.8181818181818 1229.6883116883118 976.6233766233767 1229.6883116883118 976.6233766233767 2781.6363636363635 681.8181818181818 2781.6363636363635 box 0
988.3116883116883 1224.4935064935066 1280.5194805194806 1224.4935064935066 1280.5194805194806 2769.948051948052 988.3116883116883 2769.948051948052 box 0
1285.7142857142858 1219.2987012987014 1579.2207792207791 1219.2987012987014 1579.2207792207791 2763.4545454545455 1285.7142857142858 2763.4545454545455 box 0
1588.3116883116884 1219.2987012987014 1888.3116883116882 1219.2987012987014 1888.3116883116882 2764.753246753247 1588.3116883116884 2764.753246753247 box 0
1898.7012987012986 1211.5064935064936 2175.3246753246754 1210.2077922077924 2194.805194805195 2753.064935064935 1897.4025974025974 2763.4545454545455 box 0
2180.611654373005 1214.369682038278 2485.7911999547146 1211.3177848518767 2501.2065274451766 2752.7991491305534 2196.026981863467 2755.851046316955 box 0
2505.194805194805 1203.7142857142858 2805.194805194805 1203.7142857142858 2805.194805194805 2749.1688311688313 2505.194805194805 2749.1688311688313 box 0
2811.688311688312 1197.2207792207794 3106.4935064935066 1197.2207792207794 3106.4935064935066 2749.1688311688313 2811.688311688312 2749.1688311688313 box 0
3114.285714285714 1194.6233766233768 3415.5844155844156 1194.6233766233768 3415.5844155844156 2753.064935064935 3114.285714285714 2753.064935064935 box 0
