2977.8366727013695 3026.7408316014366 3023.210057880758 1826.4265738925985 2771.1894549231424 1816.8998788477818 2725.816069743754 3017.21413655662 box 0
2718.5502357912474 3024.785709795881 2755.8620844810985 1815.291153598149 2500.3810035276 1807.409785809588 2463.069154837749 3016.90434200732 box 0
3245.60940414535 3027.809467938132 3285.455642952342 1833.1485275090906 3032.2659315480096 1824.70374006968 2992.4196927410176 3019.364680498721 box 0
1408.6699363768346 3022.8565690386126 1437.5333638021932 1822.113055846092 1177.6778766572231 1815.866659415977 1148.8144492318645 3016.6101726084976 box 0
1932.0636471345822 3027.6034477726193 1960.115600004736 1824.0225724676236 1699.648006765564 1817.9518340572145 1671.5960538954103 3021.5327093622104 box 0
1138.1112258590615 3022.4120560661986 1167.7887702647986 1820.8563382375444 915.0317196212849 1814.6134245856563 885.354175215548 3016.169142414311 box 0
2461.1433473060324 3014.916342802259 2487.5507805932075 1818.8376814694498 2232.8184828331277 1813.2136147783071 2206.4110495459527 3009.2922761111163 box 0
2197.191049791292 3033.9630599393204 2225.860940602021 1823.9120834191206 1964.9240342846354 1817.7296722994486 1936.2541434739062 3027.7806488196484 box 0
1665.8666712629297 3019.6809859577606 1688.936892257448 1827.7913221279935 1440.0689129961033 1822.9742325480986 1416.998692001585 3014.863896377866 box 0
879.636003899404 3036.4899378112996 904.0288938974246 1836.2731357759085 655.4020133735452 1831.2201085754186 631.0091233755246 3031.4369106108097 box 0
