2916.6079731175673 3027.3872795896773 2916.105729604195 1545.9413241906282 2604.0426769068467 1546.0471205873241 2604.544920420219 3027.4930759863732 box 0
2598.970622558747 3025.5559769390334 2596.6153846153848 1548.7692307692307 2295.5106075180984 1549.2494445833015 2297.8658454614606 3026.036190753104 box 0
3824.820512820513 3035.948717948718 3825.6558192731204 1539.0254399989788 3520.5914195076743 1538.8552093229393 3519.7561130550666 3035.778487272678 box 0
1404.9279546427224 3053.4880026122037 1403.016119061551 1542.5930368578302 1079.4471387778035 1543.002470143063 1081.3589743589746 3053.8974358974365 box 0
2303.5940737934684 3035.887535325205 2303.9635512713317 1553.438012238517 2004.8918919352914 1553.3634732807514 2004.522414457428 3035.812996367439 box 0
3518.718718081027 3024.8594203062066 3519.0985679055593 1528.8917168374146 3217.9576109595 1528.8152523927674 3217.5777611349677 3024.7829558615595 box 0
1707.0709112097416 3046.021832020085 1706.187810593103 1550.2816620282242 1395.7322839987464 1550.4649582132663 1396.6153846153848 3046.205128205128 box 0
2007.6991175332826 3036.965444386856 2001.9975631044867 1560.4402237728434 1704.3076923076924 1561.5897435897436 1710.0092467364884 3038.1149642037567 box 0
1088.5530471385312 3021.7845819267595 1084.556820220672 1572.6631408750493 786.8425342976263 1573.4841444221174 790.8387612154852 3022.605585473828 box 0
3221.5992341829797 3023.2033573374283 3219.6923076923076 1533.3846153846152 2918.4505834673564 1533.7701964005091 2920.3575099580285 3023.588938353322 box 0
