862.9706408251873 2533.5609624063077 1459.2217590979026 1492.7730557021077 1275.0675618420491 1387.2739954794342 678.8164435693338 2428.061902183634 box 0
676.3327632367348 2426.4747369106813 1274.630657904176 1375.7031762498432 1087.6928265154625 1269.2628088656857 489.3949318480213 2320.0343695265237 box 0
1056.3323556083574 2633.3690894510405 1645.8116322701517 1598.6039831126532 1462.976677213298 1494.4475746724943 873.4974005515038 2529.2126810108816 box 0
1254.6427408962595 2733.070936874357 1838.7517580430035 1695.2110998077774 1652.0768750400198 1590.1502057037683 1067.9678578932758 2628.010042770348 box 0
2278.895515804871 3142.2457379007096 2803.809991184212 2227.5505443218194 2611.6259060090933 2117.2622111654523 2086.7114306297526 3031.9574047443425 box 0
2050.918916099811 3099.6554407066064 2609.329686654939 2109.943559106445 2418.204538947796 2002.1077909523294 1859.7937683926687 2991.8196725524904 box 0
1457.3249978840227 2830.1001336170534 2037.8636503126672 1785.9550244999587 1845.3747213542583 1678.9322913097042 1264.8360689256137 2723.077400426799 box 0
1838.190432725276 3035.3120457553687 2416.734381435089 2001.2820510890826 2224.9751968523606 1893.9920146084005 1646.4312481425477 2928.0220092746868 box 0
1645.946371689839 2935.060606035485 2229.8470263736463 1888.0272827953804 2040.9298055257373 1782.6735309274052 1457.02915084193 2829.70685416751 box 0
500.807739695204 2284.6603076209512 1087.1449407724012 1255.0781939458789 899.8859090245835 1148.435960079244 313.5487079473863 2178.0180737543164 box 0
