2657.2586907286313 3036.4516254624036 2658.153846153846 2248.769230769231 2441.145396903886 2248.5226132340767 2440.2502414786713 3036.2050079272485 box 0
2458.153846153846 848.7692307692307 2462.478238275895 -21.652491681215622 2248.6037354735945 -22.7150538751157 2244.2793433515467 847.7066685753307 box 0
2428.2773657698835 3065.5521305305383 2424.8205128205127 2246.2051282051284 2226.337170529303 2247.0425361961907 2229.794023478674 3066.3895385216006 box 0
2868.5515860151686 3024.5920795486686 2870.974358974359 2253.897435897436 2663.4592738745187 2253.2450868238498 2661.0365009153284 3023.9397304750823 box 0
3536.3809606740324 882.348288441472 3538.960368431429 1.5432169063682295 3332.6897638132723 0.9391604415845906 3330.110356055876 881.7442319766884 box 0
1592.2051829933205 851.674412348965 1812.0 848.7692307692307 1800.6914152916493 -6.794608653070808 1580.8965982849697 -3.889427073336458 box 0
1349.7375385219889 3040.3420382754407 1355.5897435897436 2228.25641025641 1154.1550156363887 2226.8047932161894 1148.3028105686342 3038.89042123522 box 0
2891.130139284985 867.5311950308333 2891.487179487179 0.051282051282001355 2685.2090618056823 -0.03361856686862286 2684.8520216034885 867.4462944126826 box 0
2678.6666666666665 851.3333333333333 2677.6164621850335 5.858055717096758 2466.703336453852 6.12004079902914 2467.753540935485 851.5953184152658 box 0
3105.1512658287634 3054.084653987127 3106.4692078605635 2252.5506592762927 2872.4414511512173 2252.1658533676095 2871.123509119417 3053.699848078443 box 0
3319.0780130399917 879.2564916125637 3328.9421668978093 -10.930299289590153 3125.620999716356 -13.183299779067626 3115.7568458585383 877.0034911230862 box 0
2253.025641025641 861.5897435897434 2252.709470864299 -19.88268157067211 2034.5064522711077 -19.804415612912408 2034.8226224324494 861.6680095475033 box 0
1546.5042708140284 3060.3866053522247 1547.897435897436 2220.564102564102 1362.0378915986062 2220.255783810228 1360.6447265151985 3060.078286598351 box 0
1785.4843432492264 3026.8567169852586 2006.830862219426 3026.1522294824886 2004.3076923076924 2233.3846153846152 1782.9611733374927 2234.0891028873853 box 0
2229.190815541345 3018.255992070252 2224.8205128205127 2246.2051282051284 2011.1297104741602 2247.4147551074743 2015.5000131949923 3019.465618972599 box 0
3110.2085860369593 857.1621744058548 3106.509340165747 -3.404052446757346 2899.1794871794873 -2.5128205128205607 2902.8787330507002 858.0534063397918 box 0
2035.0769230769229 853.8974358974359 2029.5382255280845 -10.090567286215963 1818.949546785586 -8.740563588865712 1824.4882443344245 855.2474395947859 box 0
1781.230769230769 3035.948717948718 1779.888535315301 2227.603982796807 1555.4085796300578 2227.9767255101087 1556.7508135455264 3036.32146066202 box 0
1583.951949817221 848.7748290867269 1581.0659200533894 18.30054480392846 1377.7098013577058 19.0072395473062 1380.5958311215375 849.4815238301047 box 0
3321.9124837962627 3031.3368237493974 3304.205791051204 2249.1908419976457 3094.7069162281514 2253.93360395446 3112.41360897321 3036.0795857062117 box 0
