3207.622892031252 2974.2239874634497 3209.441387605562 2472.2667394730606 2713.517407956541 2470.4701012816677 2711.698912382231 2972.4273492720567 box 0
3096.112561024762 898.9258415596967 3099.18620536294 398.38025212232503 2606.5708847149845 395.3553042990681 2603.497240376806 895.9008937364395 box 0
3617.3269087301574 875.2905169736426 3619.971766993021 369.65760721129004 3116.409829856268 367.02358176598113 3113.7649715934044 872.6564915283338 box 0
3127.618631232932 1425.087055944637 3129.6175575420248 920.529837815255 2635.9273846972437 918.5739639528239 2633.928458388151 1423.1311820822061 box 0
3722.400554691639 2945.472914621192 3719.0869277831666 2448.389379442554 3219.0048179279897 2451.7229952603993 3222.3184448364623 2948.8065304390375 box 0
3666.8597720018747 1910.7126875741142 3663.466595124985 1412.5619040472072 3168.6435925611136 1415.9324135916575 3172.0367694380034 1914.0831971185642 box 0
3172.2785223731366 2449.9070644623835 3170.1440166936495 1955.37584940612 2673.1316338768634 1957.521064352313 2675.2661395563505 2452.0522794085764 box 0
3693.542807884728 2430.6862345856175 3688.069829709725 1922.2399348979059 3193.671253089393 1927.5617016631618 3199.144231264396 2436.0080013508737 box 0
3150.225594512765 1935.6274547340777 3144.672901741314 1439.5986623771994 2641.132938202079 1445.235437416801 2646.68563097353 1941.2642297736797 box 0
3660.0620931972603 1389.5262683983774 3656.2398696740806 891.5603071381934 3157.581916202154 895.3878421668082 3161.4041397253336 1393.3538034269923 box 0
