214.1313193463609 1188.345487113862 1390.3653846153845 1150.0 1384.4091410730766 967.2943654438957 208.1750758040531 1005.6398525577575 box 0
1419.4491599170042 960.9750604622179 1413.4423076923076 777.8846153846152 222.0843513947338 816.9708232266618 228.0912036194303 1000.0612683042642 box 0
212.05953593505654 1378.6596584860304 1388.4423076923076 1337.5 1381.9107889089912 1150.822888169487 205.52801715174007 1191.9825466555171 box 0
226.11567150390175 1765.290405183482 1401.9038461538462 1724.0384615384617 1395.2666531261118 1534.861118962 219.47847847616754 1576.1130626070205 box 0
248.8539944442712 2522.3937237161094 1434.5961538461538 2495.1923076923076 1430.204745436731 2303.765578817297 244.4625860348483 2330.9669948410983 box 0
229.48351865494934 1952.757893422773 1402.8653846153845 1917.307692307692 1397.1183902248017 1727.085386380709 223.73652426436672 1762.5355874957897 box 0
226.52214839384803 1577.787813371601 1399.9807692307693 1529.8076923076924 1392.333442529409 1342.775620585438 218.8748216924879 1390.7557416493466 box 0
234.36377795972678 2147.796332796777 1424.0192307692307 2113.4615384615386 1418.441028737519 1920.184176753617 228.78557592801496 1954.5189710888556 box 0
280.2486098132885 2709.45834935024 1464.403846153846 2683.653846153846 1460.3780237206206 2498.9109476528038 276.222787380063 2524.715450849198 box 0
247.400828512649 2333.0138876297933 1425.9423076923076 2301.9230769230767 1421.0874651031625 2117.8933512215467 242.54598592350408 2148.984161928264 box 0
