768.25 0.9615384615384615 994.2115384615385 1.923076923076923 1026.9038461538462 1055.7692307692307 808.6346153846154 1055.7692307692307 box 0
1004.7884615384615 0.9615384615384615 1233.6346153846155 0.9615384615384615 1258.6346153846155 1045.1923076923076 1042.2884615384617 1055.7692307692307 box 0
1243.25 2.8846153846153846 1466.326923076923 2.8846153846153846 1497.0961538461538 1038.4615384615383 1274.0192307692307 1046.1538461538462 box 0
1476.9038461538462 1.923076923076923 1704.7884615384614 1.923076923076923 1730.75 1036.5384615384614 1513.4423076923076 1045.1923076923076 box 0
1712.4807692307693 0.0 1938.4423076923076 3.846153846153846 1973.0576923076924 1028.8461538461538 1752.8653846153845 1038.4615384615383 box 0
1949.0192307692307 3.846153846153846 2174.0192307692305 1.923076923076923 2205.7499999999995 1025.0 1989.4038461538462 1027.8846153846152 box 0
2185.557692307692 2.8846153846153846 2408.6346153846152 3.846153846153846 2440.3653846153843 1021.1538461538461 2225.9423076923076 1025.0 box 0
2418.2499999999995 2.8846153846153846 2644.211538461538 3.846153846153846 2676.9038461538457 1019.230769230769 2463.4423076923076 1018.2692307692307 box 0
2657.6730769230767 0.9615384615384615 2884.5961538461534 6.730769230769231 2914.4038461538457 1014.4230769230768 2701.9038461538457 1010.5769230769231 box 0
2895.1730769230767 6.730769230769231 3118.2499999999995 1.923076923076923 3146.1346153846152 1006.7307692307693 2929.7884615384614 1015.3846153846154 box 0
