-8.991047689215652 833.8105031934023 695.8333333333334 793.0 680.8682910789165 534.5438228252253 -23.95608994363255 575.3543260186277 box 0
2.4648481062110363 2958.1667383713298 861.0930656113576 2893.442111657608 841.3948641130273 2632.128412385506 -17.233353392119227 2696.8530390992278 box 0
-2.850663027073478 1104.6827553637927 700.0 1059.6666666666667 683.2326391222284 797.872471496875 -19.61802390484513 842.888560194001 box 0
-6.41516635401106 1637.3550369362542 734.7222222222223 1586.0555555555557 716.8209577946017 1327.4311793822098 -24.316430781631595 1378.7306607629082 box 0
9.933277473697679 2165.242158442188 788.8888888888889 2112.4444444444443 770.8367627175498 1846.1108494001498 -8.118848697641397 1898.9085633978939 box 0
-13.747734642599482 2430.1176856220104 818.0555555555555 2368.0 798.9904197372348 2112.7032589357354 -32.81287046092018 2174.8209445577463 box 0
-7.772406256816879 1381.9561768129208 720.8333333333334 1331.8888888888891 702.1806513509246 1060.4451635616078 -26.42508823922566 1110.5124514856398 box 0
-20.428136930057452 1900.3208878432092 759.7222222222223 1847.166666666667 742.0612602250669 1587.9547820772275 -38.08909892721278 1641.1090032537702 box 0
-1.3696137295858648 581.2743751162552 677.5606641715076 539.3451519445587 660.8856322156089 269.3381443387008 -18.04464568548468 311.2673675103973 box 0
8.098626311600185 2680.803229455351 837.9767939013979 2618.792401250432 819.4444444444445 2370.777777777778 -10.43372314535328 2432.7886059826965 box 0
