735.6176201295115 2462.324203514102 1213.0885372741036 1349.1640481155184 960.5387359190726 1240.8371513137783 483.06781877448054 2353.997306712362 box 0
1525.687124955296 2791.9869176436423 1999.0401024632056 1685.4228418956802 1746.2282513264422 1577.277958912754 1272.8752738185326 2683.8420346607163 box 0
2061.2284478733764 3012.267414083449 2522.6446852207546 1908.8555564866517 2270.676383059241 1803.489400491746 1809.2601457118628 2906.901258088543 box 0
1268.328819253529 2681.3074141607267 1735.2234259010372 1579.8212868513683 1482.6241626953235 1472.7502755060214 1015.7295560478154 2574.23640281538 box 0
483.881738339589 2332.9222757206453 948.3542961447388 1232.1850456413554 700.0027234447737 1127.3893804683194 235.53016563962396 2228.1266105476093 box 0
2328.939208197554 3102.3503816051284 2787.134719152539 2032.0779012185862 2530.573755669633 1922.241309221288 2072.3782447146477 2992.51378960783 box 0
1792.8982558061577 2899.0738256678487 2260.994227870067 1795.809237863981 2015.425220603754 1691.6185800328346 1547.329248539845 2794.8831678367023 box 0
1006.4417673726674 2572.9497466812545 1471.1344287509023 1468.3130555691118 1216.32648442787 1361.121810935933 751.6338230496349 2465.7585020480756 box 0
218.53483403709058 2228.4399714688625 683.8688347501738 1101.4640859709825 438.90466696236 1000.3171513338715 -26.42933375072326 2127.2930368317516 box 0
2621.7034885972835 3126.5296208756977 3048.124706258537 2160.49455956708 2795.8561847120427 2049.139750157017 2369.434967050789 3015.1748114656343 box 0
