3220.9152925564313 1834.1530168865945 3730.929717000132 727.314146356715 3499.781330673549 620.8045049334738 2989.7669062298482 1727.6433754633536 box 0
2265.555739055163 1386.4825143672056 2761.7051211298003 301.4766862788382 2533.047068562024 196.9163709782532 2036.8976864873866 1281.9221990666206 box 0
2748.4114653027077 1611.6226051216654 3250.788659880867 505.4726419901108 3017.5483918750265 399.5425281638571 2515.1711972968674 1505.6924912954119 box 0
2022.8440482981432 1279.0468653307043 2518.8375939284315 189.30084745419515 2287.7671722523937 84.13006833933957 1791.7736266221054 1173.8760862158488 box 0
1775.4246156667004 1183.5621972040099 2269.1331545448893 97.56990073179975 2042.4149213816395 -5.499640365020582 1548.7063825034506 1080.4926561071893 box 0
2984.5355459212965 1724.6609308146667 3486.622888959618 617.8528135400566 3255.7936212539967 513.1404863453672 2753.706278215675 1619.9486036199773 box 0
2511.281750910648 1490.1992232567181 3006.84234407455 391.33051775185425 2774.3463397570767 286.4809963935503 2278.7857465931747 1385.3497018984144 box 0
3461.681409970696 1951.41316652744 3967.0092317070694 848.466142663423 3735.56043420655 742.4252230599624 3230.2326124701767 1845.3722469239794 box 0
1538.9267539500559 1085.008181420643 2021.653217640133 11.24994277204928 1789.8604874134696 -92.956461373646 1307.1340237233924 980.8017772749478 box 0
1297.535826659057 981.9399684823543 1719.0032382214526 47.02264065116583 1487.3888048411873 -57.39080084929765 1065.9213932787916 877.5265269818908 box 0
