2391.5982353366 634.6817334576524 2615.5362598226266 623.9134094445624 2585.15603407258 -7.87364763459332 2361.2180095865533 2.894676378496664 box 0
1268.7198166341805 677.0121244974783 1486.0437780466555 664.4571430063135 1447.7800906686757 2.1211511067698297 1230.4561292562007 14.676132597934625 box 0
2168.8668512154986 635.9385166396657 2390.3262478641814 624.4492700141532 2357.6499967764444 -5.397323631242939 2136.1906001277616 6.091922994269721 box 0
598.1625076484952 734.4465367081468 811.5979839047836 722.3553564833398 770.2868846702304 -6.874873805314773 556.851408413942 5.2163064194922795 box 0
1044.3213467480905 692.0874923525492 1265.3507091275746 678.4318944714745 1223.0628653643362 -6.0386958895366485 1002.033502984852 7.616901991538208 box 0
1492.297651904863 663.9462423335659 1716.3219775490238 650.7632473176724 1677.574792247969 -7.6844003688442735 1453.5504666038082 5.498594647049197 box 0
820.2528709944077 702.2045113212685 1036.8481220380272 688.9418756962791 994.1776767198257 -7.919297087870002 777.5824256762062 5.343338537119331 box 0
1943.4746428265748 645.3333972915694 2168.849641699387 633.3061313344475 2134.7861291155637 -4.998878096012811 1909.4111302427511 7.028387861109048 box 0
1717.8670615954077 657.0760037271356 1938.2541778242642 645.4056824567132 1903.6109031873073 -8.81207359713073 1683.2237869584508 2.858247673291654 box 0
2618.999694153143 627.3103070133267 2835.9141533438765 617.1524124178005 2806.8065665280087 -4.41895683937648 2589.8921073372753 5.738937756149627 box 0
