701.74358974359 2974.4102564102564 701.4472482780519 2719.7530004958617 20.009945728131097 2720.545980566996 20.306287193669217 2975.2032364813913 box 0
0.0398194485948693 2188.0858521316036 695.2025498850496 2178.981031048927 691.9402531450942 1929.9012206223028 -3.222477291360576 1939.0060417049792 box 0
635.7130164895198 609.3070388202667 635.6525016333337 319.2076512873746 -2.9399797234675376 319.34086195182795 -2.879464867281534 609.4402494847201 box 0
633.0235229192555 874.1589721510904 632.8595079306855 611.0080179007105 -62.520818122831244 611.4414299571265 -62.35680313426117 874.5923842075066 box 0
17.688937418163164 2455.416209771289 710.859745479311 2445.8312624837554 707.2550347879526 2185.1433162907224 14.084226726804786 2194.728263578256 box 0
-14.821310997021566 1399.504680845262 655.5897435897438 1389.6666666666667 651.8963839093135 1137.982829524764 -18.514670677451704 1147.8208437033597 box 0
0.6643511280287192 1929.0318292735985 673.5384615384615 1918.0 669.4031675758282 1665.7723614657723 -3.4709428346046707 1676.804190739371 box 0
-13.852490048153697 1674.0620529819462 665.6690559809624 1661.177945243623 660.7179487179488 1400.051282051282 -18.803597311167252 1412.935389789605 box 0
713.5188532777634 2714.671783159155 712.8585690189793 2461.520563718389 -30.632802862724454 2463.459782697779 -29.97251860394035 2716.611002138545 box 0
635.0769230769232 1133.3846153846155 634.7607127840009 866.1470824105158 -28.44905833276195 866.9318290501808 -28.1328480398396 1134.1693620242804 box 0
