3898.298516066818 3013.098874988 3898.696488430419 2714.516148773484 2365.6757501413786 2712.47282934104 2365.277777777778 3011.0555555555557 box 0
3892.1556335838736 2696.893552406034 3892.1048271703107 2412.337496825049 2362.4491935864376 2412.6106110856817 2362.5 2697.1666666666665 box 0
3889.8674669491506 2412.1989778919765 3890.3686778218866 2108.5183700454077 2356.0567664282917 2105.986058820098 2355.5555555555557 2409.6666666666665 box 0
3887.9631523087514 2107.6762101663167 3886.535327413059 1793.933847125856 2360.645605473231 1800.8780905233812 2362.0734303689237 2114.6204535638417 box 0
2338.3848941797323 1497.3193564428 3879.166666666667 1483.277777777778 3876.505530401855 1191.2714194656032 2335.72375791492 1205.312998130625 box 0
2318.7919713485153 582.8541517716493 3863.888888888889 561.0555555555555 3859.7777887884613 269.6584385163726 2314.680871248088 291.45703473246624 box 0
2333.183217848325 281.62163769192415 3866.6496388529 263.7365018109202 3863.470005570864 -8.884343876311403 2330.003584566289 9.000792004692597 box 0
2326.0846348985715 1191.6189370955458 3878.394298670876 1184.0602187994305 3876.958569769261 889.2091923125489 2324.6489059969563 896.7679106086646 box 0
2349.6860400289283 1792.5491306539727 3884.722222222222 1786.0555555555557 3883.489454679945 1494.6378460583621 2348.4532724866513 1501.1314211567787 box 0
3872.222222222222 884.6666666666667 3871.049079729457 584.1094981466849 2321.644848164328 590.1571727087988 2322.817990657093 890.7143412287807 box 0
