2187.7659574468084 690.8723404255319 2573.936170212766 614.2765957446809 2641.4893617021276 1002.0425531914892 2246.808510638298 1081.2978723404256 box 0
2582.978723404255 613.7446808510639 2973.936170212766 552.5744680851064 3042.5531914893613 940.8723404255318 2650.0 999.9148936170212 box 0
2661.1702127659573 1007.8936170212764 3053.1914893617018 945.659574468085 3114.8936170212764 1333.9574468085107 2723.404255319149 1392.468085106383 box 0
2248.936170212766 1081.2978723404256 2644.1489361702124 1009.4893617021277 2707.978723404255 1396.191489361702 2309.574468085106 1469.063829787234 box 0
2314.3617021276596 1477.0425531914893 2711.702127659574 1404.7021276595744 2771.808510638298 1792.4680851063831 2382.978723404255 1862.6808510638298 box 0
2726.0638297872338 1406.2978723404256 3123.936170212766 1336.6170212765958 3180.31914893617 1725.4468085106384 2794.1489361702124 1792.9999999999998 box 0
2379.255319148936 1869.0638297872342 2779.255319148936 1801.5106382978722 2841.4893617021276 2183.9574468085107 2449.4680851063827 2254.702127659574 box 0
2454.255319148936 2254.702127659574 2851.0638297872338 2191.404255319149 2918.0851063829787 2588.7446808510635 2528.723404255319 2643.0 box 0
2861.1702127659573 2196.191489361702 3253.1914893617018 2118.531914893617 3317.0212765957444 2505.2340425531916 2931.382978723404 2578.106382978723 box 0
2790.9574468085107 1802.0425531914896 3189.3617021276596 1731.2978723404256 3250.531914893617 2114.808510638298 2855.851063829787 2186.0851063829787 box 0
