2001.5873015873017 2582.5396825396824 2649.0161935398564 2544.3485336464423 2605.9146018608517 1813.6762037792287 1958.4857099082972 1851.8673526724688 box 0
2652.912754120082 2231.1120635417074 3295.184723982875 2195.6358013685976 3255.429631408884 1475.8987136511391 2613.157661546091 1511.3749758242486 box 0
1277.262155615394 1545.6005050267256 1374.0738141778543 854.1567233721478 749.2063492063492 766.6666666666666 652.3946906438892 1458.1104483212446 box 0
3762.5003310312486 2014.373309780402 4170.005986069239 1663.9188556518568 3598.5515066961307 999.4361270176938 3191.0458516581407 1349.890581146239 box 0
1300.0 2553.968253968254 1943.563324312822 2542.3278031605987 1930.2899689539893 1808.4864046901766 1286.7266446411672 1820.1268554978317 box 0
2591.2357705676827 1656.4349646753215 2652.582946198852 948.3315985081692 2016.0329313671314 893.1835121923543 1954.6857557359615 1601.2868783595065 box 0
1944.214762840799 1590.643227436841 2013.648353503673 884.6313099555719 1380.8373442042082 822.3967505965579 1311.4037535413343 1528.4086680778273 box 0
2153.663146592343 671.3713075505526 2194.982250460237 52.955215037488074 1681.309882256698 18.634500889156243 1639.9907783888036 637.0505934022209 box 0
3715.84687601096 938.7437546988593 3756.5375066166166 331.64632414656865 3230.5380559348405 296.3912756661308 3189.8474253291843 903.4887062184215 box 0
3178.082191780822 1025.7260273972604 3218.328605357647 413.223351005214 2707.7697226944847 379.67547482608785 2667.5233091176588 992.1781512181342 box 0
1630.7000162232098 680.0475764226474 1662.5253273925944 73.17526204914037 1154.29599236216 46.52293939466182 1122.4706811927756 653.3952537681687 box 0
2673.972602739726 661.3424657534247 2710.6394831363154 56.32875344513721 2202.9219135398225 25.558509695429052 2166.2550331432326 630.5722220037164 box 0
1111.6038085615196 722.9647644568569 1131.9976950935543 108.17160869604652 621.4433454835853 91.23552641078197 601.0494589515506 706.0286821715923 box 0
