854.0864089287753 3044.108500334715 1023.2755726285327 3040.015314548869 999.6937805853848 2065.277327302004 830.5046168856273 2069.370513087849 box 0
1550.5805806110359 3040.203294752119 1723.1115786694015 3036.2544733883547 1700.4583308269523 2046.4939601917288 1527.9273327685867 2050.442781555493 box 0
1206.1171775664252 3053.2483441685617 1362.3138288487594 3050.3664717429297 1344.1141594086725 2063.9496561671313 1187.9175081263384 2066.831528592763 box 0
1372.6897740705099 3043.797273426568 1540.0187304216201 3040.4889314242905 1520.148719658128 2035.5057218737245 1352.8197633070176 2038.8140638760024 box 0
514.0103762463004 3053.243704341267 673.5516560241924 3049.337800490302 649.6413756534187 2072.6940130964776 490.10009587552673 2076.5999169474417 box 0
680.6343241332486 3031.7332179946275 850.9425370189617 3027.2464915462883 825.1590854050205 2048.552199180665 654.8508725193074 2053.038925629004 box 0
164.84717342635457 3054.8025466860836 331.88052756043686 3050.38149226695 306.1296150944584 2077.4775482235846 139.09626096037613 2081.8986026427183 box 0
340.04780313475123 3043.70649218038 505.46873913546744 3039.905112294606 483.1906436731101 2070.4509892038977 317.7697076723939 2074.2523690896705 box 0
1029.8412263010662 3047.9667796164767 1188.0237784549142 3045.3768901578205 1171.917012682088 2061.62474260032 1013.7344605282398 2064.2146320589763 box 0
159.35920281693183 3070.029171874801 156.79415210490117 2084.189138616572 -4.456589200942137 2084.608695862016 -1.8915384889115041 3070.448729120244 box 0
