1491.4245620107918 2422.0900293294158 2044.4777815387972 2023.2216686444021 1782.4845624222683 1659.9534638711305 1229.4313428942628 2058.8218245561447 box 0
934.9885057471265 2823.459770114943 1484.7034944573252 2429.466725539033 1219.6644576846718 2059.673570271364 669.9494689744732 2453.666614847273 box 0
666.0229885057472 2445.298850574713 1212.4683026979772 2046.0517976478036 943.4311117896114 1677.8233755779454 396.9857975973813 2077.0704285048546 box 0
1232.607597976118 2042.0728169590648 1774.0073241041532 1640.9844283494415 1502.4212706517937 1274.3903829097194 961.0215445237588 1675.4787715193424 box 0
1768.896551724138 2797.5977011494256 2310.0399542593277 2390.7790662354378 2037.4021443381673 2028.120772198165 1496.258741802978 2434.9394071121533 box 0
393.6091954022989 2067.137931034483 918.1202886862476 1686.2481585292724 651.2615722338279 1318.7655763685893 126.75047894987934 1699.655348873799 box 0
114.29885057471272 1688.977011494253 658.9016497160402 1282.894167363725 395.84894026216364 930.1108770550032 -148.75385887916377 1336.193721185531 box 0
1203.9765505912865 3198.375976410226 1753.24765658706 2800.4553391504996 1492.8803013980728 2441.0563742345275 943.609195402299 2838.977011494253 box 0
683.5676113266013 1281.2474820244586 1223.8401033663706 893.0049438585013 962.0000000000001 528.632183908046 421.7275079602307 916.8747220740031 box 0
934.7745836745069 1663.5870305126996 1497.0748936678826 1265.4728836344796 1240.3922640163644 902.9318301332742 678.0919540229886 1301.0459770114944 box 0
