1879.8571428571427 239.99999999999997 3407.714285714286 239.99999999999997 3407.714285714286 1.4210854715202004e-14 1879.8571428571427 1.4210854715202004e-14 box 0
1879.8571428571427 255.71428571428572 3424.142857142857 255.71428571428572 3424.142857142857 545.7142857142858 1879.8571428571427 545.7142857142858 box 0
1876.9999999999998 571.4285714285713 3419.8571428571427 571.4285714285713 3419.8571428571427 858.5714285714284 1876.9999999999998 858.5714285714284 box 0
1886.9999999999998 874.2857142857142 3424.142857142857 874.2857142857142 3424.142857142857 1165.7142857142856 1886.9999999999998 1165.7142857142856 box 0
1898.4285714285713 1182.8571428571427 3434.142857142857 1182.8571428571427 3434.142857142857 1458.5714285714284 1898.4285714285713 1458.5714285714284 box 0
1904.1428571428569 1478.5714285714284 3432.714285714286 1478.5714285714284 3432.714285714286 1764.2857142857144 1904.1428571428569 1764.2857142857144 box 0
1902.7142857142856 1781.4285714285713 3445.5714285714284 1781.4285714285713 3445.5714285714284 2072.8571428571427 1902.7142857142856 2072.8571428571427 box 0
1902.7142857142856 2081.428571428571 3438.4285714285716 2081.428571428571 3438.4285714285716 2375.7142857142853 1902.7142857142856 2375.7142857142853 box 0
1908.4285714285713 2387.142857142857 3445.5714285714284 2387.142857142857 3445.5714285714284 2678.5714285714284 1908.4285714285713 2678.5714285714284 box 0
1916.9999999999998 2697.142857142857 3454.142857142857 2697.142857142857 3454.142857142857 2992.8571428571427 1916.9999999999998 2992.8571428571427 box 0
