872.0414450747109 1686.68161297826 1269.8457474453776 1657.09222325088 1226.7307751553917 1077.447910489757 828.926472784725 1107.0373002171375 box 0
475.55721648230275 1705.7962418597306 864.3067047701522 1681.654611391474 828.2518865297823 1101.0686331707868 439.5023982419328 1125.2102636390434 box 0
894.8336165053689 2266.6592442813394 1283.1158944378667 2239.1313844900274 1243.035732402102 1673.7980555233485 854.7534544696042 1701.32591531466 box 0
859.5245527623285 1099.8701311560078 1238.7394245824132 1070.8958604507136 1194.8744344355473 496.791449501951 815.6595626154627 525.7657202072454 box 0
491.6566459365192 2284.5203948598123 890.5160584394846 2259.283561190619 854.6391331009563 1692.2611862559097 455.77972059799094 1717.4980199251033 box 0
533.2799677234316 2857.6076000716357 936.5297970508161 2824.8985134023487 891.4622939724302 2269.289513728413 488.2124646450456 2301.9986003977 box 0
456.72720381680307 1113.8074527196136 845.6484648694607 1086.998408329514 806.4328509622496 518.0939076014313 417.51158990959203 544.9029519915309 box 0
410.48824066813484 527.4128677314565 807.920462337414 506.422220793734 781.2875440150927 2.1604927116587866 383.85532234581353 23.151139649381197 box 0
942.2742973932743 2847.088016944089 1338.4250937274244 2807.48465274933 1282.1145667424678 2244.2128055046414 885.9637704083177 2283.8161696994002 box 0
825.8738742302598 508.9482092315552 1201.4470980273006 484.78816626297385 1170.108811621791 -2.372443049609444 794.5355878247501 21.787599918971864 box 0
