857.1428571428571 2782.935064935065 1042.857142857143 2538.779220779221 1.2987012987012987 1754.3636363636365 2.5974025974025974 2133.5844155844156 box 0
1.2987012987012987 1379.0389610389611 1224.6753246753246 2297.220779220779 1050.6493506493507 2536.1818181818185 2.5974025974025974 1751.7662337662339 box 0
168.83116883116884 1119.2987012987014 1.2987012987012987 1379.0389610389611 1225.9740259740258 2288.12987012987 1400.0 2058.2597402597403 box 0
338.961038961039 875.1428571428573 176.62337662337663 1116.7012987012988 1407.7922077922078 2045.2727272727275 1580.5194805194806 1802.4155844155846 box 0
514.2857142857142 634.883116883117 345.45454545454544 876.4415584415586 1583.1168831168832 1799.8181818181818 1758.4415584415583 1551.7662337662339 box 0
693.5064935064935 382.93506493506504 515.5844155844155 634.883116883117 1768.8311688311687 1547.8701298701299 1938.9610389610389 1295.922077922078 box 0
871.4285714285714 147.87012987013003 702.5974025974026 381.63636363636385 1950.6493506493507 1295.922077922078 2118.181818181818 1051.7662337662339 box 0
2300.0 814.1038961038962 2129.87012987013 1049.1688311688313 876.6233766233767 142.67532467532484 1177.922077922078 1.1168831168832822 box 0
1718.1818181818182 1.1168831168832822 2479.220779220779 562.1558441558443 2301.2987012987014 811.5064935064935 1183.1168831168832 1.1168831168832822 box 0
1727.2727272727273 2.415584415584581 2480.5194805194806 562.1558441558443 2667.5324675324673 303.7142857142859 2248.0 0.0 box 0
