1561.9254395426492 616.4796683539246 1585.4258704875579 13.333664165869436 1079.4449409469935 -6.380915407804366 1055.9445100020846 596.7650887802506 box 0
2093.151094086225 594.1693656189511 2111.518731019918 4.485091001609874 1596.898022811358 -11.544446725283933 1578.5303858776656 578.1398278920574 box 0
1703.1730221578173 1666.9017601675841 1766.4478470592333 962.5441017693943 1133.8790488413288 905.7183123879578 1070.6042239399121 1610.0759707861475 box 0
1046.076923076923 1614.3653846153848 1106.7386256480909 902.830439592282 483.6894120955777 849.7125620458808 423.02770952441 1561.2475070689834 box 0
3069.287809756354 1689.1262887239955 3111.16593507843 973.6515035038525 2458.1473560913073 935.4290609337031 2416.269230769231 1650.9038461538462 box 0
2612.1999460517654 628.8668765308258 2645.4235917728984 21.44373397741083 2129.1451879204023 -6.794654686812862 2095.9215421992694 600.6284878666022 box 0
2381.013171972953 1675.0836675111934 2429.8550208367506 960.3126901153905 1780.4956950176443 915.9405610657357 1731.6538461538462 1630.7115384615386 box 0
3758.8089001108115 1696.2819574996138 3779.450752441859 987.6884608240116 3131.273024268977 968.8065644871275 3110.6311719379287 1677.4000611627298 box 0
2679.59191935511 2633.119105165899 2743.7200977664816 1733.689151904107 2204.249861146036 1695.2256301410603 2140.1216827346643 2594.655583402853 box 0
1037.423076923077 593.2115384615385 1067.8216796590261 13.659070784960928 562.4641181491072 -12.847871396710275 532.0655154131582 566.7045962798672 box 0
3140.3988438840215 681.3461701336031 3164.282394211526 51.70545337910983 2645.4932450207266 32.02672799754737 2621.6096946932216 661.6674447520405 box 0
3663.260500257422 764.6157097497332 3691.167050475981 132.5948552249758 3170.755766668097 109.61636721794628 3142.849216449538 741.6372217427038 box 0
3259.367257283136 2732.256140214322 3347.100879252143 1838.6179398033391 2792.827502496574 1784.201722052806 2705.093880527567 2677.839922463789 box 0
508.2494009895606 703.3818230618929 545.0638345930228 21.186374646774595 -5.570641429342409 -8.52841809245723 -42.38507503280464 673.667030322661 box 0
1864.3461538461538 2377.826923076923 1906.3437024290765 1892.998615486326 1017.8976598412751 1816.0382663220726 975.9001112583527 2300.8665739126695 box 0
358.64810578184535 1673.1937598360073 440.8864889378553 952.7240875706154 -16.265623722258624 900.5422233662425 -98.50400687826861 1621.0118956316342 box 0
