1136.2735803379421 3043.1982438410923 1389.946352494426 3038.4831212958998 1372.8493494258516 2118.6673323307823 1119.1765772693677 2123.382454875975 box 0
1933.363077818705 3045.4583218288003 2186.7486499256906 3038.8455127650004 2161.8460065013633 2084.6412570286216 1908.4604343943777 2091.254066092421 box 0
619.0296335626346 3032.173274721363 867.2739127267995 3025.2190301421074 842.3555249761838 2135.712321744701 594.1112458120189 2142.666566323957 box 0
2451.839152293089 3047.7498329722916 2701.069067395705 3044.7386548895693 2689.379446644899 2077.2093001759017 2440.1495315422826 2080.2204782586246 box 0
1658.0805722667303 3045.290931503032 1913.8182031434283 3042.973005725008 1905.3404810474788 2107.62270909145 1649.6028501707808 2109.940634869474 box 0
870.253155881025 3040.388696578077 1126.8831476476 3035.996638802739 1111.603569811724 2143.203753373095 854.9735780451489 2147.595811148433 box 0
1406.5773087461655 3029.8082089907975 1656.5540398958349 3024.031532865274 1635.2496836702164 2102.118444298997 1385.272952520547 2107.8951204245204 box 0
334.29080456637314 3044.683956177953 590.6833467800091 3045.887692923507 594.8381375417812 2160.9289428393813 338.44559532814526 2159.7252060938263 box 0
2201.6885403355577 3036.3531901201504 2452.2067869505377 3029.986835292193 2427.9565089503308 2075.730076328824 2177.438262335351 2082.0964311567814 box 0
84.82311999671658 3048.190562235606 334.29531628993715 3046.0891966873014 326.8413869155149 2161.1655176288964 77.36919062229431 2163.2668831772003 box 0
