2389.5785441990542 2577.960239209812 2435.468862918649 1848.9067250471085 1787.2909241117181 1808.107124440257 1741.400605392124 2537.16063860296 box 0
1686.5024200560051 2525.7476391434834 1762.8723810551353 1804.3188855676688 1117.7865032742793 1736.0305298803926 1041.4165422751494 2457.459283456208 box 0
2480.9523809523807 1820.6349206349207 2547.8662952247532 1109.0575253141108 1897.8853869800037 1047.9359002330336 1830.9714727076314 1759.5132955538438 box 0
3080.937001872257 2622.189291903803 3133.234683118041 1882.1906236421216 2477.8250228164643 1835.8710733916078 2425.5273415706797 2575.8697416532896 box 0
2363.9661798363263 1048.3299627198635 2418.3312533918256 412.6817774037796 1897.6339608351761 368.148107263724 1843.2688872796766 1003.7962925798086 box 0
2915.7683251556386 1083.2990544035085 2965.3768698452345 446.79722751271464 2430.5173471320754 405.1106189058175 2380.9088024424796 1041.6124457966114 box 0
3477.683867572612 1088.9196339918876 3534.065090838918 459.77646769054024 3004.720371694405 412.3387708458262 2948.339148428099 1041.4819371471735 box 0
1798.4126984126983 1792.063492063492 1869.6872236364754 1058.6435169742108 1236.9766287414427 997.1560353308214 1165.7021035176651 1730.5760104201026 box 0
1812.6984126984125 1022.2222222222222 1870.0155584113163 407.8896059502248 1359.556366552213 360.2638359596485 1302.2392208393094 974.5964522316458 box 0
3151.989071660242 1864.3732075012047 3211.7849160399 1145.664291158216 2569.2617154995114 1092.2070201599283 2509.4658711198535 1810.915936502917 box 0
1073.015873015873 1917.4603174603174 1138.4729761398219 1298.2469942326497 626.8458688169834 1244.1628408903523 561.3887656930344 1863.3761641180197 box 0
917.4603174603174 1103.1746031746031 1319.9374424246575 621.4215841929371 930.7458222252461 296.27421990826457 528.268697260906 778.0272388899307 box 0
224.82890369234096 1097.5908486070082 618.3941968203156 316.0556814896369 118.73459364133703 64.43721764665378 -274.8306994866373 845.972384764025 box 0
