3071.529411764706 1712.9411764705883 3121.6065646586703 981.351013449447 2470.3822396606033 936.7748808829205 2420.3050867666393 1668.3650439040618 box 0
2618.5882352941176 908.2352941176471 2673.0687680973083 288.2161516497553 2157.185855346333 242.88597710245816 2102.7053225431423 862.9051195703499 box 0
2383.2941176470586 1652.9411764705883 2437.367657578533 931.2321146084103 1793.87139779594 883.0186134375558 1739.7978578644652 1604.727675299734 box 0
1714.3387507247032 1628.160932803296 1774.4657174509257 911.793549294678 1144.597554961516 858.9267341384408 1084.470588235294 1575.2941176470588 box 0
1059.7647058823527 1577.6470588235295 1130.9121066749499 858.6633137764967 512.3228093683213 797.4504964288574 441.1754085757242 1516.4342414758903 box 0
2083.5094742160177 871.7189109437579 2143.0148432385895 256.68649325283957 1625.3981270867635 206.6062489910729 1565.8927580641919 821.6386666819914 box 0
3749.440267998231 1737.7160848077929 3787.4345216779598 1010.8550285999476 3141.374880164611 977.0844011846388 3103.380626484882 1703.9454573924843 box 0
1544.470588235294 850.5882352941177 1608.7164211544161 236.78382470957243 1099.681829508961 183.50406529278524 1035.435996589839 797.3084758773305 box 0
3170.3529411764703 943.5294117647059 3215.2848250297493 317.91255256047117 2691.259179667932 280.2769628426911 2646.327295814653 905.8938220469258 box 0
1014.0426173288229 786.9124516127717 1082.169456231539 166.4481593659297 576.1015903613248 110.88202219608047 507.97475145860864 731.3463144429224 box 0
3716.235294117647 949.4117647058825 3751.23745665165 345.19344237484717 3226.548957135392 314.7984155094944 3191.5467946013896 919.0167378405298 box 0
2692.705882352941 2634.1176470588234 2736.4602273811647 1732.9153875928919 2197.330465378149 1706.7400541714646 2153.5761203499246 2607.9423136373966 box 0
476.2352941176468 809.4117647058823 550.248636424854 89.89237559296129 -7.465996449698281 32.52307511646717 -81.47933875690553 752.0424642293882 box 0
372.7058823529409 1575.2941176470588 477.10478619381973 859.776338951728 -11.771157554433984 788.446018222933 -116.1700613953129 1503.963796918264 box 0
3295.6965704788295 2664.293383326361 3315.1756885503078 1758.8250516738735 2787.479118071478 1747.4728448181004 2768.0 2652.9411764705883 box 0
1871.5294117647056 2381.176470588235 1914.1569890975159 1898.514515563595 1019.5397481733647 1819.5040088854528 976.9121708405543 2302.1659639100926 box 0
