1191.743119266055 708.2568807339449 1489.908256880734 722.0183486238532 1447.7064220183486 1641.284403669725 1133.0275229357796 1633.0275229357799 box 0
1501.834862385321 694.4954128440367 1796.3302752293578 718.3486238532109 1760.5504587155963 1635.7798165137613 1458.715596330275 1618.348623853211 box 0
1805.5045871559632 682.5688073394494 2100.9174311926604 710.091743119266 2080.733944954128 1622.9357798165133 1770.6422018348624 1610.0917431192659 box 0
2109.1743119266052 677.0642201834862 2406.4220183486236 700.9174311926605 2398.1651376146788 1616.5137614678895 2091.7431192660547 1607.3394495412842 box 0
2413.761467889908 687.1559633027523 2716.5137614678897 702.7522935779816 2711.0091743119265 1609.1743119266055 2404.5871559633024 1611.0091743119265 box 0
2403.669724770642 1615.5963302752293 2708.256880733945 1618.348623853211 2691.7431192660547 2530.275229357798 2380.733944954128 2539.4495412844035 box 0
2089.908256880734 1617.4311926605503 2397.2477064220184 1634.862385321101 2375.229357798165 2550.45871559633 2078.899082568807 2544.0366972477063 box 0
1773.394495412844 1629.3577981651376 2079.816513761468 1635.7798165137613 2072.4770642201834 2555.963302752293 1777.0642201834862 2557.7981651376144 box 0
1455.9633027522934 1641.284403669725 1761.4678899082567 1645.8715596330273 1771.5596330275228 2564.2201834862385 1471.5596330275228 2568.807339449541 box 0
1129.3577981651376 1648.623853211009 1445.8715596330273 1648.623853211009 1461.4678899082567 2565.137614678899 1166.9724770642201 2576.1467889908254 box 0
