544.7058823529412 1683.2941176470586 285.88235294117646 1526.8235294117646 1071.0526315789473 201.31578947368422 1331.578947368421 353.9473684210526 box 0
552.6315789473684 1693.4210526315787 797.3684210526316 1844.7368421052633 1589.4736842105262 510.52631578947376 1340.7894736842104 363.1578947368421 box 0
1065.7894736842104 1996.0526315789475 810.5263157894736 1849.9999999999998 1602.6315789473683 515.7894736842105 1846.0526315789473 660.5263157894736 box 0
1331.578947368421 2164.4736842105262 1576.3157894736842 2303.9473684210525 2380.2631578947367 978.9473684210526 2122.3684210526317 835.5263157894736 box 0
1323.6842105263158 2155.2631578947367 1072.3684210526317 2006.578947368421 1860.5263157894738 668.421052631579 2115.7894736842104 826.3157894736842 box 0
2394.7368421052633 989.4736842105262 2647.3684210526317 1130.2631578947369 1834.2105263157894 2467.1052631578946 1584.2105263157894 2307.8947368421054 box 0
2663.157894736842 1139.4736842105262 2905.2631578947367 1285.5263157894738 2088.157894736842 2610.5263157894738 1847.3684210526314 2464.4736842105262 box 0
2919.7368421052633 1296.0526315789473 2105.2631578947367 2614.4736842105262 2351.315789473684 2764.4736842105262 3168.4210526315787 1443.421052631579 box 0
2369.7368421052633 2771.0526315789475 3176.315789473684 1457.8947368421052 3431.578947368421 1610.5263157894738 2618.4210526315787 2923.684210526316 box 0
3440.7894736842104 1610.5263157894738 3703.9473684210525 1760.5263157894738 2913.157894736842 3031.578947368421 2626.315789473684 2925.0 box 0
