2125.2352941176473 535.2941176470588 1872.8823529411766 98.23529411764706 1432.294117647059 339.4117647058824 1683.4705882352941 785.8823529411765 box 0
1675.235294117647 788.2352941176471 1414.6470588235295 348.2352941176471 997.5882352941177 617.6470588235294 1248.764705882353 1056.4705882352941 box 0
2391.7058823529414 973.5294117647059 2146.4117647058824 538.2352941176471 1704.6470588235295 788.8235294117648 1957.5882352941178 1229.4117647058824 box 0
1935.8235294117649 1240.0 1684.058823529412 794.1176470588235 1251.7058823529412 1062.9411764705883 1508.764705882353 1494.7058823529412 box 0
2183.470588235294 1687.6470588235297 1935.235294117647 1247.0588235294117 1499.3529411764707 1515.2941176470588 1754.058823529412 1954.1176470588236 box 0
2635.2352941176473 1430.5882352941178 2388.764705882353 983.5294117647059 1954.6470588235295 1247.0588235294117 2208.1764705882356 1688.235294117647 box 0
2461.1176470588234 2127.0588235294117 2201.7058823529414 1694.705882352941 1769.9411764705883 1952.3529411764707 2027.0 2387.6470588235293 box 0
2911.7058823529414 1866.470588235294 2656.4117647058824 1425.2941176470588 2217.0 1697.0588235294117 2483.470588235294 2129.4117647058824 box 0
2729.3529411764707 2580.0 2474.6470588235297 2141.764705882353 2041.1176470588236 2388.2352941176473 2303.470588235294 2824.1176470588234 box 0
3171.117647058824 2307.6470588235293 2909.3529411764707 1878.8235294117646 2491.1176470588234 2140.0 2749.3529411764707 2582.3529411764707 box 0
