2450.3583561397327 1447.1109672872255 3612.535484756633 451.97874661435276 3469.048923488695 284.4062408655887 2306.871794871795 1279.5384615384617 box 0
2757.3564405374973 1779.0870401837644 3904.307692307692 807.7435897435896 3765.5561404589635 643.9073421157917 2618.604888688769 1615.250792555966 box 0
2910.637106038605 1964.6049292617126 4058.153846153846 974.4102564102564 3907.29920210125 799.5878360108607 2759.7824619860094 1789.7825088623165 box 0
2301.7489600861445 1274.4559718354435 3455.059031369923 290.97266115439305 3306.3357123094193 116.5679713702307 2153.025641025641 1100.051282051282 box 0
2614.5641025641025 1615.4358974358975 3755.6929030464685 637.291370172226 3610.245992519488 467.6092282010131 2469.1171920371225 1445.753755464685 box 0
2140.205128205128 1105.1794871794873 3280.8872894255524 137.34046726891262 3142.2991554017076 -25.99765920219329 2001.616994181284 941.8413607083818 box 0
3073.0212935422123 2124.921645216191 4155.589743589744 1184.6666666666667 4006.933290149711 1013.510129278906 2924.3648401021787 1953.7651078284298 box 0
2006.8564558830137 931.7175771326484 3135.076923076923 -23.025641025641075 2988.938415911858 -195.7175771326485 1860.7179487179487 759.0256410256411 box 0
1853.5744046009625 750.2303976454691 2981.7948717948716 -204.51282051282053 2835.656364629807 -377.204756619828 1707.4358974358975 577.5384615384615 box 0
1695.164148190706 576.4355258505975 2823.3846153846152 -378.3076923076924 2677.2461082195505 -550.9996284146996 1549.025641025641 403.7435897435897 box 0
