2582.4044136600232 897.6007602324862 3159.847578673049 315.3823543682012 3022.680412371134 179.34020618556707 2445.237247358108 761.5586120498526 box 0
2422.9442043321174 737.0046337762686 3010.925345317647 159.96580390449202 2869.0721649484535 15.422680412371172 2281.0910239629234 592.4615102841483 box 0
1240.0772232209652 2096.7070079364576 1831.958762886598 1542.2268041237112 1694.279219404473 1395.2603666994073 1102.397679738841 1949.7405705121541 box 0
785.9855611799242 1614.5337493215814 1388.39129475154 1060.1861296630957 1249.4845360824743 909.2371134020618 647.0788025108583 1463.5847330605473 box 0
2749.1203149860503 1050.4982667213592 3316.0721938764405 457.3186117017393 3177.319587628866 324.7010309278351 2610.3677087384754 917.8806859474549 box 0
1085.9517339477 1947.772053054979 1680.3810371771533 1380.7903899477042 1543.298969072165 1237.0721649484535 948.8696658427117 1804.0538280557287 box 0
628.3468296903492 1454.9997441737119 1223.8361449727618 903.4793829834291 1090.721649484536 759.7525773195877 495.2323342021234 1311.2729385098705 box 0
2892.290279590593 1201.5427208924827 3477.319587628866 629.8556701030927 3342.5219787429346 491.9121016020064 2757.492670704661 1063.599152391396 box 0
938.9501564243235 1781.0579005015773 1539.353624156139 1218.9904634183315 1398.9690721649486 1069.0309278350517 798.5656044331333 1631.0983649182974 box 0
175.20754716981156 2177.3584905660377 774.7451578187745 1622.2158559199224 641.2597529686703 1478.055570462191 41.72214231970728 2033.1982051083062 box 0
2304.1237113402062 1794.8041237113403 2892.2902205607056 1214.2236825259095 2748.5083285746505 1068.5630858205045 2160.3418193541506 1649.1435270059355 box 0
29.069795351200327 2020.7401089247726 615.8465951792369 1457.633676280414 480.8679245283021 1316.9811320754716 -105.90887529973455 1880.08756471983 box 0
2153.6082474226805 1636.041237113402 2730.0835261658467 1051.7370971007097 2586.906924150048 910.4788620405167 2010.431645406882 1494.783002053209 box 0
326.68444486355435 2336.1238953623915 926.8041237113403 1780.3711340206185 796.8613482655729 1640.0547521805515 196.74166941778688 2195.807513522325 box 0
2456.7010309278353 1945.319587628866 3040.001828201206 1371.814231621916 2901.704702356799 1231.1549981540402 2318.403905083427 1804.6603541609898 box 0
1996.9072164948454 1490.680412371134 2572.7217510060086 902.4424166675161 2425.082454140264 757.9212303088954 1849.2679196291012 1346.1592260125135 box 0
1842.3043294677934 1332.5061111547254 2420.5321058105933 744.1417411057347 2273.0731371675424 599.2232588169886 1694.8453608247423 1187.5876288659795 box 0
3039.932631582878 1349.673905063202 3625.773195876289 781.40206185567 3498.723065624057 650.4240433418504 2912.8825013306464 1218.6958865493825 box 0
467.6099890367733 2501.979868035741 1073.1958762886597 1953.5670103092782 937.8823560850202 1804.1468115754096 332.29646883313404 2352.5596693018733 box 0
623.7087500202095 2663.200948957291 1222.680412371134 2115.4226804123714 1087.8197698296801 1967.9584455435058 488.84810747875554 2515.7367140884257 box 0
