1868.1764705882354 98.82352941176471 2121.7058823529414 529.4117647058823 1679.9411764705883 781.764705882353 1428.764705882353 334.11764705882354 box 0
1673.4705882352941 795.2941176470589 1411.1176470588236 342.3529411764706 993.4705882352941 617.6470588235294 1244.058823529412 1054.1176470588236 box 0
1934.058823529412 1241.1764705882354 1683.4705882352941 789.4117647058824 1247.5882352941178 1062.3529411764707 1505.235294117647 1497.6470588235295 box 0
2385.2352941176473 978.8235294117648 2138.1764705882356 540.0 1699.3529411764707 785.8823529411765 1952.8823529411766 1228.235294117647 box 0
2207.0 1680.5882352941178 1952.8823529411766 1249.4117647058824 2387.5882352941176 988.2352941176471 2638.1764705882356 1427.0588235294117 box 0
2185.823529411765 1694.705882352941 1931.7058823529412 1250.0 1496.4117647058824 1516.4705882352941 1755.8235294117649 1947.6470588235295 box 0
2451.1176470588234 2132.3529411764707 2201.7058823529414 1693.5294117647059 1767.0 1948.235294117647 2025.8235294117646 2385.8823529411766 box 0
2907.5882352941176 1865.2941176470588 2649.9411764705883 1425.2941176470588 2217.0 1695.8823529411768 2480.529411764706 2127.6470588235293 box 0
3168.1764705882356 2305.8823529411766 2915.823529411765 1862.9411764705885 2486.4117647058824 2141.764705882353 2744.6470588235297 2577.0588235294117 box 0
2724.0588235294117 2585.8823529411766 2472.294117647059 2141.176470588235 2039.9411764705885 2384.7058823529414 2297.0 2824.1176470588234 box 0
