1811.640770163274 783.5212635156533 2702.065831950385 -4.42128278399548 2586.9908739645184 -134.46328528267406 1696.5658121774077 653.4792610169748 box 0
2086.25 1062.375 2962.275857348511 256.32188903952647 2831.89539197141 114.62321259948975 1955.8695346228985 920.6763235599635 box 0
1950.4233398430326 913.5561351197537 2835.0 114.87500000000013 2712.304145720578 -21.01638921795566 1827.7274855636106 777.6647459017979 box 0
2224.25 1197.875 3100.275857348511 391.82188903952647 2969.89539197141 250.1232125994898 2093.8695346228988 1056.1763235599633 box 0
2349.75 1347.125 3225.775857348511 541.0718890395265 3095.39539197141 399.3732125994898 2219.3695346228988 1205.4263235599633 box 0
2479.0 1487.625 3355.025857348511 681.5718890395264 3224.64539197141 539.8732125994896 2348.6195346228988 1345.9263235599633 box 0
2604.5 1635.6249999999998 3480.525857348511 829.5718890395264 3350.14539197141 687.8732125994896 2474.1195346228988 1493.9263235599633 box 0
2741.25 1772.375 3617.275857348511 966.3218890395264 3486.89539197141 824.6232125994898 2610.8695346228988 1630.6763235599633 box 0
2860.0 1916.125 3738.8632566405504 1107.4611276022922 3613.64539197141 971.3732125994898 2734.7821353308595 1780.0370849971969 box 0
2972.378651413844 2082.386811834444 3849.358476003957 1275.4559319629313 3718.2298245901115 1132.944120128487 2841.25 1939.8750000000002 box 0
