3367.0173323379954 1180.2752540728009 3383.018982654466 782.7145193020621 2978.681953550676 766.4401260236345 2962.6803032342054 1164.0008607943735 box 0
3767.7004866278116 1597.906606952707 3782.074928094956 1201.907860023372 3377.3540330255087 1187.2168114738065 3362.9795915583645 1583.2155584031414 box 0
3764.8626458485724 2001.5916227752787 3779.0493001918776 1605.1616589778835 3372.349384180724 1590.6074838226216 3358.1627298374187 1987.037447620017 box 0
3784.6843093252837 1197.7594490458455 3803.474096706463 799.711555325167 3397.461241211826 780.5457831929242 3378.6714538306464 1178.5936769136026 box 0
3385.5473546035323 777.4460181356754 3403.3121778890595 380.9737514648292 2999.2254588119945 362.86774567352865 2981.4606355264673 759.3400123443752 box 0
3346.528453789187 1984.818564349486 3368.9393442062797 1597.5509117380493 2956.846869697141 1573.7034273802503 2934.4359792800483 1960.971079991687 box 0
3744.5679338551936 2401.5177752793447 3762.648890273903 2010.9102484439043 3355.8393491648258 1992.0793118178228 3337.7583927461164 2382.6868386532637 box 0
3351.5488826007313 1583.4268473767652 3372.103384856866 1194.5974169114777 2962.3594616680675 1172.9373219347583 2941.804959411933 1561.7667524000456 box 0
3799.180982254489 796.881110591758 3823.833293439958 403.39451693993215 3413.7542838587915 377.70267503751444 3389.1019726733225 771.1892686893401 box 0
3336.449880314772 2384.964258692513 3356.3098422359203 1997.565817978308 2947.072846125657 1976.5863035938637 2927.212884204509 2363.984744308069 box 0
