2379.4404670367694 3029.592452992691 2602.1833740060056 3022.894994315651 2583.3173607220197 2395.4524307353363 2360.5744537527835 2402.1498894123765 box 0
2154.7768764834796 3031.655564614043 2378.9935269432576 3024.375351813501 2358.7017749447427 2399.4281435768744 2134.4851244849647 2406.7083563774167 box 0
1473.1274160175967 3031.6835159129682 1694.1267833121865 3027.3194593946523 1682.130927106793 2419.839556139034 1461.1315598122032 2424.20361265735 box 0
2604.435458694986 3038.5457398299623 2828.61923892177 3032.6324545883954 2811.7691631922203 2393.814349281366 2587.5853829654366 2399.727634522933 box 0
1930.1857170518679 3036.5560521751263 2149.5026113111976 3030.299109960854 2131.6164184156614 2403.3564051002645 1912.2995241563317 2409.613347314537 box 0
1699.5402015163277 3034.409484350391 1922.6757902235454 3029.1478698506 1908.2414207981255 2417.0122754457516 1685.1058320909078 2422.2738899455426 box 0
2836.4055886511082 3038.7970692906165 3051.821500508207 3032.1120806387903 3031.794452547622 2386.7639696803303 2816.378540690523 2393.448958332157 box 0
1466.614210252504 3045.0155367890625 1464.1723963889963 2411.5712157051553 1251.822526426573 2412.389786239502 1254.2643402900808 3045.8341073234096 box 0
1036.3968463555955 3042.6143853368667 1033.0297330347228 2405.574409341695 792.0188221319532 2406.8482870874495 795.3859354528262 3043.888263082621 box 0
1236.9748922005488 3042.1612591363955 1237.3205501310508 2407.81922379564 1019.4825628623175 2407.7005221746394 1019.1369049318156 3042.042557515395 box 0
