2625.114432266152 556.7805173049691 2672.26257799039 2.4247495257840797 2460.681149894029 -15.570322563739694 2413.5330041697907 538.7854452154454 box 0
3281.4478791109627 617.6198772543041 3336.701264239199 3.0130274435376236 3117.284684834379 -16.712604916576026 3062.0312997061424 597.8942448941903 box 0
1976.923076923077 503.4965034965035 2015.2385577859866 3.8357117160325593 1797.8473244031359 -12.834496912433535 1759.5318435402257 486.8262948680375 box 0
2848.2517482517483 573.4265734265733 2897.041042029844 0.058240429871960764 2677.0716927391945 -18.65948182141915 2628.282398961099 554.7088511752822 box 0
3062.9370629370633 593.0069930069931 3112.594159228934 -0.6758483530305637 2901.5631827184993 -18.326999424097608 2851.906086426629 575.355841935926 box 0
2406.993006993007 530.0699300699301 2455.184255577745 -1.6751353886003122 2243.250707958485 -20.88235128999844 2195.059459373747 510.86271416853197 box 0
3507.6923076923076 630.7692307692308 3561.175288344486 2.3296074175574466 3339.6049696647337 -16.527002870388685 3286.1219890125553 611.9126204812848 box 0
3725.874125874126 655.944055944056 3784.765751253049 -19.659056123581458 3566.5431240945854 -38.68129710836547 3507.651498715663 636.9218149592721 box 0
2189.5104895104896 518.8811188811189 2239.262046743467 -4.129858982381312 2028.976783325742 -24.13330013559778 1979.2252260927646 498.8776777279025 box 0
1758.0419580419582 479.02097902097904 1798.313680526096 1.8543296685670128 1576.7222499799445 -16.847456401202862 1536.450527495807 460.31919295120923 box 0
