1992.9761823521649 1079.2191285225347 1991.709689562114 625.6298174742659 1311.3209197973615 627.5295700706122 1312.5874125874127 1081.118881118881 box 0
2683.2167832167834 1086.0139860139861 2686.1030009560577 632.9169134507342 2004.621995557723 628.5758954087681 2001.7357778184487 1081.6729679720202 box 0
2691.596444886861 2480.6456657782282 2690.2097902097903 2037.0629370629372 2010.1689578965381 2039.1887678035912 2011.5556125736084 2482.7714965188825 box 0
2689.3247006802517 1552.199289086163 2688.8134328175747 1095.7390260116642 2006.2937062937065 1096.5034965034965 2006.804974156383 1552.9637595779952 box 0
2001.3986013986014 2477.622377622378 1997.3034212725552 2028.2517210622152 1320.8015245847628 2034.4167812015558 1324.896704710809 2483.787437761719 box 0
1991.8541876372458 1548.9804255592846 1990.2097902097903 1093.006993006993 1313.4470611849101 1095.4476327705365 1315.0914586123658 1551.4210653228276 box 0
1990.909090909091 611.8881118881119 1984.3871729202117 162.9498447620797 1310.6544003729164 172.7374485613794 1317.1763183617957 621.6757156874116 box 0
2683.2167832167834 611.8881118881119 2681.2092085371805 165.03783092056176 2000.5781006630216 168.0957181738937 2002.5856753426247 614.945999141444 box 0
2006.9930069930072 2012.5874125874127 2002.9060043843797 1564.5323395826342 1319.2392969957793 1570.768509609213 1323.326299604407 2018.8235826139917 box 0
2685.072816194382 2020.0293279348323 2683.3723126680206 1569.002506900247 2023.6752438639983 1571.4897585214667 2025.3757473903602 2022.516579556052 box 0
