3.514256457418071 924.0127502517994 656.70888832386 901.1637120505225 646.3002500733437 603.6077899856273 -6.894381793098262 626.4568281869042 box 0
-4.919472625912647 1832.8975027584795 687.7709078257406 1813.537875558975 679.5281870157137 1518.6120820498697 -13.162193435939628 1537.9717092493747 box 0
1.9316141986358843 1529.8987244536975 671.861258305431 1510.5243839400405 663.1877587414276 1210.6104605743785 -6.741885365367466 1229.9848010880355 box 0
4.110114532736759 1223.9996104271568 669.7729166685469 1205.8651733194665 661.6494156300746 907.6749161689125 -4.013386505735582 925.8093532766027 box 0
-6.288300552475675 2134.4268853742733 702.6916680608817 2119.302334198969 696.4136680985572 1825.0141821306095 -12.566300514800218 1840.1387333059138 box 0
-1.9011193648418612 620.9334856823601 642.9919199528264 600.3079325879099 633.1551438704571 292.74437801087714 -11.737895447211145 313.36993110532745 box 0
-11.137698566523795 2441.4747220336976 721.489600708433 2426.0491157957695 715.2747141953384 2130.8778628051696 -17.352585079618393 2146.3034690430977 box 0
-17.476785364916623 2745.4034317439996 739.2522677447658 2727.2347422224243 732.2194001110104 2434.3145919376407 -24.509652998672095 2452.483281459216 box 0
-15.095829370302624 3040.400536235859 742.1305677504654 3023.8977926990424 735.8851356294579 2737.32689296336 -21.34126149131015 2753.8296365001765 box 0
1.02313081166767 310.57272540279206 622.967370188908 293.5807743545701 614.7205725536583 -8.270865165670452 -7.223666823582107 8.721085882551458 box 0
