604.7058823529412 0.9411764705881818 576.4705882352941 843.2941176470588 278.8235294117647 831.5294117647059 311.0 0.0 box 0
914.1176470588235 2.117647058823476 880.0 851.5294117647059 592.9411764705883 843.2941176470588 622.3529411764706 2.117647058823476 box 0
1216.4705882352941 4.4705882352940645 1184.7058823529412 850.3529411764707 895.2941176470589 847.9999999999999 931.0 0.0 box 0
1522.3529411764707 3.29411764705877 1488.235294117647 862.1176470588234 1191.764705882353 850.3529411764707 1225.8823529411766 2.117647058823476 box 0
1828.235294117647 0.9411764705881818 1796.4705882352941 856.235294117647 1507.0588235294117 859.7647058823529 1541.1764705882354 0.9411764705881818 box 0
2128.2352941176473 3.29411764705877 2097.6470588235293 865.6470588235294 1812.9411764705883 865.6470588235294 1843.5294117647059 0.9411764705881818 box 0
2432.9411764705883 2.117647058823476 2407.0588235294117 876.235294117647 2109.4117647058824 876.235294117647 2144.7058823529414 0.9411764705881818 box 0
2734.1176470588234 3.29411764705877 2710.5882352941176 893.8823529411764 2421.176470588235 880.9411764705883 2447.0 0.0 box 0
3042.3529411764707 0.9411764705881818 3018.823529411765 898.5882352941178 2721.1764705882356 889.1764705882352 2747.0588235294117 0.9411764705881818 box 0
3347.0588235294117 0.9411764705881818 3322.3529411764707 893.8823529411764 3027.0588235294117 890.3529411764707 3060.0 0.9411764705881818 box 0
