2857.7716091736443 2226.9724374569646 4012.8662907631046 2198.1435555344738 4007.430061663758 1980.3286802493346 2852.3353800742975 2009.1575621718255 box 0
2837.3068896284367 1800.47999348704 4007.6127169663514 1764.7867297234525 4000.9664441117975 1546.8696486943568 2830.660616773883 1582.5629124579439 box 0
2857.6849265579635 2011.6716689206614 4008.672583442905 1980.6963038704243 4002.9170143600054 1766.8299309633715 2851.929357475064 1797.8052960136085 box 0
2833.850847334835 1573.4814700463808 4029.9487179487182 1541.0769230769229 4024.399113168636 1336.2331254931978 2828.301242554754 1368.6376724626552 box 0
4021.0660111129005 1134.253389089717 4019.692307692307 920.5641025641023 2846.848708136592 928.1037377546452 2848.222411557185 1141.7930242802595 box 0
4019.692307692307 920.5641025641025 4018.9076616631323 701.5337762812327 2851.6750057542204 705.7152267868543 2852.459651783395 924.7455530697241 box 0
4014.992050969624 268.7427835319317 4014.564102564102 59.02564102564097 2853.2848186121278 61.39534534258052 2853.7127670176505 271.1124878488713 box 0
4040.7626740384662 477.7374282006382 4040.205128205129 266.7179487179487 2849.678567498017 269.86350250771414 2850.2361133313557 480.8829819904036 box 0
4031.5436332736645 1341.9541208550213 4029.4489915149616 1130.259066015012 2831.4422482737136 1142.1128854322706 2833.5368900324165 1353.80794027228 box 0
4014.599942999317 707.0961760065918 4014.564102564102 484.6666666666667 2849.6185428850154 484.85437627401666 2849.654383320231 707.283885613942 box 0
