2086.614009196649 805.9134014062029 2803.9847579004036 2.1689025747242 2666.6676817823545 -120.39150542536782 1949.2969330786 683.3529934061107 box 0
3013.670647035848 1582.520758529166 3788.6412387586192 688.2740713229978 3663.1025081765542 579.4799033208096 2888.131916453783 1473.7265905269778 box 0
2351.627718650456 1026.5183471702337 3124.411981590629 144.78799358486498 2992.3136341937825 29.011641309380536 2219.5293712536095 910.7419948947493 box 0
2734.2343692525237 1379.7912245450766 3526.645914364378 477.35014494412985 3396.4423176066066 363.02153599874663 2604.0307724947525 1265.4626155996934 box 0
2469.2565576024276 1139.588469435024 3258.795477856004 253.50168344511434 3134.4133459620257 142.67220752115253 2344.8744257084495 1028.7589935110623 box 0
3132.0695938122026 1718.4625179037766 3920.740486547984 808.8513260085623 3789.5361404407267 695.0916782632152 3000.8652477049454 1604.7028701584295 box 0
2600.8088430687585 1253.7057108097151 3395.4481828367134 360.8032029789383 3271.1716035559975 250.20315645407868 2476.5322637880427 1143.1056642848555 box 0
2862.954624572137 1487.923274006358 3648.508993579187 584.0196047023115 3521.508879456183 473.6477831225483 2735.954510449133 1377.5514524265946 box 0
2210.2003725508384 909.3719340065576 2982.3175045690014 58.58845601736323 2852.546511604435 -59.183467743740266 2080.4293795862723 791.600010245454 box 0
1937.141170852652 707.5033922331606 2583.1785809429075 -11.73728863242144 2446.46437876893 -134.53691808154935 1800.4269686786747 584.7037627840327 box 0
