2719.6923076923076 2123.128205128205 3609.0913356508786 1295.5705939891332 3461.679560364857 1137.1430864847619 2572.280532406286 1964.7006976238338 box 0
1786.334817950334 1076.4934168539107 2676.4568722680274 248.02178316735973 2523.9820597962475 84.20061200045944 1633.860005478554 912.6722456870104 box 0
2893.51641286393 2296.953307015471 3785.5910321212477 1472.6792428217523 3629.715644898343 1303.9823460626908 2737.6410256410254 2128.25641025641 box 0
2407.117275346825 1789.5173686591413 3302.314789086449 950.7219796042906 3147.2273749217297 785.20620616996 2252.029861182106 1624.0015952248107 box 0
2252.329833205566 1609.2958243117225 3154.9441815266805 767.3312680389503 2995.7290634313963 596.6473016038043 2093.114715110282 1438.6118578765768 box 0
2092.05624460744 1445.5907502217535 2990.3374296664288 598.8268094885912 2833.373773245343 432.3134608225579 1935.092588186354 1279.0774015557204 box 0
1947.897435897436 1256.4615384615386 2827.2145937573737 429.13548609967563 2670.1247588849114 262.1737583329741 1790.8076010249727 1089.499810694837 box 0
3041.7791181397315 2482.281058138363 3929.6567862523802 1655.202380777884 3774.236642471623 1488.3572200754193 2886.358974358974 2315.4358974358975 box 0
2577.294168024937 1960.890608557465 3456.906340602948 1120.6993951669847 3302.6776665392717 959.2344608700249 2423.0654939612605 1799.4256742605053 box 0
1635.0769230769229 915.4358974358973 2533.524591137726 83.08263110800763 2366.9808308516267 -96.68581470977993 1468.5331627908229 735.6674516181095 box 0
