1810.5202364117627 1648.1934279634263 3214.59968981295 1038.4575195665466 3096.5784032671922 766.6820488737321 1692.4989498660048 1376.4179572706116 box 0
2395.404830872107 3041.3552515653823 3816.569800580323 2450.870322881581 3703.63211523385 2179.0546094270494 2282.4671455256344 2769.53953811085 box 0
2284.139509956375 2752.677643412487 3700.527039690309 2177.4751373470967 3588.104195030197 1900.6433893023566 2171.7166652962633 2475.845895367747 box 0
1931.379228277358 1926.6779470109964 3339.5535919093286 1316.9024501302126 3221.348289422837 1043.9271051740618 1813.1739257908662 1653.7026020548458 box 0
1688.5432809402537 1357.0483140562449 3101.445790718253 774.8870163465483 2986.843484349053 496.74780143752946 1573.9409745710536 1078.909099147226 box 0
2046.8454581495816 2201.973129071334 3456.490405561026 1614.2398723253548 3341.5723587754674 1338.615442095658 1931.927411364023 1926.3486988416375 box 0
2169.0184126486197 2466.5505037252074 3592.249746930194 1887.4165013743648 3480.653395212708 1613.1666318949096 2057.4220609311337 2192.3006342457525 box 0
1577.110789928739 1057.1478945882855 3010.084766559461 480.7177546352072 2902.7076320072956 213.78403824252484 1469.7336553765736 790.2141781956032 box 0
2505.983110325374 3288.2534457183297 3950.648721099015 2739.1445752738705 3849.498948390446 2473.026859762627 2404.8333376168052 3022.135730207086 box 0
1472.587714513481 798.1880897617784 2913.8433865724965 186.7060423238084 2793.9603499091263 -95.8568019962755 1352.7046778501108 515.6252454416945 box 0
