2454.4935064935066 1825.9740259740258 2522.5085477166936 1110.719068573101 1874.5403027882403 1049.1024569941035 1806.5252615650534 1764.3574143950289 box 0
1696.0519480519476 2512.987012987013 1730.5973598514754 1787.0681719320467 1091.8744013569465 1756.6722841563007 1057.3289895574187 2482.5911252112674 box 0
3081.170754922688 2616.15039189592 3124.3318575612234 1876.156463567749 2469.6949369088275 1837.9739187635128 2426.533834270292 2577.9678470916847 box 0
2379.1688311688317 2594.805194805195 2424.598424264653 1856.498301350826 1776.1026369396054 1816.594976590183 1730.673043843784 2554.9018700445517 box 0
3131.386536941909 1856.0507897260923 3175.9379483757375 1130.4874301017837 2528.8525453945167 1090.7547621843082 2484.3011339606883 1816.3181218086168 box 0
2856.7274144289368 1072.7951953739228 2912.118890351955 442.71685392753216 2394.30056683211 397.19438582633694 2338.909090909091 1027.2727272727273 box 0
1781.7662337662337 1770.1298701298701 1831.571624037906 1054.9707596462104 1197.6757512659435 1010.8247355346554 1147.8703609942709 1725.983846018315 box 0
2323.3246753246754 1037.6623376623377 2370.0258240806156 413.59745939919907 1860.464831303615 375.46507196196023 1813.7636825476745 999.5299502250987 box 0
1244.205315427877 978.866272688679 1267.6740336183257 365.213060782428 767.5726142943453 346.0870478340087 744.1038961038961 959.7402597402597 box 0
1775.2727272727273 1015.5844155844156 1813.1171414068367 395.942373668205 1296.6000925385315 364.39628127548866 1258.7556784044218 984.0383231916991 box 0
3415.9469326092876 1087.096227997462 3469.9359251286296 460.8460622765656 2938.0334582661667 414.99077971324664 2884.044465746825 1041.240945434143 box 0
