4154.228634168445 1056.9548295759473 4214.10670373522 433.8668630186938 3693.226361559095 383.8108339524952 3633.348291992318 1006.8988005097488 box 0
964.2385935194446 768.4193826412093 1021.444760511989 65.06206668544375 397.1428571428571 14.285714285714285 339.93669015031287 717.6430302414798 box 0
3613.863823024088 1000.4373182627611 3678.702829743876 382.8050136701487 3161.3565726363126 328.4940309193679 3096.5175659165247 946.1263355119804 box 0
2022.894278934479 775.0816388136066 2082.8489094477295 156.58562152970018 1562.6652890892024 106.16101751268747 1502.7106585759523 724.6570347965937 box 0
2559.157338732691 790.4737155889281 2622.8810773399805 173.72472751789365 2097.5801643190666 119.44958687078866 2033.8564257117773 736.1985749418232 box 0
979.2537219063001 2322.595645992924 1049.6081040656513 1604.4385213362457 406.40431775892193 1541.4269554344269 336.0499355995708 2259.584080091105 box 0
3099.6538007792424 872.9706305802811 3157.4941204582337 257.3159102457521 2630.097173494439 207.76734511246786 2572.2568538154487 823.4220654469968 box 0
1502.051347229898 725.0487050368479 1546.262815149661 98.41735189830791 1029.2778092642425 61.94189326027134 985.0663413444794 688.5732463988113 box 0
3259.9999999999995 2737.142857142857 3353.0490087183975 1848.5933388195479 2811.3236626452535 1791.8637976850764 2718.274653926856 2680.4133160083857 box 0
2691.428571428571 2642.8571428571427 2762.4345765880703 1746.9923896158355 2218.9874243669524 1703.9189109965312 2147.9814192074537 2599.783664237839 box 0
1977.1428571428569 2405.7142857142853 2030.5124244094877 1930.930921495206 1137.5824144548599 1830.5582213921812 1084.2128471882288 2305.3415856112606 box 0
285.71428571428567 2262.8571428571427 374.1863244092581 1534.482481836082 -14.699670280800092 1487.2464388881835 -103.1717089757724 2215.621099909244 box 0
307.1428571428571 795.7142857142857 351.23856378622776 79.1179105908758 -26.552490596509102 55.87056510481756 -70.64819723987985 772.4669402282275 box 0
