2775.609467455621 1055.5739644970415 3076.792899408284 1312.9704142011835 2815.846153846154 1607.6449704142017 2516.437869822485 1341.9644970414204 box 0
2504.603550295858 1350.2485207100594 2818.213017751479 1611.7869822485209 2553.1242603550295 1904.0946745562135 2251.9408284023666 1640.7810650887575 box 0
2822.5 1621.1249999999998 3123.5384615384614 1892.260355029586 2856.6745562130177 2185.1597633136093 2559.041420118343 1910.0118343195268 box 0
2556.6745562130177 1920.0710059171602 2851.3491124260354 2189.8934911242604 2593.360946745562 2474.5088757396447 2296.9112426035504 2207.644970414201 box 0
2289.810650887574 2214.7455621301774 2584.4852071005917 2483.976331360947 2325.9053254437868 2775.1005917159764 2021.7633136094673 2510.0118343195268 box 0
2019.988165680473 2525.9881656804732 2321.171597633136 2782.792899408284 2099.0 3035.0 1751.9408284023666 2814.153846153846 box 0
1717.0295857988165 2240.7810650887573 2016.4378698224848 2512.378698224852 1750.757396449704 2804.094674556213 1463.7751479289939 2533.680473372781 box 0
1979.1597633136093 1936.6390532544383 2278.568047337278 2210.0118343195268 2009.92899408284 2495.2189349112427 1717.0295857988165 2221.846153846154 box 0
2237.1479289940826 1639.597633136095 2542.473372781065 1907.05325443787 2277.3846153846152 2203.5029585798816 1980.9349112426034 1930.130177514793 box 0
3081.25 1316.125 3374.375 1586.7500000000002 3116.875 1879.25 2820.625 1605.5 box 0
