1504.677304417316 2418.9851379255315 2043.7505408159484 2020.4081327297667 1776.0416666666667 1658.3333333333335 1236.9684302680337 2056.9103385290978 box 0
667.1875 2444.2708333333335 1215.5905034368434 2045.3033079857973 950.6383358601764 1681.111850699703 402.235332423333 2080.079376047239 box 0
936.9791666666667 2823.9583333333335 1487.6235138538489 2420.3504242902054 1221.0300124032042 2056.6355384281724 670.3856652160223 2460.243447471301 box 0
1227.1208393054078 2043.1834772531859 1773.018290161086 1643.7885212199276 1506.25 1279.1666666666667 960.3525491443219 1678.5616226999243 box 0
1767.5329078358363 2795.9946854102964 2307.291666666667 2397.916666666667 2039.1022727041495 2034.275451626286 1499.3435138733191 2432.3534703699156 box 0
120.3125 1684.8958333333335 663.8697038335714 1299.2906414964577 403.7510732842899 932.6219386896818 -139.80613054928142 1318.2271305265576 box 0
392.70833333333337 2067.1875 933.9186042104456 1682.3875139865477 669.2023319472104 1310.07158200999 127.9920610700981 1694.871568023442 box 0
1214.6301390951792 3193.563000902746 1752.6041666666667 2799.479166666667 1486.7196246085007 2436.51330627478 948.7455970370133 2830.597140510859 box 0
677.7662471083813 1292.5531697046833 1227.8231674894112 905.875035231925 966.6666666666667 534.375 416.6097462856368 921.0531344727583 box 0
952.6041666666667 1662.5000000000002 1500.1209161448617 1269.822965186751 1237.5 903.6458333333335 689.9832505218053 1296.3228681465826 box 0
