2948.0368255759026 2290.9393698572762 3004.7516254231855 1558.6882648473938 2347.0677410237536 1507.7488949901178 2290.3529411764703 2240.0 box 0
2271.018893074744 2226.335070499226 2308.7433957238327 1498.5987459425967 1664.5480320608524 1465.204851913959 1626.8235294117644 2192.9411764705883 box 0
3630.3529411764703 2340.0 3692.470840439207 1615.1939659094946 3048.527646043462 1560.0062376083727 2986.409746780724 2284.812271698878 box 0
2869.9142648397337 3073.0670020353623 2950.787005850864 2335.0572749373446 2306.277201592725 2264.430462627078 2225.404460581595 3002.440189725096 box 0
2614.839421597077 1457.0168210272766 2615.481824208837 834.6547787643044 2086.289461435289 834.108545972322 2085.6470588235293 1456.4705882352941 box 0
2074.5743493754644 1432.8856119968286 2082.9463647242874 801.9882069487917 1555.1955447605872 794.9849478931399 1546.8235294117646 1425.8823529411766 box 0
3248.0 1530.5882352941178 3767.256593940538 1469.127215070754 3693.4590560148554 845.6449161238048 3174.2024620743164 907.1059363471685 box 0
2036.2352941176466 3010.588235294118 2113.9223812970304 2274.713174130053 1476.4820450942586 2207.417942121641 1398.7949579148753 2943.2930032857057 box 0
1512.7322705972392 1415.742727620941 1507.6204935716287 791.338482965582 987.5941053273305 795.5957553446409 992.7058823529409 1420.0 box 0
3165.6470588235293 1505.8823529411766 3165.6295539676303 874.5712932624102 2631.16402091913 874.5861128065887 2631.18152577503 1505.8971724853554 box 0
1583.2941176470586 2185.8823529411766 1566.3945034874084 1460.4560094510252 939.9289164157822 1475.0502226345077 956.8285305754324 2200.4765661246583 box 0
