612.3246753246754 646.7532467532467 1561.025974025974 701.9480519480519 1542.844155844156 966.8831168831168 594.1428571428572 904.5454545454545 box 0
582.4545454545455 925.3246753246754 1526.6103896103896 1002.5974025974026 1509.077922077922 1261.038961038961 562.974025974026 1181.8181818181818 box 0
546.0909090909091 1201.948051948052 1494.142857142857 1284.4155844155844 1477.2597402597403 1542.857142857143 528.5584415584416 1455.1948051948052 box 0
529.8571428571429 1468.8311688311687 1469.4675324675325 1557.7922077922078 1451.2857142857142 1820.1298701298704 503.8831168831169 1727.2727272727275 box 0
507.1298701298701 1738.3116883116882 1446.090909090909 1849.3506493506493 1421.4155844155844 2102.5974025974024 482.45454545454544 2004.5454545454545 box 0
1459.7272727272727 1831.168831168831 2398.6883116883114 1903.8961038961036 2379.207792207792 2170.12987012987 1444.7922077922078 2098.051948051948 box 0
1492.1948051948052 1556.4935064935064 2436.9999999999995 1630.5194805194806 2419.4675324675322 1890.2597402597403 1474.6623376623377 1815.5844155844154 box 0
1514.2727272727273 1277.2727272727273 2462.9740259740256 1354.5454545454545 2446.090909090909 1616.2337662337661 1499.3376623376623 1535.7142857142858 box 0
1554.5324675324675 1000.0 2492.1948051948048 1084.4155844155844 2475.311688311688 1342.2077922077922 1535.7012987012988 1260.3896103896104 box 0
1580.5064935064936 718.1818181818181 2519.4675324675322 804.5454545454545 2501.285714285714 1061.6883116883116 1563.6233766233765 981.8181818181818 box 0
