0.8474576271186441 403.3898305084746 944.9152542372882 347.4576271186441 967.7966101694916 573.728813559322 1.6949152542372883 635.5932203389831 box 0
0.8474576271186441 644.9152542372882 966.1016949152543 584.7457627118645 973.7288135593221 805.9322033898306 0.8474576271186441 871.1864406779662 box 0
1.6949152542372883 875.4237288135593 972.8813559322034 813.5593220338984 986.4406779661017 1042.3728813559323 1.6949152542372883 1109.322033898305 box 0
0.0 1115.2542372881358 984.7457627118645 1055.084745762712 1000.8474576271187 1276.271186440678 0.0 1346.6101694915255 box 0
0.0 1353.3898305084747 1005.0847457627119 1294.0677966101696 1019.491525423729 1515.2542372881358 1.6949152542372883 1583.8983050847457 box 0
0.0 1590.6779661016947 1009.3220338983052 1529.6610169491526 1022.0338983050848 1753.3898305084747 3.3898305084745766 1827.9661016949153 box 0
0.0 1833.0508474576272 1019.491525423729 1763.5593220338983 1042.3728813559323 1992.3728813559323 0.8474576271186441 2061.8644067796613 box 0
0.8474576271186441 2067.7966101694915 1038.135593220339 2003.389830508475 1055.9322033898306 2233.0508474576272 0.0 2300.8474576271187 box 0
0.8474576271186441 2544.06779661017 1079.6610169491526 2472.0338983050847 1090.677966101695 2697.4576271186443 0.0 2769.491525423729 box 0
0.8474576271186441 2308.4745762711864 1055.084745762712 2246.6101694915255 1076.271186440678 2462.7118644067796 1.6949152542372883 2538.135593220339 box 0
