379.85714285714295 1241.4285714285713 669.8571428571429 1241.4285714285713 669.8571428571429 2788.5714285714284 379.85714285714295 2788.5714285714284 box 0
677.0 1228.5714285714287 975.5714285714291 1228.5714285714287 975.5714285714291 2781.4285714285716 677.0 2781.4285714285716 box 0
985.5714285714287 1224.2857142857142 1278.4285714285713 1224.2857142857142 1278.4285714285713 2772.8571428571427 985.5714285714287 2772.8571428571427 box 0
1287.0 1219.9999999999998 1579.8571428571427 1219.9999999999998 1579.8571428571427 2765.7142857142853 1287.0 2765.7142857142853 box 0
1588.4285714285713 1214.2857142857142 1885.5714285714284 1214.2857142857142 1885.5714285714284 2764.285714285714 1588.4285714285713 2764.285714285714 box 0
1892.7142857142856 1208.5714285714284 2187.0 1208.5714285714284 2187.0 2758.5714285714284 1892.7142857142856 2758.5714285714284 box 0
2195.5714285714284 1209.9999999999998 2497.0 1209.9999999999998 2497.0 2749.9999999999995 2195.5714285714284 2749.9999999999995 box 0
2507.0 1202.8571428571427 2809.8571428571427 1202.8571428571427 2809.8571428571427 2739.9999999999995 2507.0 2739.9999999999995 box 0
2818.4285714285716 1195.7142857142858 3108.4285714285716 1195.7142857142858 3108.4285714285716 2739.9999999999995 2818.4285714285716 2739.9999999999995 box 0
3115.5714285714284 1197.1428571428569 3412.714285714286 1197.1428571428569 3412.714285714286 2742.8571428571427 3115.5714285714284 2742.8571428571427 box 0
