2439.509610148131 1278.8026850959307 3094.407407407407 114.81481481481481 2865.1642627656274 -14.164905932990466 2210.266465506352 1149.8229643481254 box 0
2946.6482991324006 1563.7883644699455 3612.4923662208143 408.22227022320556 3373.5445337937736 270.5391057921016 2707.700466705359 1426.1052000388415 box 0
3186.5710848286694 1706.3633659138436 3855.399375088692 546.6048646119333 3621.1764705882356 411.5294117647058 2952.3481803282116 1571.2879130666156 box 0
2683.1856439317226 1420.738133720355 3345.2592584842682 261.7171280849818 3115.294117647059 130.35294117647055 2453.220503094514 1289.373946811844 box 0
1537.2881355932204 0.0 1216.949152542373 581.3559322033899 1452.542372881356 718.6440677966102 1842.3728813559323 3.389830508474576 box 0
3877.6470588235297 563.2941176470588 4014.1176470588234 872.7058823529413 3428.2352941176473 1860.9411764705883 3191.764705882353 1722.1176470588236 box 0
4017.6470588235297 884.4705882352943 4022.3529411764707 1429.1764705882354 3671.764705882353 2008.0 3435.294117647059 1862.1176470588236 box 0
1855.0 0.0 1463.3935969868176 711.1337099811676 1698.9868173258005 848.421845574388 2172.1851851851848 0.0 box 0
2186.0 0.0 1706.134337727558 859.4300062774637 1941.727558066541 996.7181418706841 2499.0 0.0 box 0
2514.0 0.0 1963.6898932831136 996.615191462649 2199.2831136220966 1133.9033270558693 2840.0 0.0 box 0
