576.9038461538462 842.3076923076923 614.4038461538462 0.9615384615384615 327.8653846153846 2.8846153846153846 292.28846153846155 834.6153846153846 box 0
914.4038461538462 2.8846153846153846 881.7115384615385 851.923076923077 591.3269230769231 843.2692307692306 628.8269230769231 1.923076923076923 box 0
1219.2115384615386 2.8846153846153846 1189.4038461538462 860.5769230769231 901.9038461538462 850.9615384615385 929.7884615384615 0.0 box 0
1526.9038461538462 2.8846153846153846 1492.2884615384614 863.4615384615385 1199.0192307692307 858.6538461538461 1236.5192307692307 0.0 box 0
1831.7115384615383 3.846153846153846 1799.0192307692307 863.4615384615385 1499.0192307692307 865.3846153846154 1538.4423076923076 1.923076923076923 box 0
2136.5192307692305 4.8076923076923075 2105.7499999999995 867.3076923076924 1800.9423076923076 867.3076923076924 1842.2884615384614 0.9615384615384615 box 0
2438.4423076923076 7.692307692307692 2406.711538461538 882.6923076923075 2114.4038461538457 872.1153846153846 2146.1346153846152 4.8076923076923075 box 0
2743.2499999999995 0.9615384615384615 2715.3653846153843 886.5384615384615 2415.3653846153843 884.6153846153846 2450.9423076923076 0.0 box 0
3047.0961538461534 0.0 3023.057692307692 892.3076923076923 2723.057692307692 891.3461538461539 2752.8653846153843 2.8846153846153846 box 0
3369.211538461538 4.8076923076923075 3325.9423076923076 899.0384615384614 3034.5961538461534 895.1923076923076 3060.557692307692 2.8846153846153846 box 0
