3229.039204188594 3044.4139462674266 3251.470754884907 1568.2788740010976 2939.7696504866985 1563.5422213351123 2917.3380997903855 3039.6772936014418 box 0
3531.215832324829 3043.2007157063344 3555.699108471787 1573.2021949378243 3256.403676036987 1568.217337729945 3231.920399890029 3038.2158584984554 box 0
1713.2739611415764 3043.179609865443 1726.7868591474985 1571.8146908618028 1420.9555649967292 1569.0059606606799 1407.442666990807 3040.370879664321 box 0
2928.8416362081357 3038.536282098481 2935.802256407355 1569.349491303652 2627.873874350946 1567.890607702544 2620.913254151727 3037.077398497373 box 0
2023.366979471105 3040.7139469268654 2033.134402165487 1572.6591297625605 1721.353890737635 1570.5847576019426 1711.5864680432528 3038.6395747662477 box 0
1411.3273163513693 3051.887355762433 1424.1087609438407 1574.298683033719 1116.2444217009986 1571.6355934563176 1103.4629771085272 3049.224266185031 box 0
3841.9700754111664 3039.4039224354174 3855.1320117625237 1578.003968054376 3546.708951383267 1575.226190021858 3533.5470150319097 3036.626144402899 box 0
2612.0 3035.948717948718 2626.208655573926 1574.5864405148081 2329.623785465219 1571.7027802938724 2315.4151298912925 3033.0650577277816 box 0
2319.6923076923076 3030.8205128205127 2332.042139046952 1569.1914142156288 2037.66230958218 1566.7040928756464 2025.3124782275354 3028.3331914805303 box 0
1095.75770528527 3060.630675131149 1130.479953574961 1569.707409881728 865.4320877292562 1563.5346858917997 830.709839439565 3054.4579511412207 box 0
