1018.1923076923077 2219.1730769230767 1080.3011326760075 1500.1139251348993 449.5244562416216 1445.630510101467 387.4156312579219 2164.6896618896444 box 0
1666.2692307692307 2291.2884615384614 1761.5614507400774 1582.0758211830873 1135.4428226440093 1497.9483950186598 1040.150602673163 2207.1610353740343 box 0
1559.6592404908345 787.1046677935083 1604.748942372434 161.69251590719358 1087.2319097929792 124.38161836982175 1042.1422079113797 749.7937702561364 box 0
965.547731862683 1376.6089777977445 1023.240208323225 755.2016784737525 507.78541734303803 707.3460072779864 450.0929408824962 1328.7533066019785 box 0
2414.4100385115626 2328.708458028296 2429.069942580728 1604.4205404224654 1774.2421488358505 1591.166539624197 1759.582244766684 2315.454457230028 box 0
1023.0000000000002 703.7884615384615 1061.3016539360178 89.98812809461376 554.4134908814555 58.35788296807601 516.1118369454379 672.1582164119238 box 0
1492.230769230769 1455.7115384615386 1548.936037489143 822.5242958381214 1036.458208849971 776.629194368529 979.7529405915973 1409.8164369919464 box 0
2022.434604820597 1555.057050110728 2087.778748849966 925.7443532274148 1563.0916803509117 871.2639215689594 1497.7475363215426 1500.5766184522724 box 0
3189.432076471395 1338.4668250621912 3437.9423957716463 491.0134532861256 2939.497749824898 344.8477263646231 2690.9874305246467 1192.301098140689 box 0
2650.3040047049353 1211.4369039730211 2908.0727299146056 375.2430783533849 2415.239105423614 223.3200537706967 2157.470380213944 1059.5138793903332 box 0
2073.9615384615386 902.8269230769231 2259.463424901997 299.5454731998517 1772.3005292384755 149.74866415194617 1586.7986427980175 753.0301140290176 box 0
447.5623883485143 1190.05506966894 496.38337092506737 572.7246104549014 1.3088423821293134 533.5721199672905 -47.51214019442381 1150.9025791813292 box 0
353.93744746457685 2187.0539598158402 405.9626068442773 1451.0570784389288 -35.01527648441689 1419.8858258920725 -87.04043586411737 2155.8827072689846 box 0
