2254.271890422742 854.5386470125187 2256.8634992475927 -21.027056228395622 2040.2326344658766 -21.668267343478366 2037.6410256410259 853.8974358974359 box 0
927.3846153846156 2920.5641025641025 1658.9575413847062 1984.0360619431337 1495.1075595897921 1856.043940610293 763.5346335897015 2792.5719812312614 box 0
1104.3076923076924 3056.461538461538 1826.5098283211337 2132.6361221898565 1656.368038200837 1999.6274799878183 934.1659021873955 2923.4528962595004 box 0
599.1794871794874 2630.8205128205127 1326.9284722619711 1702.6783954511752 1159.6975226275122 1571.5539139808138 431.94853754502833 2499.696031350151 box 0
2458.8920561053005 864.846373364361 2461.9980479405635 -23.96658612619825 2263.8239405532113 -24.659113336713258 2260.7179487179487 864.1538461538461 box 0
776.1025641025643 2782.102564102564 1503.1126859114647 1849.0032451430302 1326.884227869765 1711.6975262942024 599.8741060608644 2644.7968452537357 box 0
436.3364888070402 2493.0259443593154 1164.5141000694553 1568.5880998835987 999.2685382010163 1438.4245423960556 271.0909269386013 2362.8623868717723 box 0
1310.7378784384916 3151.490935732052 2009.5005635809102 2258.831656625848 1838.9678133475475 2125.3407208937965 1140.2051282051284 3018.0 box 0
257.13714069747044 2344.969467846637 990.5929180281969 1451.9894988202318 825.7881230888453 1316.6258477051206 92.33234575811889 2209.605816731526 box 0
1586.1782581900682 3155.232530645941 2173.521899440022 2406.148886399473 2000.1765895272167 2270.2318011716857 1412.832948277263 3019.3154454181536 box 0
1799.9206106339911 3211.856368750726 2337.0837478143244 2546.1397978676946 2166.6126985395927 2408.5876208122622 1629.4495613592594 3074.304191695294 box 0
2675.0334704666 845.5448014585838 2680.6638871821015 6.067881073981766 2469.2333225937027 4.649804940952322 2463.6029058782015 844.1267253255544 box 0
1596.4950323444898 870.2709241162994 1806.871794871795 866.7179487179486 1792.186088076498 -2.8437860618676565 1581.8093255491926 0.7091893364830377 box 0
2891.531152007803 865.0921286070653 2892.819612008034 18.116893278018324 2683.9098567507417 17.799089578359485 2682.621396750511 864.7743249074065 box 0
3322.72785788271 866.672121449041 3329.159016662804 -8.001057842029127 3114.618724911479 -9.578495808171851 3108.187566131385 865.0946834828984 box 0
122.71643587704767 2170.3261640614246 844.5054770340073 1303.7091842374425 667.0790367448701 1155.9340272837903 -54.71000441208952 2022.5510071077722 box 0
3540.5819254579387 884.3113818106445 3541.1280739382414 0.7531681885809575 3333.592787676827 0.6248856606689515 3333.046639196524 884.1830992827325 box 0
3107.4333311037008 859.1250328005532 3107.7845774348125 25.07455076916534 2901.9825632139264 24.98788071263056 2901.6313168828146 859.0383627440183 box 0
2029.948717948718 859.025641025641 2024.8210106075983 -14.951642602040287 1806.5701189389931 -13.671143989113263 1811.697826280113 860.3061396385682 box 0
1586.3589743589741 864.1538461538461 1585.3418620885238 16.23992619829839 1381.909589453675 16.48395269182896 1382.9267017241252 864.3978726473765 box 0
