1595.4782608695652 19.130434782608692 3150.3597799355766 -11.971342612952304 3156.400165209484 290.00765077336735 1601.5186461434726 321.1094281689284 box 0
1600.7211717819328 335.2427394742596 3145.2608695652175 304.3478260869565 3151.183668778614 600.448300375675 1606.6439709953283 631.3432137629782 box 0
1609.951754265171 646.5016290104778 3163.086956521739 615.4347826086956 3168.725968069043 897.3477655610575 1615.5907658124754 928.4146119628394 box 0
1616.3478260869565 945.2173913043478 1625.0434782608695 1237.391304347826 3174.608695652174 1210.4347826086955 3165.9130434782605 909.5652173913043 box 0
1627.6521739130435 1245.2173913043478 1635.4782608695652 1546.9565217391303 3183.304347826087 1519.9999999999998 3172.869565217391 1218.2608695652173 box 0
3180.695652173913 1527.8260869565215 3198.9565217391305 1823.478260869565 1638.0869565217392 1840.869565217391 1625.0434782608695 1544.3478260869563 box 0
1640.695652173913 1853.0434782608693 1650.2608695652175 2140.869565217391 3198.086956521739 2126.95652173913 3195.478260869565 1828.6956521739128 box 0
3192.869565217391 2137.391304347826 3203.304347826087 2427.8260869565215 1657.217391304348 2440.869565217391 1645.913043478261 2143.478260869565 box 0
3203.304347826087 2437.391304347826 3212.869565217391 2734.782608695652 1661.5652173913045 2740.869565217391 1652.0 2448.6956521739125 box 0
3214.608695652174 2746.086956521739 1664.1739130434783 2757.3913043478256 1668.5217391304348 3029.565217391304 3217.2173913043475 3027.8260869565215 box 0
