781.391272783223 949.2744444743877 1285.9718186661253 964.4164037112242 1270.6856502936998 1473.8024786025353 766.1051044107976 1458.6605193656985 box 0
1302.3095579460094 950.0231219901127 1805.0935997600675 960.0801437983947 1794.7673651309137 1476.323031856041 1291.9833233168556 1466.2660100477592 box 0
1806.2579852297854 961.8688647948585 2319.693850828342 967.0033946029788 2314.472784000984 1489.0926736666797 1801.036918402427 1483.9581438585597 box 0
763.2965503106484 1479.6715426738829 1277.6104981791382 1474.5282317503575 1282.673076923077 1980.7692307692307 768.359129054587 1985.9125416927563 box 0
1287.1906780182444 1476.291797488368 1800.6265436168014 1481.4263272964884 1795.4631681356018 1997.7466640500934 1282.0273025370448 1992.6121342419733 box 0
1803.826923076923 1497.1153846153845 2313.4423076923076 1497.1153846153845 2313.4423076923076 2011.5384615384614 1803.826923076923 2011.5384615384614 box 0
2319.211538461538 1495.1923076923076 2824.0192307692305 1495.1923076923076 2824.0192307692305 2006.7307692307688 2319.211538461538 2006.7307692307688 box 0
2324.980769230769 973.0769230769232 2841.326923076923 973.0769230769232 2841.326923076923 1487.5 2324.980769230769 1487.5 box 0
2850.875354867079 1486.8734438999445 3348.728160138209 1501.8135103469572 3333.7015682098436 2002.5496330231324 2835.848762938713 1987.60956657612 box 0
3353.1123685609296 1475.7449848616875 2852.302309827865 1485.7625217435525 2842.4399412669354 992.7098445741722 3343.2499999999995 982.6923076923077 box 0
