3399.4205633526576 2368.4743150623817 3755.773937966407 2092.9971755320425 3341.9147616696464 1557.6347336987337 2985.561387055897 1833.1118732290736 box 0
2975.2183908045977 1820.0114942528737 3332.9519069331013 1547.1167571211608 2920.700172297892 1006.7022950791595 2562.9666561693884 1279.597032210873 box 0
3352.229885057471 1537.2528735632188 3704.878240506621 1266.8276165229172 3291.625506531617 727.9249318545565 2938.9771510824676 998.3501888948574 box 0
3764.574205495612 2087.2066456316907 4119.012004597216 1817.1718045305925 3707.402298850575 1276.9080459770116 3352.9644997489704 1546.9428870781098 box 0
3023.7899394512797 2650.903036295301 3383.2414152951023 2374.6813246853653 2971.803916804211 1839.271507737718 2612.352440960389 2115.493219347654 box 0
2649.493711321654 2937.9625003508554 3007.39740660082 2668.20335247344 2617.1724137931033 2150.4712643678163 2259.268718513937 2420.230412245232 box 0
2607.402298850575 2100.4712643678163 2966.2464176464705 1820.290061691194 2550.2605567807577 1287.5131364447245 2191.416437984862 1567.694339121347 box 0
2272.377573800475 3206.392217251299 2631.454191450188 2938.8278388976614 2238.4367816091954 2411.3908045977014 1879.3601639594824 2678.955182951338 box 0
1869.471264367816 2665.9885057471265 2224.744421921504 2390.006501360978 1813.0562678034862 1860.0380682152024 1457.7831102497983 2136.020072601351 box 0
2248.206896551724 2398.1724137931037 2609.1535821958414 2118.1358108310837 2184.3405417188833 1570.5828932599675 1823.393856074766 1850.6194962219874 box 0
