731.578947368421 1590.7894736842104 448.6842105263158 1494.7368421052631 921.0526315789474 28.947368421052627 1206.578947368421 106.57894736842107 box 0
1214.4736842105262 114.47368421052632 1490.7894736842104 197.3684210526316 1028.9473684210527 1681.5789473684208 738.1578947368421 1594.7368421052631 box 0
1501.4925373134326 202.98507462686564 1043.2835820895523 1689.55223880597 1317.910447761194 1773.1343283582091 1791.044776119403 294.02985074626866 box 0
1800.0 298.5074626865671 2077.6119402985073 382.08955223880594 1588.0597014925372 1858.2089552238806 1323.8805970149253 1774.6268656716416 box 0
2080.597014925373 392.5373134328358 2380.597014925373 482.08955223880594 1895.5223880597014 1965.6716417910445 1604.4776119402984 1870.1492537313432 box 0
2389.55223880597 485.07462686567163 2662.686567164179 570.1492537313433 2176.1194029850744 2049.2537313432836 1905.9701492537313 1962.686567164179 box 0
2462.686567164179 2141.791044776119 2185.0746268656717 2052.2388059701493 2677.6119402985073 576.1194029850745 2958.2089552238804 659.7014925373134 box 0
2967.1641791044776 674.6268656716418 3246.268656716418 756.7164179104477 2752.2388059701493 2229.8507462686566 2474.6268656716416 2141.791044776119 box 0
3253.7313432835817 762.6865671641791 3537.3134328358205 849.2537313432836 3044.776119402985 2323.880597014925 2762.686567164179 2234.3283582089553 box 0
3543.283582089552 855.2238805970148 3838.8059701492534 946.2686567164178 3340.2985074626863 2404.477611940298 3058.2089552238804 2326.865671641791 box 0
