1389.8305084745764 2679.661016949153 1403.7495238688489 2232.585260533873 724.6504771271531 2211.4425571996017 710.7314617328805 2658.518313614881 box 0
719.7438259174062 2200.3561442545442 734.3593766543017 1751.1394823940784 74.85855499518021 1729.6822023366947 60.24300425828477 2178.89886419716 box 0
1408.4745762711866 2222.0338983050847 1418.8741698828715 1769.9403207354765 744.233660828632 1754.421438193811 733.834067216947 2206.515015763419 box 0
699.8514018916222 2662.400158356012 713.6246571070053 2202.076422658484 44.28172979165429 2182.0491456584036 30.508474576271187 2642.3728813559323 box 0
728.274803696085 1725.3835323635988 739.3418460635191 1282.0021019056817 61.91449999455284 1265.0931458132698 50.847457627118644 1708.4745762711866 box 0
716.8893688931166 1267.097896606516 728.9153509062265 828.7043826134213 74.73784641988962 810.7590283797871 62.71186440677966 1249.1525423728815 box 0
723.1334319989969 809.4381981765157 735.6424169616827 356.5328263295946 87.08525614912647 338.62005188189266 74.57627118644068 791.5254237288136 box 0
1425.4237288135594 1750.8474576271185 1436.395211657774 1299.9717931424395 752.1071743966675 1283.3205186277853 741.135691552453 1734.1961831124647 box 0
1442.3728813559323 828.8135593220339 1457.2768648935005 385.4704408236771 747.0446272841237 361.594374780217 732.1406437465555 804.9374932785738 box 0
1427.1186440677966 1291.5254237288136 1437.8923303819474 837.0268478726473 733.8983050847457 820.3389830508474 723.1246187705951 1274.8375589070138 box 0
