1056.8932567074942 2705.4653987184565 1056.8110536951292 2441.6474098258213 11.369840292627988 2441.9731587156257 11.452043304992866 2705.791147608261 box 0
1040.4037414497918 324.05152935356 1044.1702030984877 48.236447944848265 1.0060432486943058 33.991259533463875 -2.760418400001692 309.80634094217567 box 0
1029.7861157860284 1112.6166634504912 1030.3811332904766 845.6700857600563 21.09156785349783 843.4204035813693 20.496550349049834 1110.366981271804 box 0
1034.4616642367437 849.5442672960014 1037.7045597403594 594.3116614689388 -1.3731079470708385 581.1095069654732 -4.616003450686531 836.3421127925358 box 0
1059.7429761067335 1654.9386492890349 1059.2200840942367 1370.418289988026 12.80152309980933 1372.3413998442654 13.32441511230634 1656.8617591452748 box 0
1069.9835092435596 2178.763804535698 1074.2449927632724 1913.5917724822323 12.388374720978806 1896.52706002729 8.126891201266101 2161.6990920807557 box 0
1033.3195300817747 582.5741036017637 1034.6508582856554 320.2863839747213 41.954451775525 315.24762453239157 40.623123571644385 577.535344159434 box 0
1042.8576728296803 1389.4785332292938 1042.023236970048 1112.2760255568498 42.656042342133574 1115.2843238263702 43.49047820176587 1392.4868314988141 box 0
1063.0618633392176 2443.1757683308592 1066.245573558918 2175.0094924667633 -2.0399063232263286 2162.3266471354495 -5.223616542927052 2430.4929229995455 box 0
1078.875356317376 1902.3382105805947 1078.5342756120062 1637.970934641868 4.417068456793969 1639.3567364714067 4.758149162163535 1903.7240124101334 box 0
