2392.0539064035333 2570.4800649990243 2439.057913836366 1838.7915352779726 1786.6865471153733 1796.8828988503778 1739.68253968254 2528.571428571429 box 0
1687.3015873015872 2526.9841269841268 1755.193686253212 1800.6548454676424 1115.2365450304733 1740.8362003126804 1047.3444460788483 2467.165481829164 box 0
2360.769303918707 1024.9731091196531 2448.849950528266 397.11098205196174 1934.7591447553286 324.99092792481116 1846.6784981457697 952.8530549925026 box 0
2479.3650793650795 1820.6349206349207 2547.219596377761 1105.9790713847724 1900.7213113308367 1044.595919022116 1832.8667943181556 1759.2517682722646 box 0
2895.2380952380954 1077.7777777777778 2984.3771056521305 449.9247423261379 2469.3209063556214 376.79998649871925 2380.1818959415864 1004.6530219503592 box 0
3091.6500588848517 2620.3545712594814 3134.87870659862 1875.1046340593325 2488.0198205546176 1837.5832153922324 2444.791172840849 2582.833152592382 box 0
3148.218623232762 1858.4802643001071 3203.839014687273 1140.5157677947695 2563.248272061427 1090.8894867733366 2507.6278806069163 1808.8539832786741 box 0
1796.8253968253969 1782.5396825396824 1866.0561991854781 1054.5053637178403 1235.053641627812 994.5015806246549 1165.8228392677306 1722.535899446497 box 0
1817.2637724685596 966.6573631676653 1904.3637096878047 345.78727891200776 1386.9539788436966 273.20147357855035 1299.8540416244514 894.0715578342079 box 0
3460.9226000411295 1114.0183721434555 3558.0881737617374 498.0338176752605 3045.857966486864 417.234483331791 2948.692392766257 1033.2190377999864 box 0
1281.3003812333143 858.4800693561752 1355.6593754144287 245.18662884608628 844.3987753431751 183.1986448328999 770.0397811620608 796.4920853429888 box 0
1074.6031746031747 1923.8095238095236 1145.1756684703523 1304.5770163616492 629.3152436763438 1245.7855992005286 558.7427498091664 1865.018106648403 box 0
