2079.2581928834 1042.5883601602513 2142.1851909098036 412.1082875934252 1618.2127379790272 359.8116093221705 1555.2857399526238 990.2916818889968 box 0
2624.128608392786 1075.0274952264588 2684.4755070433685 446.78170257266083 2157.5673976191765 396.16891590635373 2097.2204989685943 1024.4147085601517 box 0
1536.4503993597534 974.9367704123107 1606.5654903165166 352.35294012306093 1086.2032523921405 293.7499956399356 1016.0881614353774 916.3338259291853 box 0
3175.067709722311 1107.6774334771692 3234.3906651725806 478.31501934470856 2701.6860225774944 428.10291091370004 2642.363067127224 1057.4653250461606 box 0
1005.3662926910708 931.3733773836179 1070.2925118042454 321.8136138418985 565.3206877471616 268.0274008146244 500.394468633987 877.5871643563438 box 0
2070.866608314212 2946.1720129043792 2138.3733497907165 2209.9029681461666 1489.737896461789 2150.4311403243805 1422.2311549852845 2886.700185082593 box 0
2741.9014593449283 2995.3797168097994 2803.757066692941 2246.452239425153 2154.071088567669 2192.793211046646 2092.215481219656 2941.7206884312923 box 0
3712.787834546295 1167.945733016588 3770.9546869022697 543.6047657815243 3246.9013278987727 494.7812287088202 3188.734475542798 1119.1221959438842 box 0
1493.2541645027818 2098.562368207082 1492.1170909282557 1397.8182590134543 842.6415445523381 1398.8721408390684 843.7786181268649 2099.616250032696 box 0
4243.810536064004 2421.64675698292 4251.506638895223 1559.972489530309 3710.312522486282 1555.1387771533023 3702.616419655062 2416.8130446059135 box 0
2370.135947340188 2042.411046713437 2578.725022804585 1211.0824686188364 1878.5013741319801 1035.3889975370512 1669.9122986675832 1866.7175756316515 box 0
