1097.6382978723404 335.0212765957447 2.957446808510851 335.0212765957447 2.957446808510851 3.106382978723482 1097.6382978723404 3.106382978723482 box 0
1097.6382978723404 339.2765957446809 -0.23404255319127648 339.2765957446809 -0.23404255319127648 632.8936170212767 1097.6382978723404 632.8936170212767 box 0
1096.5744680851064 647.7872340425532 0.8297872340427661 647.7872340425532 0.8297872340427661 942.468085106383 1096.5744680851064 942.468085106383 box 0
0.8297872340427661 952.0425531914892 1083.808510638298 952.0425531914892 1083.808510638298 1244.595744680851 0.8297872340427661 1244.595744680851 box 0
0.8297872340427661 1257.3617021276596 1083.808510638298 1257.3617021276596 1083.808510638298 1555.2340425531918 0.8297872340427661 1555.2340425531918 box 0
-0.23404255319127648 1566.9361702127662 1096.5744680851064 1566.9361702127662 1096.5744680851064 1859.4893617021278 -0.23404255319127648 1859.4893617021278 box 0
0.8297872340427661 1876.5106382978722 1100.8297872340427 1876.5106382978722 1100.8297872340427 2168.0 0.8297872340427661 2168.0 box 0
0.8297872340427661 2176.5106382978724 1102.9574468085107 2176.5106382978724 1102.9574468085107 2478.6382978723404 0.8297872340427661 2478.6382978723404 box 0
1.8936170212768086 2487.148936170213 1101.8936170212767 2487.148936170213 1101.8936170212767 2779.702127659574 1.8936170212768086 2779.702127659574 box 0
-0.23404255319127648 2787.1489361702124 1106.148936170213 2787.1489361702124 1106.148936170213 3030.7659574468084 -0.23404255319127648 3030.7659574468084 box 0
