1727.659574468085 1714.723404255319 1776.292129410668 994.8913178394185 1138.8964880734634 951.8282491981792 1090.2639331308806 1671.6603356140797 box 0
3772.678510016782 1831.2535357287466 3839.032515003037 1112.8335027639903 3199.332728390511 1053.7501798012013 3132.978723404255 1772.1702127659576 box 0
3098.936170212766 1768.9787234042553 3143.15754510738 1041.612351869231 2494.9764970577767 1002.205172424167 2450.755122163162 1729.571543959191 box 0
3163.65146739971 2528.648198200666 3216.0102881506627 1800.676244829307 2564.0922306879415 1753.7875418278777 2511.733409936989 2481.7594951992364 box 0
2429.8448915711606 1726.5428052885363 2449.118548125906 1003.8760204993786 1806.5076991079366 986.7374705299911 1787.2340425531913 1709.404255319149 box 0
3775.5319148936164 992.3829787234043 3818.561852331676 383.39550550887327 3297.466422253149 346.57585856740155 3254.436484815089 955.5633317819324 box 0
1758.5106382978722 2433.872340425532 2494.5794313653178 2399.495400983085 2464.2138773977913 1749.3171994849172 1728.145084330346 1783.6941389273638 box 0
1676.6035700582966 819.8072597301594 1711.1510101366496 211.28562344233654 1200.8175864211441 182.31259713657494 1166.270146342791 790.8342334243979 box 0
3246.226661027633 949.4031950533556 3291.091313358441 338.5240947149668 2772.5933157140767 300.4441663205454 2727.728663383268 911.3232666589342 box 0
2194.68085106383 854.0851063829788 2234.6829081994397 244.011833936931 1722.664256413297 210.43914637904658 1682.662199277687 820.5124188250944 box 0
2722.176289884677 884.3533134567862 2766.48359771775 276.62727225942956 2247.9256403846043 238.82091629090485 2203.618332551531 846.5469574882615 box 0
