3889.2763108695513 1650.787425352376 3896.879466058631 1140.7112939882827 3474.5788427864545 1134.4165137040204 3466.975687597375 1644.4926450681137 box 0
1070.8807889740633 1656.9048718966621 1574.7826086956522 1630.3478260869565 1544.2159694426662 1050.3667072260744 1040.3141497210777 1076.9237530357802 box 0
3458.260869565217 1671.2173913043478 3453.4965574469466 1093.057263183586 2943.2350552508037 1097.2620586029834 2947.999367369075 1675.4221867237452 box 0
2099.480525634944 1620.6101949203357 2517.391304347826 1610.3478260869565 2504.730383614377 1094.761675477384 2086.8196049014955 1105.0240443107634 box 0
1579.3774525609358 1617.580410781553 2085.217391304348 1597.3043478260868 2061.855767758764 1014.4869513127804 1556.0158290153524 1034.7630142682465 box 0
3164.7927323177687 2519.259470524843 3677.3913043478256 2500.782608695652 3656.3086255674193 1915.8915629482922 3143.7100535373625 1934.3684247774825 box 0
1532.173913043478 2782.5217391304345 2046.4981395737282 2765.2991770393464 2032.6233696834095 2350.9514014656042 1518.2991431531598 2368.173963556693 box 0
1516.796572130511 2340.6051017003974 2023.1451996598444 2329.510013252999 2014.174714485854 1920.122302856949 1507.8260869565215 1931.217391304348 box 0
2079.171235168206 2522.7746113388766 2589.565217391304 2509.478260869565 2574.1723325183907 1918.606665966846 2063.778350295293 1931.9030164361582 box 0
2524.7852572730244 1624.8229392772414 2943.478260869565 1617.304347826087 2934.0987221096743 1094.9794840211798 2515.4057185131333 1102.498075472334 box 0
3139.130434782609 2503.391304347826 3132.023235214472 1916.6264998110862 2620.967015313493 1922.8166777448857 2628.0742148816294 2509.5814822816255 box 0
