588.923076923077 1756.4615384615386 587.9431881481077 1562.9940736222036 -9.680919668818849 1566.020965794421 -8.701030893849316 1759.4884306337565 box 0
576.1025641025643 1933.3846153846155 576.2020422238812 1754.392601961095 -4.040216533511211 1754.0701215961562 -4.13969465482818 1933.0621350196773 box 0
594.0512820512821 1571.8461538461538 593.2406909857873 1376.1402862639832 -0.4116157563660688 1378.5991254485239 0.3989753091287935 1574.3049930306945 box 0
567.2069575692797 2867.0525310986 568.9819093189183 2679.4209024948336 -7.203175487675653 2673.9703250415364 -8.978127237314252 2861.6019536453027 box 0
577.5600658356758 2686.3490736423155 577.7967578207735 2500.0530987099337 -0.8057989060493549 2499.317975002704 -1.042490891146989 2685.6139499350857 box 0
586.4450903508969 2505.198562765967 586.3589743589745 2315.4358974358975 2.400653095963305 2315.7009029362653 2.486769087885775 2505.463568266335 box 0
570.974358974359 2138.5128205128203 572.6302331384593 1933.1251336448167 2.9311972216270057 1928.532112859234 1.2753230575267231 2133.919799727237 box 0
573.2375266592926 2325.372682239697 573.6978812443906 2132.990529324535 -0.7413006346649587 2131.615943858935 -1.2016552197630057 2323.998096774097 box 0
594.0512820512821 1369.2820512820513 593.925511176166 1186.566919686876 -19.980870125527513 1186.989498496532 -19.855099250411435 1369.7046300917075 box 0
589.4871794871796 1182.6666666666667 589.3614086120634 999.9515350714914 -24.544972689630058 1000.3741138811474 -24.419201814513976 1183.089245476323 box 0
