1670.1153846153845 2634.557692307692 1710.114969987988 2115.755329528523 1289.5033067035915 2083.3262325519195 1249.5037213309886 2602.1285953310885 box 0
2297.038461538462 2639.3653846153843 2305.4508227950896 2119.2469700193415 1719.2159448277569 2109.765245403753 1710.803583571129 2629.883659999796 box 0
2851.7475135440295 2082.4445030591414 2862.9814572112227 1578.298409982915 2440.003174436424 1568.8731376930043 2428.769230769231 2073.0192307692305 box 0
3377.8076923076924 2737.4423076923076 3387.557763182656 2161.56275672728 2867.978662207224 2152.765894516821 2858.22859133226 2728.645445481848 box 0
2817.8638294368084 2700.2030579950483 2823.0912067693807 2113.5991789999043 2323.433155588328 2109.1465981965607 2318.205778255757 2695.7504771917047 box 0
3373.730523638635 2119.045679530708 3379.0739688678855 1537.4867115882682 2869.6895990754037 1532.8064166729444 2864.346153846154 2114.3653846153843 box 0
1239.817174652498 2567.5697648481837 1291.0182737693888 2061.044801297889 710.1291977464653 2002.326749281455 658.9280986295747 2508.8517128317494 box 0
3932.5499077168106 2116.298419268392 3930.445063692426 1539.8150461415653 3406.4720790525384 1541.7281653347106 3408.5769230769233 2118.211538461538 box 0
2403.769230769231 2071.096153846154 2406.0747368824505 1565.671973989187 1984.174476719586 1563.7474645024233 1981.8689706063656 2069.17164435939 box 0
1958.576923076923 2092.25 1966.4478489314483 1580.9584824622502 1552.8347171439675 1574.5912375909975 1544.9637912894418 2085.882755128747 box 0
3927.544808267056 2730.1458048646996 3922.4785614205343 2144.143345733435 3412.164522384247 2148.5552331764275 3417.2307692307695 2734.557692307692 box 0
