1619.6181431396644 1394.9413307725567 1772.1570554360605 1130.594337074158 426.0079318420252 353.81182016738455 273.46901954562884 618.1588138657836 box 0
1310.011311477506 1925.7495195220943 1464.036456296252 1664.3201779371755 124.61906476608532 875.1816808868413 -29.40608005266084 1136.6110224717602 box 0
1913.4158863035932 846.3496660125014 2058.58114060122 585.361741840157 721.0345253022415 -158.60101107475725 575.8692710046148 102.38691309758713 box 0
1764.547134126541 1121.3117942496392 1910.8659515301333 863.3553895155969 550.1487501965787 91.52523501671814 403.8299327929867 349.48163975076045 box 0
1485.010198691167 1664.2847758895405 1633.3409214039505 1410.43559798494 268.48582410546373 612.9150204056257 120.15510139268032 866.764198310226 box 0
1169.7806160518985 2213.1653174234225 1334.1629507378648 1941.608417657199 12.491388266338959 1141.5570939230133 -151.89094641962754 1413.1139936892368 box 0
1022.2564102564102 2448.769230769231 1163.3702904727122 2208.565860358535 119.06338798973779 1595.0599012453263 -22.05049222656392 1835.2632716560224 box 0
882.394033357214 2711.9985520283517 1031.374075685866 2461.1670354318217 9.697991046600865 1854.3479705829568 -139.28205128205116 2105.1794871794873 box 0
717.6681044090348 2977.6441285921646 872.4949892941606 2721.2612678668916 -7.532089473848286 2189.822267479855 -162.35897435897425 2446.2051282051284 box 0
2084.14283625752 574.6478447145815 2224.653112462992 305.99768758427433 1186.224841812549 -237.12443334525787 1045.7145656070768 31.52572378504931 box 0
