896.7652405310482 1453.511534239935 907.253391144987 499.9049991071037 744.3396226415093 498.11320754716974 733.8514720275706 1451.7197426800012 box 0
1218.4762749279444 1443.305401914394 1229.1953122122586 481.213804474569 1067.0797746870064 479.4076121164567 1056.3607374026924 1441.4992095562818 box 0
616.0424800505057 2450.605560441003 774.5283018867924 2448.1132075471696 759.2697472553305 1477.8394646978043 600.7839254190437 1480.3318175916374 box 0
736.0167125233319 1458.1785018293297 744.3396226415094 497.16981132075466 585.7877214707539 495.7966570136776 577.4648113525764 1456.8053475222528 box 0
1858.7821924158484 1445.295419565037 1882.075471698113 471.6981132075471 1721.8456821953976 467.8646214632152 1698.552402913133 1441.4619278207053 box 0
1699.702442506383 1441.8074419707227 1718.8679245283017 466.98113207547163 1560.2626584408388 463.86288798939694 1541.0971764189203 1438.689197884648 box 0
1087.0405392435619 2439.456355019932 1249.0566037735848 2438.6792452830186 1244.4331259062367 1474.7514331248083 1082.4170613762135 1475.5285428617212 box 0
1542.1274234246405 1439.387242673286 1556.919817689615 478.0711471852803 1400.1109905912192 475.6582280574776 1385.3185963262447 1436.974323545483 box 0
1375.9143078201423 1449.193363632272 1389.5203208477374 482.10145484583484 1224.464548954764 479.779285709425 1210.8585359271685 1446.871194495862 box 0
771.6029690458611 2455.4753906183314 929.2452830188679 2452.830188679245 912.9867238155737 1483.8921061825693 755.3444098425667 1486.537308121655 box 0
1720.7547169811319 2437.7358490566035 1724.6857401363861 1467.5249065251408 1561.7697074069433 1466.8648163643861 1557.8386842516893 2437.0757588958486 box 0
1055.7293675822748 1449.5282741601404 1063.9607737859155 484.1480187418533 911.7181958360146 482.8499079781812 903.4867896323738 1448.230163396468 box 0
1882.075471698113 2438.6792452830186 1885.8701209041674 1473.3257999879893 1726.2637351691326 1472.6984129435214 1722.4690859630782 2438.051858238551 box 0
459.0361447806535 2447.3318897205263 612.2641509433962 2445.2830188679245 599.2458950250644 1471.6924211250619 446.01788886232157 1473.7412919776632 box 0
927.8130306981543 2444.117249648407 1089.6226415094338 2442.452830188679 1079.7045225092502 1478.2445796664379 917.8949116979707 1479.908999126166 box 0
571.856403626679 1458.7296640690645 583.0188679245283 490.566037735849 426.7039468329939 488.76380133856384 415.54148253514444 1456.9274276717792 box 0
406.60688896027466 1453.464095716707 426.4150943396226 491.5094339622642 264.7885066621582 488.18128059832145 244.98030128281027 1450.1359423527642 box 0
1253.504809677856 2434.293692131345 1406.6037735849056 2433.018867924528 1398.5384943334234 1464.425794134285 1245.4395304263733 1465.700618341102 box 0
294.3396226415094 2441.509433962264 457.7895804521417 2438.6696859739263 441.05039299739593 1475.1970487897117 277.60043518676355 1478.0367967780496 box 0
1558.4905660377358 2441.509433962264 1554.2210971954914 1463.1645311235047 1401.3747656121875 1463.8315480910924 1405.6442344544316 2442.1764509298514 box 0
