1196.8503937007874 992.0157480314961 1380.3149606299212 755.7952755905513 2128.3464566929133 1277.0551181102362 1955.9055118110236 1527.4488188976377 box 0
1026.7716535433071 1250.283464566929 1205.511811023622 1010.9133858267719 1950.3937007874015 1538.4724409448818 1776.3779527559054 1782.5669291338586 box 0
859.8425196850394 1504.6141732283465 1037.007874015748 1262.0944881889764 1774.8031496062993 1803.8267716535431 1605.511811023622 2047.1338582677163 box 0
691.3385826771654 1755.7952755905512 871.6535433070866 1525.0866141732283 1604.724409448819 2069.968503937008 1429.1338582677165 2310.1259842519685 box 0
525.9842519685039 2019.5748031496064 702.3622047244095 1784.9291338582675 1428.3464566929133 2331.3858267716537 1249.6062992125985 2580.9921259842517 box 0
1268.503937007874 2591.228346456693 1444.0944881889764 2337.685039370079 2203.149606299213 2839.259842519685 1981.0 3035.0 box 0
1440.9448818897638 2326.6614173228345 1618.8976377952756 2077.0551181102364 2370.0787401574803 2595.952755905512 2212.5984251968503 2836.8976377952754 box 0
1612.5984251968503 2053.433070866142 1797.6377952755906 1811.7007874015749 2547.244094488189 2335.3228346456694 2383.464566929134 2575.48031496063 box 0
1792.9133858267717 1790.4409448818897 1972.4409448818897 1547.1338582677165 2712.5984251968503 2081.779527559055 2541.732283464567 2325.8740157480315 box 0
1968.503937007874 1522.7244094488187 2135.433070866142 1277.0551181102362 2869.2913385826773 1812.4881889763778 2707.086614173228 2066.031496062992 box 0
