2580.7692307692305 2489.153846153846 2701.152287307368 2265.9553044250933 2037.1533992307222 1907.8247581165372 1916.7703426925843 2131.0232998452902 box 0
2473.846153846154 2727.6153846153848 2591.6239507706487 2502.5555814619574 1910.95636152178 2146.350128616221 1793.1785645972848 2371.4099317696478 box 0
2356.153846153846 2953.769230769231 2469.725651802395 2726.758928252715 1789.2185819141814 2386.305583946085 1675.6467762656325 2613.3158864626007 box 0
2021.4894031709432 1892.7581007892986 2139.9348139956787 1670.1841377485275 1473.076923076923 1315.3076923076922 1354.6315122521876 1537.881655348463 box 0
2704.6153846153843 2263.0 2828.8427011168897 2034.2077203561475 2157.1089604783297 1669.476532166823 2032.8816439768245 1898.268811810675 box 0
1776.4651230089298 2366.239997681345 1898.6150092547425 2141.3229349978787 1243.076923076923 1785.3076923076922 1120.9270368311109 2010.2247549911588 box 0
1909.3122350852068 2127.2449274776436 2026.6784118682087 1905.7964023316151 1352.3076923076922 1548.384615384615 1234.9415155246904 1769.8331405306437 box 0
1666.0510156074956 2605.7425264956746 1787.7916084252886 2381.9681791620446 1122.3076923076924 2019.9230769230771 1000.5670994898995 2243.6974242567067 box 0
2824.7930992136726 2022.6305688415378 2948.4615384615386 1796.076923076923 2278.939670225081 1430.6062010866697 2155.2712309772155 1657.1598468512846 box 0
2145.439819971898 1651.8478017958835 2261.6536060405124 1428.1005329930815 1591.2803524298154 1079.910298993415 1475.0665663612017 1303.6575677962169 box 0
