2746.5540660267798 2049.2026005850435 3558.190856939712 2015.9745100623113 3547.614506208328 1757.6341952218413 2735.9777152953957 1790.8622857445737 box 0
321.877560960008 2164.231375368573 1119.9300236469273 2116.3832839059005 1104.335935057448 1856.2913884558898 306.2834723705287 1904.1394799185618 box 0
1947.9292912087428 1852.4261362824684 2745.8428458165554 1793.318747677439 2725.133816091062 1513.7595265593282 1927.2202614832493 1572.8669151643578 box 0
286.2055808358741 1896.7978105476443 1099.8318583010064 1856.5906716976056 1086.6568428701805 1589.9828237602171 273.03056540504826 1630.1899626102559 box 0
1131.6863918318995 2121.520721656851 1935.1258861287492 2078.8728284830618 1922.2224708542576 1835.7866483382656 1118.782976557408 1878.4345415120554 box 0
1110.0221950019559 1846.1199082571227 1920.582660667058 1826.9178590830168 1914.324403813962 1562.743158606891 1103.7639381488598 1581.945207780997 box 0
2737.426828884941 1776.647267227037 3532.66733679899 1749.8272105010906 3524.0835074187694 1495.308403701918 2728.8429995047204 1522.1284604278642 box 0
1953.991984917447 2101.656788333047 2736.8889581492836 2039.9940464163274 2719.1812610847496 1815.169427792441 1936.2842878529132 1876.832169709161 box 0
-7.027200533306996 1922.8745311585342 308.25492553425454 1906.9502028491647 293.966822458661 1624.0633251341906 -21.315303608900535 1639.9876534435596 box 0
5.139537644768211 2187.6071664139513 322.3342080149917 2170.974137671436 307.90540320835066 1895.814390440297 -9.289267161872829 1912.4474191828124 box 0
