3731.4694604711613 1777.5528311153694 4158.955179430997 1257.8470698495478 3807.496432930026 968.7534978122678 3380.0107139701904 1488.4592590780903 box 0
3007.1672994650125 1186.7441041037482 3439.026219291878 663.4404148556587 3086.153846153846 372.23076923076934 2654.29492632698 895.5344584788586 box 0
1848.4615384615383 1116.8461538461538 2274.255646411547 593.1260331515424 1926.8843164485638 310.70674138779555 1501.0902084985555 834.4268620824072 box 0
2200.0 1420.6923076923076 2632.702342334927 894.1878869467014 2284.200917365892 607.7755094824997 1851.498575030965 1134.279930228106 box 0
2642.7668220322034 887.6108316440883 3075.17948075486 367.86454322904416 2725.3846153846152 76.84615384615391 2292.9719566619583 596.5924422611979 box 0
2561.5384615384614 1719.1538461538462 2989.8714551132102 1191.4334225671084 2640.492082635409 907.8538872336858 2212.1590890606594 1435.5743108204238 box 0
3276.7846665850616 2305.549626832551 3711.5384615384614 1779.1538461538462 3367.1813399892158 1494.7469969581036 2932.427545035816 2021.142777636809 box 0
2286.049154787865 586.8796259286272 2711.958469517067 67.63176692561119 2364.1777517933515 -217.63286073436973 1938.2684370641496 301.6149982686463 box 0
3385.734112006356 1468.6486290940256 3803.2854957131067 964.3468267698951 3447.6923076923076 669.923076923077 3030.140923985557 1174.2248792472074 box 0
2922.097765811726 2009.0643521458592 3350.0 1489.923076923077 2999.0633154998773 1200.663488977992 2571.161081311603 1719.8047642007748 box 0
