394.45614035087743 1246.9473684210527 669.8947368421054 1246.9473684210527 669.8947368421054 2782.035087719298 394.45614035087743 2782.035087719298 box 0
682.1754385964914 1232.9122807017545 969.8947368421054 1232.9122807017545 969.8947368421054 2776.7719298245615 682.1754385964914 2776.7719298245615 box 0
987.4385964912282 1227.6491228070176 1276.9122807017545 1227.6491228070176 1276.9122807017545 2771.5087719298244 987.4385964912282 2771.5087719298244 box 0
1285.6842105263158 1225.8947368421054 1583.9298245614036 1225.8947368421054 1583.9298245614036 2775.017543859649 1285.6842105263158 2775.017543859649 box 0
1586.480961928085 1222.0999758480737 1872.4315760823242 1219.2403743858472 1887.8699152648974 2763.0228311694705 1601.9193011106581 2765.882432631697 box 0
1879.4814440878085 1216.9332198546604 2184.729338951843 1213.8806391526514 2200.1325909999105 2754.1544994435853 1894.8846961358759 2757.2070801455943 box 0
2191.7534617771357 1211.6876493864604 2500.5099531338606 1208.5999815499456 2515.9307487491806 2750.628140087224 2207.1742573924557 2753.7158079237383 box 0
2502.5602158728975 1215.1437028959585 2800.790917751551 1212.1612964629617 2816.176626232366 2750.68085850755 2517.945924353712 2753.6632649405483 box 0
2805.779382979255 1206.3455892983688 3098.747190118874 1203.4158135671305 3114.1855293014464 2747.198270350754 2821.2177221618276 2750.128046081992 box 0
3115.508771929825 1197.8245614035088 3420.7719298245615 1197.8245614035088 3420.7719298245615 2759.2280701754385 3115.508771929825 2759.2280701754385 box 0
