1310.3824712040446 1466.032496651782 1438.8540739424502 1218.6196355084842 374.6613886592363 666.0269397648441 246.1897859208309 913.4398009081416 box 0
1570.458085439285 966.8506642692087 1702.4100228883565 723.6882023046585 647.4874727272187 151.235228980303 515.5355352781474 394.39769094485314 box 0
1428.0546590934962 1206.9329769938374 1556.515926274164 961.9846989256523 482.554990183237 398.7540290028668 354.0937230025694 643.7023070710518 box 0
1034.704104337007 1956.030877267971 1160.0475895569298 1697.4523522550537 86.94863270828091 1177.2778202417944 -38.39485251164194 1435.8563452547116 box 0
1165.5525939081667 1713.6347924654124 1290.7884211427322 1468.070095042203 222.2564102564105 923.1282051282051 97.0205830218448 1168.6929025514137 box 0
890.4332646717005 2218.537558883661 1025.1548826326862 1949.3526161927741 -14.319940242262135 1429.1164968633466 -149.04155820324775 1698.301439554234 box 0
1699.1794871794873 717.9999999999999 1834.5489926843202 466.69153877348543 800.4242793868253 -90.34880275019847 665.0547738819923 160.95965847631606 box 0
758.8498565959048 2468.5610637942314 881.1722208856768 2226.120398105114 -11.831481864074055 1775.5593343108828 -134.15384615384596 2018.0 box 0
614.5641025641027 2715.5641025641025 740.7715461541561 2469.7010123805685 -74.42039892873203 2051.243360411282 -200.62784251878543 2297.1064505948157 box 0
1843.0080326746024 456.8042210030247 1969.1041845303323 215.14907121272438 1099.9398852440672 -238.3826394314946 973.8437333883373 3.2725103588057465 box 0
