1417.6522086555415 959.0596472309466 1411.864406779661 781.3559322033899 223.75909113954424 820.0524680272999 229.54689301542498 997.7561830548566 box 0
223.51339079975457 1766.0201475463189 1411.0169491525423 1732.2033898305085 1405.4421719226384 1536.4404532069282 217.93861356985053 1570.2572109227385 box 0
237.12051787539286 2540.3459462922597 1432.2033898305085 2498.305084745763 1425.213057941307 2299.5930316916865 230.13018598619124 2341.6338932381827 box 0
212.37856619845076 1178.4728203164138 1391.5254237288136 1149.1525423728815 1387.1917679011603 974.8698612660711 208.0449103707973 1004.1901392096033 box 0
225.47056289012858 1962.910823371812 1401.4414679350464 1922.147648754838 1394.7163675949662 1728.1362056385083 218.7454625500484 1768.8993802554824 box 0
201.5544644348952 1383.3070416020487 1388.9830508474577 1343.2203389830509 1382.5114864311731 1151.5228411932367 195.08290001861099 1191.6095438122345 box 0
229.97017093377517 2153.9657660945054 1416.1016949152543 2116.949152542373 1410.124839730623 1925.4314617417585 223.99331574914402 1962.4480752938905 box 0
273.5905742195953 2728.178494906686 1460.1694915254238 2688.983050847458 1453.9271986000006 2500.0076900947656 267.348281294172 2539.2031341539932 box 0
221.4848452616048 1569.3398630231238 1393.2203389830509 1529.6610169491526 1387.0250198344938 1346.7102494857236 215.28952611304783 1386.3890955596946 box 0
237.54275068442828 2337.4328944002846 1422.033898305085 2302.542372881356 1416.5062140524929 2114.884155721005 232.01506643183654 2149.7746772399337 box 0
