640.3508771929824 3.508771929824561 870.1754385964912 5.263157894736842 887.7192982456139 1064.0350877192982 659.6491228070174 1069.298245614035 box 0
878.0701754385964 3.508771929824561 1107.017543859649 3.508771929824561 1121.0526315789473 1050.877192982456 898.2456140350877 1064.9122807017543 box 0
1112.2807017543857 2.631578947368421 1343.8596491228068 7.894736842105262 1357.0175438596489 1049.9999999999998 1134.2105263157894 1056.1403508771928 box 0
1356.1403508771928 2.631578947368421 1582.456140350877 7.017543859649122 1591.2280701754385 1049.9999999999998 1366.6666666666665 1058.7719298245613 box 0
1590.3508771929824 1.7543859649122806 1815.7894736842104 0.8771929824561403 1832.456140350877 1057.8947368421052 1612.2807017543857 1056.1403508771928 box 0
1823.6842105263156 1.7543859649122806 2056.1403508771928 2.631578947368421 2067.5438596491226 1058.7719298245613 1848.2456140350876 1059.6491228070174 box 0
2061.4035087719294 0.0 2293.859649122807 0.8771929824561403 2305.2631578947367 1044.7368421052631 2083.333333333333 1053.5087719298244 box 0
2299.9999999999995 1.7543859649122806 2526.3157894736837 3.508771929824561 2537.7192982456136 1050.877192982456 2315.7894736842104 1050.877192982456 box 0
2533.333333333333 4.385964912280701 2760.5263157894733 5.263157894736842 2779.8245614035086 1050.877192982456 2555.2631578947367 1046.4912280701753 box 0
2768.4210526315787 4.385964912280701 2998.2456140350873 6.140350877192982 3011.4035087719294 1045.6140350877192 2790.3508771929824 1051.7543859649122 box 0
