2560.584597036551 2475.5735750162535 2835.077454559304 2368.4940731324746 2283.9222564485563 955.6357519185608 2009.4293989258033 1062.7152538023397 box 0
1456.793933774149 2960.785475834908 1738.3060343432442 2848.9528737138944 1155.5897435897436 1382.1025641025642 874.0776430206485 1493.9351662235779 box 0
1749.3616709900016 2834.0019033251797 2025.2078400314983 2719.196509010227 1430.7348683166388 1290.8394807995758 1154.8886992751418 1405.6448751145288 box 0
2289.497242282633 2596.242994169371 2564.1372886363333 2480.6071205232283 1967.6667744409997 1063.964650483949 1693.0267280872995 1179.600524130092 box 0
2835.635795207906 2364.7553803130118 3112.449901845659 2261.0503825756546 2577.438124469828 832.9725615815194 2300.624017832075 936.677559318877 box 0
1159.3184230357058 3059.673512274904 1436.4512174038082 2953.384479272007 876.1025641025643 1492.3589743589744 598.969769734462 1598.6480073618718 box 0
878.7766414484386 3131.650621221872 1178.6006839776749 3007.042962109731 599.1794871794874 1612.871794871795 299.35544465025134 1737.4794539839365 box 0
563.4208070973652 3181.408543986669 851.636769692825 3065.0969854749924 463.38015325267133 2103.010707264552 175.1641906572115 2219.3222657762285 box 0
2013.9295881686724 2723.2178491844325 2282.0933817035166 2617.5885785994205 1713.5697335781535 1174.2627149329992 1445.405940043309 1279.891985518011 box 0
3126.6572493037916 2273.3322771501835 3411.3394159373943 2167.3035815803887 2866.4604196110035 704.3285596418086 2581.778252977401 810.3572552116035 box 0
