1857.6491228070174 1633.3333333333333 2507.9725384839867 1615.928456585122 2488.7951360079933 899.3756155383282 1838.4717203310238 916.7804922865399 box 0
2793.353897278494 858.5499865999994 2833.946202900667 225.14444100353165 2307.2156015800415 191.38848528447733 2266.623295957869 824.7940308809451 box 0
2250.9953111444693 869.7434555452747 2287.5768526295533 238.29619213023773 1762.6737222875374 207.88705624387978 1726.092180802454 839.3343196589168 box 0
3324.315789473684 870.1754385964912 3371.408315325955 242.38850442248443 2853.377453154842 203.52917103867532 2806.2849273025704 831.3161052126819 box 0
1160.600620242181 2395.896696899416 1813.4745461789335 2382.7627258390594 1798.7020667971105 1648.4405192871077 1145.8281408603584 1661.5744903474645 box 0
1143.6140350877192 1643.8596491228068 1786.8912351504182 1619.5377944573804 1759.9428883201679 906.7937486702833 1116.6656882574691 931.1156033357099 box 0
1713.9548151783517 836.3268538060254 1743.417851058424 212.76994359947724 1222.4984593577815 188.15652583907143 1193.035423477709 811.7134360456197 box 0
3169.765661964183 2371.7248637833604 3177.404245477817 1646.0494893517246 2530.199987022406 1639.2369062701187 2522.561403508772 2364.9122807017543 box 0
1171.410522956419 833.8627273962028 1217.000137677606 220.07757286754838 711.1033684544086 182.5014949396127 665.5137537332216 796.2866494682671 box 0
3862.6176928849522 966.1616272267374 3907.2469928673345 358.9665020475696 3382.8286038069423 320.42135464582117 3338.19930382456 927.616479824989 box 0
3197.7778551721017 1620.032729164682 3214.4532680801412 887.3989728733535 2565.5526058904957 872.6294016034079 2548.877192982456 1605.2631578947367 box 0
3744.3182006255997 2489.236911419802 3940.854552589162 1625.627146334599 3423.7420578582874 1507.9450549803446 3227.2057058947253 2371.5548200655476 box 0
1854.372072678475 2395.967185371549 2494.4912280701756 2391.2280701754385 2489.068841398926 1658.8184467384674 1848.949686007225 1663.5575619345775 box 0
