1093.8183384833112 3054.771371575831 1291.9138251425015 3048.5601590953047 1258.1538461538462 1971.8461538461536 1060.0583594946559 1978.0573663266807 box 0
2998.309089819914 3032.784979916623 3009.76504181632 1958.5893313119527 2797.207850487703 1956.3224770535921 2785.751898491297 3030.5181256582623 box 0
2778.6666666666665 3038.5128205128203 2790.5284812323316 1983.814244837588 2572.391450458288 1981.3609363107512 2560.5296358926234 3036.0595119859836 box 0
884.9442532019858 3073.811838837213 1085.9404349321705 3065.8616476818047 1042.769230769231 1974.4102564102561 841.7730490390461 1982.3604475656646 box 0
2563.2820512820513 3043.6410256410254 2573.9876334649034 1978.1161666154549 2359.4657415945503 1975.960814045324 2348.7601594116977 3041.485673070895 box 0
1287.7948705823474 3062.9825322844504 1500.0977913282563 3059.272801335422 1481.230769230769 1979.5384615384614 1268.9278484848596 1983.2481924874903 box 0
2355.835181933757 3039.787974591033 2364.812545708634 1973.6943449202577 2145.3333333333335 1971.8461538461536 2136.355969558457 3037.9397835169298 box 0
1491.9092111844318 3037.5023033947027 1702.3147384658416 3036.8587741827932 1699.053100672743 1970.4477908772267 1488.6475733913333 1971.0913200891357 box 0
2153.025641025641 3038.5128205128203 2153.2256957961927 1998.237079962267 1940.7958251618506 1998.1962277080313 1940.5957703912989 3038.471968258584 box 0
1941.5101608354923 3029.348532318191 1934.901182800181 1987.403449519336 1692.2181442182184 1988.9427694873546 1698.8271222535298 3030.887852286209 box 0
