687.4015748031496 2082.566929133858 952.755905511811 2056.582677165354 1001.5748031496063 2780.2047244094488 734.6456692913385 2798.314960629921 box 0
960.6299212598425 2058.9448818897636 1229.9212598425197 2033.7480314960633 1281.1023622047244 2765.244094488189 1018.1102362204724 2783.3543307086616 box 0
1239.3700787401574 2034.535433070866 1501.5748031496062 2017.2125984251966 1556.6929133858268 2743.984251968504 1296.0629921259842 2760.51968503937 box 0
1512.5984251968505 2012.4881889763778 1777.9527559055118 1998.3149606299212 1832.283464566929 2714.0629921259842 1570.8661417322835 2742.4094488188975 box 0
1786.6141732283465 1993.5905511811027 2054.3307086614172 1977.8425196850394 2109.448818897638 2698.314960629921 1844.0944881889764 2717.212598425197 box 0
2066.1417322834645 1977.0551181102362 2327.5590551181103 1959.732283464567 2376.3779527559054 2683.3543307086616 2118.1102362204724 2699.1023622047246 box 0
2333.8582677165355 1955.795275590551 2595.2755905511813 1940.0472440944882 2647.244094488189 2659.732283464567 2385.03937007874 2681.779527559055 box 0
2611.8110236220473 1936.1102362204722 2878.740157480315 1918.7874015748032 2922.834645669291 2641.6220472440946 2661.7058823529414 2657.6470588235293 box 0
2883.464566929134 1914.8503937007872 3142.294117647059 1896.4705882352941 3189.763779527559 2620.3622047244094 2931.496062992126 2636.8976377952754 box 0
3152.294117647059 1895.2941176470588 3410.236220472441 1882.5669291338586 3457.48031496063 2597.527559055118 3199.212598425197 2623.511811023622 box 0
