3231.371882075313 2610.8322745658315 3305.4377923569355 2224.2934428699023 2910.056184178349 2148.5331406258183 2835.9902738967266 2535.0719723217476 box 0
3434.755520576883 1413.180706507869 3504.6337767526647 1028.24415336606 3110.645365746297 956.7226964145558 3040.7671095705155 1341.6592495563652 box 0
2823.687585236525 2533.823007779417 2899.5179269509836 2149.572548965189 2502.6173761587384 2071.24576053113 2426.78703444428 2455.496219345358 box 0
3030.0125107095296 1343.9559400807034 3095.252512919454 957.3315053316059 2694.431262661527 889.6958959330906 2629.1912604516024 1276.3203306821881 box 0
2901.860156399689 2133.9829090603516 2970.327944248384 1750.220874613567 2570.4990858488463 1678.886571072705 2502.0312980001513 2062.64860551949 box 0
3162.671799975694 3014.9927041798596 3235.2482696304264 2622.991474395678 2837.4085586695874 2549.334048050629 2764.832089014855 2941.3352778348108 box 0
2744.507362523401 2928.4803117332535 2824.1603858759963 2545.771532912042 2427.9601429678314 2463.310536595542 2348.307119615236 2846.0193154167537 box 0
2969.2810285012947 1744.011015529095 3040.9113966968735 1357.074574553063 2640.860962923266 1283.0165204816471 2569.2305947276873 1669.9529614576788 box 0
3376.2002831805717 1822.710683564744 3451.1510558130713 1434.6178864528074 3054.955871423024 1358.1023329452657 2980.0050987905242 1746.1951300572023 box 0
3311.1156615829746 2221.8221390089507 3390.7694826988627 1837.8754836638013 2992.1249340003974 1755.1724280992037 2912.471112884509 2139.1190834443532 box 0
