624.1739130434784 508.695652173913 620.6956521739131 13.913043478260867 1121.5652173913045 9.565217391304346 1128.521739130435 507.8260869565217 box 0
619.8260869565217 529.5652173913043 646.7826086956522 1033.9130434782608 1152.8695652173915 1012.1739130434781 1123.304347826087 514.7826086956521 box 0
1139.8260869565217 516.5217391304348 1158.9565217391305 1018.2608695652173 1669.3913043478262 997.391304347826 1644.1739130434783 497.39130434782595 box 0
1145.913043478261 495.65217391304344 1646.7826086956522 473.9130434782608 1634.608695652174 1.7391304347826084 1131.1304347826087 0.8695652173913042 box 0
2162.4347826086955 459.99999999999994 2153.7391304347825 0.0 1640.695652173913 0.0 1665.0434782608695 471.3043478260869 box 0
1656.3478260869565 490.4347826086955 1669.391304347826 994.7826086956519 2166.782608695652 978.2608695652173 2165.04347826087 472.1739130434782 box 0
2179.8260869565215 486.9565217391304 2184.173913043478 996.5217391304346 2686.782608695652 985.2173913043478 2688.5217391304345 483.4782608695651 box 0
2680.695652173913 460.86956521739125 2173.7391304347825 470.43478260869557 2162.4347826086955 0.0 2671.1304347826085 3.478260869565217 box 0
2691.1304347826085 464.34782608695645 2675.478260869565 5.217391304347825 3184.173913043478 5.217391304347825 3205.0434782608695 450.4347826086956 box 0
3209.391304347826 471.3043478260869 2698.086956521739 471.3043478260869 2698.086956521739 973.9130434782608 3201.565217391304 972.1739130434781 box 0
