1560.5365462705245 3035.7094293809705 1728.3198506492358 3030.705481626421 1700.277462823714 2090.438971497935 1532.4941584450025 2095.442919252485 box 0
2256.7441726878033 3042.648833225365 2426.688897779143 3037.7054083071166 2398.259257487978 2060.3531710165776 2228.3145323966382 2065.296595934826 box 0
1915.4996296343222 3055.00169502998 2077.8606311632507 3049.7273882590803 2046.4370196881875 2082.4023439714842 1884.0760181592589 2087.676650742384 box 0
2779.31506077656 3042.460315340816 2945.2748285590706 3037.979199055188 2917.6181469260764 2013.7039584934116 2751.658379143566 2018.1850747790395 box 0
2083.911347066139 3045.0525188873457 2250.8880414936307 3039.9061667189044 2220.2953271281963 2047.3059421111889 2053.3186327007047 2052.4522942796298 box 0
3118.1719597722363 3029.479755999645 3291.487179487179 3025.6923076923076 3269.466371105615 2018.010899722293 3096.1511513906717 2021.7983480296305 box 0
2605.6775113536537 3051.132572679934 2767.806414397121 3047.5191154743484 2745.663857512313 2054.0250033088346 2583.5349544688456 2057.638460514421 box 0
2428.13030827893 3033.0730090802463 2599.1794871794873 3028.25641025641 2571.441178576452 2043.201377821539 2400.391999675894 2048.017976645375 box 0
1738.2815682911735 3049.044704612638 1901.5370921737929 3044.611073378584 1875.5945234751837 2089.351733985995 1712.3389995925643 2093.785365220049 box 0
2948.3764051024923 3038.896297533443 3113.894755446149 3035.050688125498 3090.765809863328 2039.5608939338422 2925.2474595196713 2043.4065033417874 box 0
