1725.6783829593176 1667.7486190942486 1789.07252979252 951.1553870799837 1143.7368582372587 894.0651125817408 1080.3427114040564 1610.6583445960057 box 0
2398.5882352941176 1672.9411764705883 2445.0820174298083 959.7519000507446 1797.2812512361638 917.5208841247418 1750.7874691004736 1630.7101605445857 box 0
3089.0053418253374 1700.372863272947 3135.113411769476 978.5928814084562 2484.6963052382566 937.043547547274 2438.5882352941176 1658.8235294117646 box 0
3774.602079926461 1696.4902876067695 3792.0445626644364 989.4749423545247 3143.2642204544695 973.4691512557507 3125.821737716494 1680.4844965079951 box 0
3096.235294117647 591.7647058823529 3117.569317457124 16.222484368671527 2593.028426029112 -3.221037239186103 2571.6944026896344 572.3211842744953 box 0
3616.2352941176473 651.7647058823529 3643.3308443637106 30.878759995550862 3127.4644621273214 8.366278318779564 3100.3689118812567 629.2522242055816 box 0
1065.3382473575546 1620.3786666538142 1136.4472410981323 907.9800698255269 505.4102123237878 844.9922869621597 434.30121858321 1557.3908837904469 box 0
4144.470588235294 749.4117647058823 4166.851653860732 133.14051168444288 3645.875547655063 114.22027101913869 3623.4944820296255 730.4915240405782 box 0
2552.705882352941 568.2352941176471 2566.1056441673363 15.412809109760344 2058.493467292266 3.1088915798582093 2045.0937054778708 555.931376587745 box 0
2702.1176470588234 2638.823529411765 2760.0970097504864 1742.339017380329 2217.450859833082 1707.2438456098744 2159.471497141419 2603.7283576413106 box 0
3272.990926010391 2742.190355444477 3363.179064420171 1850.6548700380224 2818.1881384097805 1795.523338122957 2728.0 2687.0588235294117 box 0
2027.8608129467345 596.9107444113005 2033.7402875029586 11.021961768080075 1520.9382980856353 5.8759232391325895 1515.0588235294113 591.7647058823529 box 0
1501.9293558585591 585.1508726804764 1513.0524012175483 17.145875488034903 1009.7112806531067 7.289120454617337 998.5882352941173 575.2941176470588 box 0
1879.3214324430555 2380.4057087213164 1921.0802162624498 1901.3792460004654 1027.6561003812928 1823.4956478747895 985.8973165618984 2302.5221105956402 box 0
375.0588235294115 1669.4117647058824 472.1154190404377 955.2743825688879 -1.735791390374942 890.8744695919601 -98.79238690140117 1605.0118517289543 box 0
978.5340497718603 738.0687813662171 982.4549879890664 40.624335451459785 354.77645638685635 37.09561175583866 350.8555181696505 734.540057670596 box 0
