1060.7179487179487 2915.4358974358975 1060.374756883342 2644.537251356944 6.002656309088154 2645.872997772779 6.3458481436951075 2916.771643851732 box 0
1037.0476103445399 533.6195622784514 1041.0665166815952 280.43922301916746 16.88239282165891 264.1816412585358 12.863486484603484 517.3619805178198 box 0
1039.7301499169491 806.0558247235105 1046.2598638410684 541.1918003534769 6.235616226849847 515.5519996020511 -0.2940976972696392 780.4160239720846 box 0
1034.9660983500457 1335.939506734289 1038.9874913763183 1073.7035612834538 3.4447092595123645 1057.8234937539924 -0.5766837667601972 1320.0594392048274 box 0
1042.769230769231 2389.7948717948716 1043.1364288382767 2131.976552677688 4.5059128252460745 2130.497281843722 4.1387147562001685 2388.3156009609056 box 0
1042.325806787996 1068.1491330952445 1047.2758839460448 807.6893542785509 15.818057080717544 788.086343589326 10.867979922668674 1048.5461224060195 box 0
1039.8922545097814 1593.811201253968 1042.3862130970763 1333.8219035454388 20.535836157943123 1324.0197595919792 18.04187757064821 1584.0090573005084 box 0
1039.391442483507 1859.951242595439 1044.3644798850287 1602.3458396571293 1.5669462265148453 1582.2147745554398 -3.4060911750066665 1839.8201774937495 box 0
1040.3363354690298 2660.0013098117865 1040.1697559606594 2376.8716677390844 -8.249197102330646 2377.488505709454 -8.082617593960203 2660.618147782156 box 0
1047.897435897436 2125.6923076923076 1047.2828827236128 1845.5569217087175 -4.586390025241366 1847.8644830963842 -3.9718368514182716 2127.9998690799744 box 0
