605.8693007157128 1667.0478230041517 744.3181818181819 1553.2272727272727 -13.946410899820393 630.8904523020418 -152.3952920022894 744.7110025789209 box 0
1041.0639286622227 1326.168880376016 1178.409090909091 1212.3181818181818 412.72352161391353 288.6241678415283 275.3783593670453 402.4748663993624 box 0
1766.6204336092756 736.6062586871554 1910.2272727272727 619.1363636363636 1208.0568488753293 -239.26633645902933 1064.4500097573318 -121.79644140823753 box 0
891.010078780779 1443.5964596773247 1032.954545454545 1327.090909090909 275.022706970424 403.66511480742673 133.0782402966579 520.1706653938427 box 0
751.456195812762 1550.347026433895 881.8181818181819 1443.0 122.7291544572442 521.1640027762436 -7.6328315481758295 628.5110292101384 box 0
1619.1499319387558 861.661442440584 1767.0454545454545 739.590909090909 1059.769927969114 -117.31436329204844 911.874405362415 4.756170057626434 box 0
1478.7159969654379 974.4356170381359 1620.4545454545455 856.6363636363635 857.7570452756162 -61.05736947184896 716.0184967865082 56.74188392992306 box 0
1175.0430355630588 1205.2038372448426 1318.1818181818182 1087.3181818181818 562.3323874102709 169.55285259176338 419.1936047915116 287.4385080184243 box 0
461.3320302477129 1786.2513630096457 602.2727272727273 1670.2727272727273 17.94662664831357 960.1822232015708 -122.99407037670079 1076.1608589384891 box 0
1326.8817204301074 1084.9462365591398 1471.378853482777 965.5916131447532 713.4986479965175 48.06103278407531 569.0015149438483 167.41565619846205 box 0
