962.7118644067797 1756.7796610169491 1103.6288738984042 1613.8194017974927 250.80803836192928 773.1874497284467 109.89102887030488 916.1477089479033 box 0
1648.3050847457628 1066.949152542373 1769.2389968309644 945.6088560883658 920.9443819838139 100.15528977735897 800.0104698986122 221.49558623136627 box 0
1241.5254237288136 1478.813559322034 1365.047784392561 1354.8951590712907 519.908591095535 512.4570059457853 396.38623043178796 636.3754061965287 box 0
1366.949152542373 1353.3898305084747 1513.777172525809 1204.0862346830213 655.6312430589686 360.1690672240111 508.8032230755324 509.4726630494647 box 0
1775.4237288135594 932.2033898305085 1907.3386962405007 797.1652434418744 1059.6485907446165 -30.919380385885024 927.7336233176753 104.11876600274906 box 0
1511.864406779661 1207.6271186440679 1651.6234498174447 1066.3800486637572 801.2670210924317 224.9820590544742 661.507978054648 366.2291290347849 box 0
1926.673654650121 808.187094032907 2050.8474576271187 678.8135593220339 1185.8530334760242 -151.41533904409198 1061.6792304990265 -22.04180433321909 box 0
1102.542372881356 1616.949152542373 1243.6857653263555 1473.8037913888334 390.14657047666884 632.201824164491 249.00317803166956 775.3471853180307 box 0
828.3125864563552 1898.8002939731061 964.406779661017 1760.1694915254238 108.66057650385038 920.081379429421 -27.433616700811456 1058.712181877103 box 0
698.8474576271187 2049.694915254237 837.2594184905445 1908.7031451351534 -26.614876176368625 1060.635665995307 -165.02683703979443 1201.627436114391 box 0
