1357.7792207792209 1090.909090909091 876.6103896103897 908.4415584415584 711.025974025974 1379.2207792207791 1178.5584415584415 1559.7402597402597 box 0
1351.2857142857142 1080.5194805194806 1546.090909090909 608.4415584415584 1077.2597402597403 425.32467532467524 878.5584415584416 888.3116883116884 box 0
1838.948051948052 1256.4935064935064 2026.6103896103896 790.9090909090909 1558.4285714285713 600.6493506493506 1370.1168831168832 1072.077922077922 box 0
1833.1038961038962 1275.3246753246754 1366.2207792207791 1096.7532467532467 1190.2467532467533 1567.5324675324675 1657.1298701298701 1747.4025974025972 box 0
2310.3766233766232 1480.5194805194806 1842.844155844156 1290.2597402597403 1664.922077922078 1770.7792207792209 2135.051948051948 1948.051948051948 box 0
2323.363636363636 1457.7922077922078 1852.5844155844156 1277.2727272727273 2035.7012987012986 800.6493506493505 2503.233766233766 988.961038961039 box 0
2985.051948051948 1164.2857142857142 2512.9740259740256 978.5714285714287 2340.246753246753 1458.4415584415583 2814.272727272727 1637.0129870129872 box 0
2795.4415584415583 1660.3896103896104 2326.6103896103896 1468.8311688311687 2151.285714285714 1944.155844155844 2620.116883116883 2122.077922077922 box 0
3292.8441558441555 1840.9090909090908 2820.116883116883 1646.7532467532467 2630.5064935064934 2114.285714285714 3104.5324675324673 2294.805194805195 box 0
3298.6883116883114 1822.7272727272725 2828.5584415584412 1644.8051948051946 2994.142857142857 1159.090909090909 3463.6233766233763 1348.7012987012986 box 0
