1134.7222222222222 1219.3888888888891 1145.6972615877894 22.884108736291946 958.1549889890975 21.163861681185267 947.1799496235305 1217.6686418337827 box 0
1709.7222222222224 1224.9444444444446 1733.4744991152154 22.28261272214415 1535.7646215901893 18.377891019345043 1512.0123446971963 1221.0397227416456 box 0
943.0555555555555 1231.8888888888891 954.9064596442811 42.403577793646846 783.7070671774961 40.69790933246691 771.8561630887706 1230.1832204277093 box 0
1511.111111111111 1219.3888888888891 1527.155600329112 18.834122010683036 1342.0667176716474 16.36055173792363 1326.0222284536464 1216.9153186161298 box 0
1329.1666666666667 1222.1666666666667 1342.4540078004998 21.48228832925007 1149.96056460059 19.352064856729385 1136.6732234667572 1220.036443194146 box 0
1905.5555555555557 1227.7222222222224 1920.119835959181 35.13496149409912 1734.0210589391522 32.86226006541153 1719.456778535527 1225.4495207935347 box 0
2472.222222222222 1234.6666666666667 2491.94880012421 50.9573584524296 2308.6815962717997 47.90320085766666 2288.9550183698116 1231.6125090719036 box 0
2094.4444444444443 1237.4444444444446 2122.107751437179 47.34802152366478 1924.9359622008026 42.764843529930204 1897.2726552080674 1232.86126645071 box 0
2286.1111111111113 1233.277777777778 2310.2208698091845 33.484050253894736 2124.5020043557806 29.752044552379406 2100.392245657708 1229.545772076263 box 0
2672.222222222222 1283.277777777778 2695.154631747739 84.59302513152211 2498.350885867262 80.82791167135383 2475.4184763417447 1279.51266431761 box 0
