2630.232558139535 29.046511627906998 2675.0 533.1162790697674 2180.232558139535 568.5813953488372 2136.046511627907 56.37209302325584 box 0
2122.093023255814 54.62790697674421 1620.3488372093022 112.76744186046515 1670.9302325581396 612.186046511628 2155.813953488372 558.6976744186047 box 0
2157.5581395348836 574.3953488372093 1666.2790697674418 624.3953488372093 1715.6976744186047 1126.139534883721 2208.720930232558 1079.6279069767443 box 0
2727.906976744186 1038.9302325581396 2228.4883720930234 1084.2790697674418 2180.813953488372 580.2093023255815 2686.046511627907 539.5116279069767 box 0
2215.6976744186045 1094.7441860465117 1716.860465116279 1138.9302325581396 1752.906976744186 1637.7674418604652 2253.4883720930234 1597.6511627906978 box 0
2780.813953488372 1554.627906976744 2284.3023255813955 1599.9767441860465 2238.3720930232557 1091.2558139534883 2738.3720930232557 1050.5581395348838 box 0
2763.953488372093 1570.3255813953488 2806.3953488372094 2070.325581395349 2308.720930232558 2112.1860465116283 2265.6976744186045 1606.372093023256 box 0
2280.813953488372 2116.2558139534885 2246.5116279069766 1611.0232558139535 1744.7674418604652 1645.906976744186 1781.3953488372094 2154.0465116279074 box 0
2326.7441860465115 2640.0930232558144 2295.3488372093025 2130.2093023255816 1790.1162790697674 2158.1162790697676 1828.4883720930234 2665.0930232558144 box 0
2842.4418604651164 2577.3023255813955 2344.767441860465 2640.6744186046512 2303.4883720930234 2125.558139534884 2804.0697674418607 2081.372093023256 box 0
