1942.2465956552837 3031.5990107121747 1956.7222555624944 2356.9020716986474 1788.1412766591693 2353.285157531233 1773.6656167519586 3027.98209654476 box 0
2114.045773583656 3038.042233492744 2132.911915681509 2365.4181049666163 1967.3211400210803 2360.7735212069633 1948.454997923227 3033.397649733091 box 0
1420.484536490142 3042.7184373179743 1430.8594507117382 2340.311030849759 1266.033083215058 2337.8764616688422 1255.658168993462 3040.2838681370577 box 0
1769.9919070304863 3029.294513031911 1779.5216632786883 2344.483587765802 1615.6384175239568 2342.2030058889873 1606.108661275755 3027.013931155096 box 0
2286.085679870325 3032.353256227715 2301.264257218499 2366.2952060419548 2135.794411987585 2362.5243682840037 2120.615834639411 3028.582418469764 box 0
1599.1491865525875 3040.0627860852774 1605.126564598547 2355.337950601841 1436.1364495863284 2353.8627334764897 1430.1590715403688 3038.587568959926 box 0
1254.3783670167388 3035.994627381716 1262.899019727686 2347.7746940029447 1094.3114248533782 2345.687459562864 1085.790772142431 3033.9073929416354 box 0
734.8033322137993 3047.953329222978 731.1190124045244 2335.244563710583 563.0415873723822 2336.113433319746 566.7259071816571 3048.8221988321407 box 0
1082.954343386344 3053.1700018431748 1089.6969078510272 2314.2986318686953 920.4943649571619 2312.7545754883677 913.7518004924787 3051.625945462847 box 0
924.2203887419932 3027.643089007499 913.6132426409531 2335.094394587746 728.9527077240712 2337.9226740845415 739.5598538251113 3030.4713685042943 box 0
