1563.0391216501012 1259.5875377182067 3108.75 1217.375 3100.4656189382727 914.0229956028388 1554.7547405883731 956.2355333210452 box 0
1597.6484661633306 2148.5570431501333 3157.5 2101.125 3147.661513820512 1777.576260825312 1587.8099799838428 1825.0083039754445 box 0
1551.19893724929 958.233243390165 3101.25 906.1250000000001 3091.5147947127507 616.5342496726702 1541.463731962041 668.6424930628351 box 0
1637.4215928710867 2447.6099164806064 3168.75 2393.625 3158.5316927052136 2103.773959128246 1627.2032855763005 2157.7588756088526 box 0
1585.0 1551.125 3126.634185808363 1508.6705079367798 3118.75 1222.375 1577.115814191637 1264.82949206322 box 0
1641.1247351689974 2732.4232897069096 3184.704157837342 2694.92801413263 3177.545298095163 2400.2170560572504 1633.9658754268187 2437.71233163153 box 0
1532.452573514858 658.4742177511949 3097.5 621.1250000000001 3090.267687304651 318.06879018073084 1525.220260819509 355.41800793192573 box 0
1589.4708800168637 1830.4979621117411 3142.4284518343693 1784.5755551146012 3134.3315938342657 1510.7641902187156 1581.3740220167606 1556.6865972158553 box 0
1659.121546213067 3043.036661387453 3187.5 3002.375 3179.42241285883 2698.7570531701085 1651.0439590718968 2739.4187145575615 box 0
3012.1602418033362 327.7234125834278 3005.0 -2.6249999999998863 1513.2404440388211 29.708617254547338 1520.4006858421578 360.05702983797505 box 0
