-8.116896578701427 837.9853258179377 717.5257731958764 795.8350515463919 702.6237117196631 539.2869777407572 -23.018958054914663 581.4372520123029 box 0
-19.57376302359128 1097.8107422869562 735.0515463917526 1054.5979381443299 720.4805120698488 800.1439284629297 -34.14479734549508 843.3567326055559 box 0
-19.623441218526352 2657.590733604696 786.3875899995016 2630.468323450456 780.7191952697349 2462.0176343152257 -25.291835948293112 2489.140044469466 box 0
-36.42892312647544 1778.8667013896193 766.3269230769231 1756.7307692307695 761.7394512728879 1590.3668779992838 -41.01639493051056 1612.5028101581338 box 0
6.549435147690215 579.4706057557295 693.8144329896908 535.0103092783505 676.5732350260093 268.49674953787724 -10.691762815991297 312.95704601525614 box 0
-18.0365846467883 2482.0395562036083 785.9780649846433 2457.8152360411304 780.8683614638165 2288.222180035312 -23.14628816761507 2312.4465001977896 box 0
-4.897406954964017 1598.0771202510987 745.1730769230769 1583.6538461538464 742.0731485637033 1422.4446263314467 -7.997335314337646 1436.8679004286987 box 0
-17.53650106043324 2137.9752718428626 775.7035453119782 2115.044452404344 770.7466885909508 1943.573159553622 -22.493357781460645 1966.5039789921398 box 0
-18.176045793093294 2841.322291037113 787.5236059195788 2808.443092735962 780.4918823987521 2636.1317991399833 -25.20776931392004 2669.010997441134 box 0
-13.08954738238873 2311.7061853679156 785.3512103653995 2289.274309354379 780.4141823158604 2113.5456090656776 -18.026575431927824 2135.977485079214 box 0
-7.62126306636918 3020.6329922883197 798.0576923076924 2994.230769230769 792.2249849028474 2816.2423627736816 -13.453970471214063 2842.644585831232 box 0
-15.115872199255822 1424.1283096375894 739.4038461538462 1416.3461538461538 737.5349034890247 1235.1426247892016 -16.98481486407718 1242.924780580637 box 0
735.5576923076924 1066.3461538461538 738.4423076923077 1229.8076923076924 0.9423076923077097 1238.4615384615383 1.903846153846171 1100.9615384615383 box 0
1.903846153846171 1784.6153846153845 2.8653846153846327 1955.769230769231 766.3269230769231 1936.5384615384614 771.1346153846154 1762.5 box 0
