1118.75 1209.875 1136.368650272546 19.795172747998258 932.9948929881352 16.784306567297108 915.3762427155891 1206.8641338192988 box 0
1307.5 1213.625 1334.8479455700071 23.18289801708328 1146.6419538888515 18.85925455061647 1119.2940083188446 1209.3013565335332 box 0
1695.0 1222.375 1713.7511589667884 26.304310278424815 1527.2763293801816 23.380888441462048 1508.5251704133937 1219.451578163037 box 0
2081.25 1239.875 2103.9761265213288 38.52782893496229 1910.1600631213944 34.86137140729534 1887.4339366000656 1236.208542472333 box 0
923.4025794857174 1236.0773282808955 931.8529516629867 43.70128567422512 762.2003721772694 42.49895739332976 753.75 1234.875 box 0
1895.5306190418305 1229.1392852058032 1906.7017198432948 32.44251321938134 1712.7681228710112 30.632153392829764 1701.597022069547 1227.3289253792516 box 0
1502.5 1216.125 1526.678188244433 27.370823871689606 1334.0363671920484 23.452662903940336 1309.858178947616 1212.2068390322509 box 0
2273.75 1231.125 2285.312251393159 46.87263614492074 2103.173430928487 45.09435400258201 2091.6111795353286 1229.3467178576614 box 0
2462.5 1236.125 2481.544026598898 59.27292399945456 2285.5927277163582 56.102005730193696 2266.54870111746 1232.954081730739 box 0
2652.5 1273.625 2671.8208186713764 79.66817341400206 2482.3427277163582 76.60200573019358 2463.0219090449814 1270.5588323161917 box 0
