2055.336019438177 2739.491489816839 2279.8419490761894 2354.534717900097 1693.2559296380118 2012.4390614165911 1468.75 2397.3958333333335 box 0
2284.2639084016555 2347.2451349194853 2516.9237285394515 1953.0358706461323 1934.7431534711297 1609.436569059981 1702.0833333333335 2003.6458333333335 box 0
1697.9300542354722 1988.9955731655061 1926.7728203585732 1598.4490362794922 1340.1041666666667 1254.6875 1111.2614005435657 1645.2340368860137 box 0
2997.916666666667 1134.8958333333335 3226.436940135201 741.2281140596217 2635.8175695917494 398.3793269621925 2407.297296123215 792.0470462359045 box 0
1466.0772999692629 2383.415524700037 1689.159754427174 2005.7716205947008 1103.6458333333335 1659.8958333333335 880.5633788754226 2037.5397374386698 box 0
2397.916666666667 777.6041666666669 2624.971050658303 388.29757894943936 2044.0143371969748 49.4675337805686 1816.9599532053392 438.77412149779616 box 0
2527.262708405079 1943.6966831412356 2756.141965031872 1552.6879328474904 2168.9834232934595 1208.991249706255 1940.1041666666667 1600.0 box 0
2765.625 1539.0625 2993.7713051382602 1151.6122832890433 2399.158147731786 801.4800882409112 2171.011842593526 1188.9303049518678 box 0
1934.992554235472 1583.3497398321726 2163.8353203585743 1192.803202946159 1577.1666666666665 849.0416666666666 1348.3239005435655 1239.5882035526804 box 0
2168.930054235472 1181.3497398321724 2397.772820358574 790.803202946159 1811.1041666666665 447.04166666666674 1582.2614005435655 837.5882035526805 box 0
