1127.2727272727273 2756.6363636363635 1131.9514799509438 2546.6510231147354 -32.52842936050496 2520.7048619165967 -37.20718203872142 2730.690202438225 box 0
1135.2272727272727 1900.9545454545457 1141.2341565811457 1691.8193088196583 4.819412641085819 1659.1786525318116 -1.1874712127872395 1868.313889166699 box 0
1137.5 2108.9090909090905 1142.2232388609416 1903.550136145493 -6.639933988186726 1877.1263788267418 -11.363172849128434 2082.485333590339 box 0
1123.8636363636363 2541.863636363636 1128.2079885822327 2338.058785556425 -5.573990835228102 2313.890821750959 -9.918343053824657 2517.6956725581704 box 0
1138.6363636363637 2329.363636363636 1141.5942177829609 2113.407945212256 2.6094066399215627 2097.8077499657734 -0.34844750667565777 2313.763441117153 box 0
1156.8181818181818 819.1363636363635 1163.3503961234435 611.7453114738124 -4.012289754456333 574.9767857509984 -10.544504059717942 782.3678379135496 box 0
1158.2272727272725 1030.7727272727275 1164.7594870325343 823.381675110176 -2.6031988453654265 786.6131493873619 -9.135413150627036 994.0042015499131 box 0
1140.3181818181802 1248.0909090909095 1146.850396123442 1040.6998569283578 -20.512289754456333 1003.9313312055436 -27.044504059717944 1211.322383368095 box 0
1137.1818181818169 1473.3636363636367 1143.7140324870786 1265.972584201085 -23.648653390819973 1229.204058478271 -30.180867696081584 1436.5951106408222 box 0
1137.4545454545437 1688.4090909090912 1143.9867597598054 1481.0180387465396 -23.37592611809272 1444.2495130237255 -29.908140423354332 1651.6405651862767 box 0
