3953.312139493062 704.2653544986692 3955.910699172001 446.1171041239254 2742.089423006938 433.8985939418824 2739.4908633279993 692.0468443166262 box 0
3962.580742261104 439.8585019298877 3966.4547814926254 188.12010999259823 2751.8836421993446 169.42889564549066 2748.0096029678234 421.1672875827801 box 0
3937.405726802624 1230.0112461021365 3939.9180402505485 975.9356950601008 2746.6196973917117 964.1362934181273 2744.107383943787 1218.211844460163 box 0
3946.4517847419925 965.6070373790561 3950.243549123234 714.7481948736148 2738.32734123457 696.4299220783413 2734.5355768533286 947.2887645837826 box 0
3950.0226612771608 1489.0225712656004 3949.6862418961387 1230.6680472025212 2724.543882301941 1232.2633807302493 2724.880301682963 1490.6179047933285 box 0
3955.5897435897436 2274.4102564102564 3955.8760033487915 2035.2850351812592 2752.631331518004 2033.8446161068364 2752.3450717589562 2272.969837335833 box 0
3957.3516390838267 1757.6656973885713 3960.047205852851 1508.3201528820687 2727.547219558751 1494.9961289358912 2724.8516527897264 1744.341673442394 box 0
3981.8089698985686 2808.8126288697763 3981.484978312467 2545.8599247993684 2768.086264824155 2547.354988237285 2768.4102564102564 2810.3076923076924 box 0
3953.025641025641 2018.0 3953.247421488237 1758.2662760581884 2751.3588320115077 1757.2400119161373 2751.1370515489116 2016.973735857949 box 0
3968.4102564102564 2533.3846153846152 3969.3053481760867 2296.9867124434054 2764.3345576412135 2292.4242378222057 2763.4394658753827 2528.822140763415 box 0
