1076.1025641025644 1520.5641025641025 1075.8269429589895 1247.0504103891165 4.480425259293323 1248.1300117429835 4.75604640286814 1521.64370391797 box 0
1083.794871794872 1246.2051282051282 1083.7517192900111 980.8630172608213 -3.9707857688478763 981.0399132330431 -3.927633263986936 1246.38202417735 box 0
1094.0512820512822 1779.5384615384614 1094.810296652633 1527.8061243735867 10.484485140761072 1524.5367028410642 9.725470539410203 1776.2690400059387 box 0
1070.9743589743591 994.9230769230766 1071.615663862352 728.9614193383602 -3.9221765443780328 726.3680091433042 -4.563481432370949 992.3296667280208 box 0
1080.3996062975345 727.5336223119118 1079.7622301047334 456.17333111763105 1.544340614203687 458.7058697230002 2.1817168070049924 730.066160917281 box 0
1104.3076923076924 2300.051282051282 1104.9929020451625 2040.6768988629806 -3.2805612027833675 2037.7490855629078 -3.965770940253198 2297.1234687512097 box 0
1068.4102564102564 451.33333333333326 1070.3403519735334 192.5079908786625 0.8771113335661127 184.53285893728955 -1.052984229710881 443.35820139196034 box 0
1117.128205128205 2574.4102564102564 1119.0363829503115 2312.654183458375 -21.650969116872098 2304.3386770304805 -23.55914693897839 2566.094749982362 box 0
1092.0433118413434 2043.379852918949 1091.4871794871797 1782.102564102564 -0.751532713051249 1784.4274094386299 -0.1954003588875608 2045.7046982550144 box 0
1114.5641025641025 2833.3846153846152 1114.6030541042019 2581.2452236530526 6.9090924110123515 2581.0741024907857 6.87014087091327 2833.2134942223483 box 0
