616.2071691091112 539.1138299921104 1120.8763769157802 513.8593206689352 1145.4545454545455 1005.0129870129873 640.7853376478765 1030.2674963361624 box 0
1130.9097991061935 497.27514624427243 621.9207048032087 507.4562856517875 611.9473437509491 8.854723885598048 1120.936438053934 -1.3264155219169993 box 0
1652.7013766166351 467.3429426857456 1137.2200744781526 477.6539435652952 1127.8181039028455 7.61809627529371 1643.299406041328 -2.692904604255915 box 0
1131.7537593764318 516.9858026104271 1645.6280999449348 496.4198593144438 1665.2592276365554 986.9362753116513 1151.3848870680522 1007.5022186076344 box 0
1654.681664503582 489.4019377759173 2166.344391989512 484.285139939993 2171.2923614704437 979.0655946916156 1659.629633984514 984.18239252754 box 0
2159.409410170373 453.12500972679146 1654.2398645053308 458.1768735800263 1649.6814989205354 2.355509753728313 2154.8510445855777 -2.69635409950655 box 0
2685.714285714286 463.45454545454567 2164.935064935065 463.45454545454567 2164.935064935065 -0.18181818181801646 2685.714285714286 -0.18181818181801646 box 0
3211.6883116883114 451.76623376623394 2693.5064935064934 451.76623376623394 2693.5064935064934 2.415584415584581 3211.6883116883114 2.415584415584581 box 0
3205.3896103896104 466.0519480519482 2698.896103896104 466.0519480519483 2698.896103896104 966.0519480519483 3205.3896103896104 966.0519480519483 box 0
2678.175853891835 486.9412428599112 2178.200853683502 491.9411595269945 2183.252717536737 997.1107051920371 2683.2277177450696 992.1107885249537 box 0
