863.9607843137258 1982.3529411764707 1277.686274509804 2266.6666666666665 993.372549019608 2684.3137254901962 587.4901960784316 2394.1176470588234 box 0
1283.5686274509806 2274.5098039215686 1715.2941176470588 2556.235294117647 1434.5490196078433 2960.78431372549 1009.058823529412 2690.1960784313724 box 0
1154.1568627450981 1543.1372549019604 1568.235294117647 1832.7058823529412 1271.8039215686276 2247.0588235294117 863.9607843137258 1956.8627450980393 box 0
1578.8235294117646 1842.1176470588236 1998.8235294117649 2125.6470588235293 1724.7058823529412 2546.8235294117644 1297.294117647059 2262.7450980392155 box 0
1421.1764705882354 1111.5294117647059 1847.0588235294117 1389.1764705882354 1567.0588235294117 1812.7058823529412 1143.5294117647059 1522.1176470588236 box 0
1865.8823529411766 1412.7058823529412 2283.529411764706 1700.9411764705883 1998.8235294117649 2112.705882352941 1576.4705882352941 1830.3529411764707 box 0
1706.2857142857142 679.9999999999999 2125.5714285714284 952.142857142857 1851.2857142857142 1379.2857142857142 1429.142857142857 1101.4285714285713 box 0
2160.5714285714284 979.2857142857142 2568.4285714285716 1275.7142857142856 2281.285714285714 1680.7142857142856 1865.5714285714284 1392.142857142857 box 0
1995.5714285714284 257.1428571428571 2419.8571428571427 525.7142857142857 2134.1428571428573 944.9999999999999 1714.8571428571427 667.8571428571428 box 0
2423.4285714285716 539.2857142857142 2833.4285714285716 832.8571428571428 2552.714285714286 1247.8571428571427 2147.714285714286 951.4285714285714 box 0
