1673.628522888948 2760.225750613812 1895.38434028484 2549.5559784184297 967.9707347709638 1573.339219784137 746.2149173750719 1784.0089919795191 box 0
1925.1141193544731 2573.411827693471 2140.3420164689364 2367.278962058945 1184.0634570920602 1368.8073075909529 968.8355599775967 1574.9401732254792 box 0
3480.8919671628905 1082.815301802721 3699.9939381582058 876.7958455214122 2783.4455183412597 -97.95464124974261 2564.3435473459444 108.06481503156634 box 0
3044.6280360445553 1513.628489838865 3264.536208994001 1305.6315188330793 2335.7116635098882 323.61669525024615 2115.8034905604427 531.613666256032 box 0
1457.6009446839455 2976.2682456535917 1675.6412305337215 2767.740265484312 747.886851718032 1797.6650276618377 529.846565868256 2006.1930078311177 box 0
3249.547310969135 1288.7189155846459 3467.493003882078 1085.4095875622165 2550.321451237896 102.21028477851343 2332.375758324953 305.51961280094275 box 0
2818.6819100125135 1723.707333093038 3041.9926993262893 1512.451643832648 2109.627448202818 526.8818781801549 1886.3166588890424 738.1375674405454 box 0
2143.3828774799663 2362.4542242881053 2366.1557190873996 2150.9795621566736 1435.32711626393 1170.420800125957 1212.5542746564972 1381.895462257389 box 0
2359.141068465808 2144.5222278924653 2581.6798239028044 1938.3390065399853 1682.7355558322877 968.0857661871246 1460.196800395291 1174.2689875396045 box 0
2575.122197980159 1937.1405820195073 2804.3839962368543 1723.9568453777313 1892.499993639714 743.2996454890374 1663.2381953830186 956.4833821308135 box 0
