703.3842045494431 1940.554272409496 1210.534451771859 1935.4826008804268 1215.3855413400631 2420.57538729446 708.2352941176471 2425.6470588235293 box 0
1216.3891877372964 1928.194545878643 1723.4226585368056 1923.1240421527302 1728.3166946156448 2412.5113364742983 1221.2832238161357 2417.581840200211 box 0
1732.8421880309224 1895.2652221524186 2242.228482360824 1890.171189406896 2247.157811969078 2383.087719024052 1737.7715176391762 2388.1817517695745 box 0
1745.771599991706 2422.3241045048694 2255.157894321607 2417.2300717593466 2260.1107529494707 2912.499424906895 1750.7244586195695 2917.593457652418 box 0
2268.2352941176473 2417.411764705882 2775.294117647059 2417.411764705882 2775.294117647059 2910.3529411764703 2268.2352941176473 2910.3529411764703 box 0
710.5882352941177 2452.705882352941 743.5294117647059 2952.705882352941 1234.1176470588236 2933.882352941176 1215.2941176470588 2442.1176470588234 box 0
1229.4117647058824 2446.8235294117644 1731.764705882353 2422.1176470588234 1748.235294117647 2928.0 1249.4117647058824 2943.2941176470586 box 0
2269.4117647058824 2399.7647058823527 2250.5882352941176 1898.5882352941178 2751.764705882353 1889.1764705882354 2770.5882352941176 2392.705882352941 box 0
2785.8823529411766 2390.3529411764703 2762.3529411764707 1884.4705882352941 3258.823529411765 1879.7647058823532 3295.294117647059 2382.1176470588234 box 0
2787.0588235294117 2405.6470588235293 2787.0588235294117 2897.411764705882 3290.5882352941176 2895.0588235294117 3302.3529411764707 2395.0588235294117 box 0
