754.2972719287451 1313.0896188206066 1854.8817366028243 789.3051225203885 1759.864407529873 589.6531721645009 659.2799428557938 1113.437668464719 box 0
855.7123947078913 1529.9599744044424 1953.640916733024 999.2656860578496 1858.3965049808294 802.2189898289561 760.4679829556968 1332.9132781755486 box 0
959.4495819980767 1741.2805643490883 2054.0871377217 1207.3738291455156 1960.298060900483 1015.083604962435 865.6605051768598 1548.9903401660076 box 0
650.9976466477332 1100.5093485567816 1763.4393822550542 578.5052880542046 1666.7516125380575 372.4541890408745 554.3098769307366 894.4582495434516 box 0
1062.9121374829062 1958.7306737201927 2163.272890254545 1425.6977461640174 2065.01281140015 1222.8556162578345 964.6520586285112 1755.8885438140098 box 0
1138.9508760587291 2179.4355482900796 2258.937230343808 1638.8625233518364 2164.185944162218 1442.5520478402914 1044.1995898771393 1983.1250727785348 box 0
1240.805847842979 2401.183596253782 2356.2714171932435 1848.4897999530453 2256.832466976357 1647.798701262087 1141.3668976260924 2200.4924975628237 box 0
1333.163864982795 2607.356496354045 2454.044626541665 2082.1699899425503 2360.2024367444997 1881.887035445271 1239.3216751856298 2407.0735418567656 box 0
1424.3717581636975 2802.7843600252004 2552.410349985548 2301.4146025346813 2466.7744874112536 2108.741318227973 1338.7358955894033 2610.111075718492 box 0
1534.3236645613938 3002.874880266364 2649.3617859916408 2504.9217581208745 2558.7641612920024 2302.0516469427957 1443.7260398617555 2800.0047690882852 box 0
