3611.725983707666 1018.0807392975348 3668.1828975546246 401.28613409855836 3155.1941403462893 354.33085623774366 3098.7372264993305 971.12546143672 box 0
1530.3862073131265 775.4377654424554 1572.0197055466756 146.7556812630861 1063.380269508773 113.0718216547125 1021.7467712752235 741.7539058340818 box 0
1000.1679111236544 2325.5835769547593 1063.0425187148915 1606.601380762279 417.96711638031286 1550.189882670485 355.09250878907574 2269.1720788629655 box 0
1011.9281419829114 825.0382719411565 1039.8390632667113 125.97271469767293 404.57039126599 100.6089505777644 376.6594699821902 799.674507821248 box 0
2576.805600513232 794.2808110601269 2632.5323884872614 185.78546536632837 2116.678792034375 138.54292818242686 2060.9520040603456 747.0382738762254 box 0
2054.2235085765496 798.3049827822524 2099.1397241384857 184.90625039643777 1585.7220743854864 147.31116483127295 1540.8058588235501 760.7098972170877 box 0
3096.566464099393 867.0244366614429 3150.4112398433012 267.5863044049266 2633.995353832736 221.199035933772 2580.150578088828 820.6371681902883 box 0
3263.3697873260535 2735.8719746935876 3354.33156450247 1843.5673567453287 2799.9214899871786 1787.0506418835612 2708.9597128107625 2679.35525983182 box 0
2698.6258513666453 2640.661432730785 2762.9633979724676 1738.7045124292158 2213.306741406792 1699.496918404469 2148.9691948009695 2601.453838706038 box 0
4139.609955522975 1072.6491634989184 4176.96582196892 479.34798450518923 3666.5234619880125 447.2091361379225 3629.1675955420674 1040.5103151316516 box 0
327.736367132805 2264.0236367172324 408.9315718806481 1541.9175331275646 -13.111305191658197 1494.4621001296914 -94.30650993950135 2216.568203719359 box 0
1983.5075996925707 2436.9293723996025 2049.1500384819174 1965.0191873970912 1089.0143607566479 1831.4648597781318 1023.3719219673012 2303.3750447806433 box 0
353.17228849734425 844.3639673555117 411.475907120712 133.2977257562344 -9.460208590880622 98.78322159407332 -67.76382721424838 809.8494631933506 box 0
