221.27659574468083 262.14893617021283 589.8936170212766 112.68085106382985 737.2340425531914 483.95744680851067 365.4255319148936 635.5531914893617 box 0
365.4255319148936 644.0638297872341 742.0212765957447 490.34042553191495 884.5744680851063 861.6170212765957 511.17021276595733 1010.0212765957447 box 0
517.0212765957447 1015.8723404255319 888.2978723404254 869.063829787234 1028.191489361702 1242.468085106383 655.8510638297872 1380.7659574468084 box 0
662.7659574468084 1385.0212765957447 1036.7021276595744 1243.531914893617 1177.659574468085 1613.2127659574467 804.2553191489361 1755.2340425531913 box 0
815.4255319148936 1756.2978723404258 1189.8936170212764 1617.468085106383 1336.7021276595744 1984.4893617021273 969.6808510638298 2129.1702127659573 box 0
1196.276595744681 1615.340425531915 1572.340425531915 1456.8297872340424 1708.5106382978722 1826.5106382978724 1344.1489361702127 1983.4255319148933 box 0
1050.5319148936169 1239.8085106382978 1425.0 1081.8297872340424 1565.4255319148936 1449.9148936170213 1194.6808510638298 1608.9574468085107 box 0
904.2553191489361 863.7446808510639 1280.851063829787 715.8723404255319 1422.340425531915 1078.1063829787233 1047.340425531915 1235.5531914893618 box 0
759.5744680851063 487.68085106382983 1133.5106382978722 347.2553191489362 1274.468085106383 708.9574468085107 895.7446808510638 856.8297872340424 box 0
601.063829787234 115.34042553191496 969.1489361702127 0.44680851063837534 1129.787234042553 341.936170212766 752.127659574468 485.0212765957447 box 0
