791.6432022025259 578.7728193492031 802.2467296779458 -11.122272015380418 582.631499503392 -15.06991653940869 572.027972027972 574.8251748251748 box 0
1215.281559318047 575.3681665416838 1226.3685371027866 -0.14849890466155102 1016.6813833791455 -4.187994117673895 1005.5944055944057 571.3286713286714 box 0
2097.6222502820833 580.0258725088419 2100.3062121397425 -7.57000112381661 1880.3063394800367 -8.574894611679419 1877.6223776223776 579.0209790209791 box 0
1439.176072628892 575.3012177060951 1446.0683785054516 -10.842086858222387 1227.1720261562803 -13.4160318370448 1220.2797202797203 572.7272727272727 box 0
1002.7657142723506 573.2811023247757 1011.9912729781142 -6.120290452376936 801.5332510134562 -9.471322847082691 792.3076923076924 569.93006993007 box 0
570.1452264938663 569.8510045094504 577.3415370460248 -2.804120403167701 361.04246439831246 -5.522257779750795 353.84615384615387 567.1328671328672 box 0
2542.155790269566 583.6684212836196 2543.3778997624827 0.31357915557373417 2327.7955360663427 -0.1380589112627583 2326.573426573427 583.2167832167833 box 0
1657.879651139215 573.1843030494881 1668.3469082053614 -7.7404836544209275 1448.928795527685 -11.694017473139729 1438.4615384615386 569.2307692307693 box 0
2323.4777159133387 574.686929799836 2326.7565737708505 -6.697574096103608 2103.2788578575123 -7.957930469366104 2100.0 573.4265734265734 box 0
1877.4428507121488 574.3920737810154 1885.6129683496022 -5.156654655713794 1668.309977777313 -8.220057108057855 1660.1398601398603 571.3286713286714 box 0
