1850.9186887130468 3046.1664855673953 1884.7222222222224 1831.8888888888891 1621.3035335091758 1824.555736654827 1587.5 3038.8333333333335 box 0
2429.166666666667 3037.444444444445 2453.9329276202616 1848.2596119191855 2180.037684314979 1842.5554010310912 2155.271423361384 3031.7402335563506 box 0
1563.8987431514354 3045.0660465915057 1604.1666666666667 1834.6666666666672 1333.3234790707868 1825.6561756307167 1293.0555555555557 3036.0555555555557 box 0
2139.320303833296 3043.598600053847 2166.666666666667 1844.388888888889 1896.7908072778157 1838.2347332794873 1869.4444444444446 3037.444444444445 box 0
993.2874491758678 3051.9483580145516 1038.9207638013227 1806.1814593841336 752.0604203157093 1795.6735639486105 706.4271056902542 3041.4404625790285 box 0
2720.5648033958705 3041.263160922766 2734.722222222222 1859.666666666667 2468.008042047191 1856.4710035329147 2453.8506232208397 3038.067497789014 box 0
1272.783253341984 3046.5242112259457 1319.4444444444446 1822.166666666667 1042.0963107298287 1811.5967197368043 995.4351196273683 3035.9542642960832 box 0
3008.5918467982683 3034.8942734337406 3022.222222222222 1858.2777777777783 2741.0785849579784 1855.0209023743516 2727.448209534024 3031.637398030314 box 0
701.4811969812963 3041.54405706888 740.8351566753415 1785.867999376369 462.6520362602497 1777.1495028809456 423.29807656620443 3032.825560573456 box 0
3294.828546693454 3042.6327097888193 3317.107455292653 1860.106983665319 3041.723353043644 1854.9187183209444 3019.4444444444443 3037.444444444445 box 0
