1603.217668628154 322.6287612971214 3143.335125706031 291.8223045184551 3137.378076052698 -5.990463424780756 1597.2606189748208 24.81599335388549 box 0
1601.565528842302 338.8740457743633 3157.8706890652606 323.3104753829954 3160.7323434981236 609.4663797575517 1604.4271832751647 625.0299501489196 box 0
1605.4959352443811 639.8368359214314 3158.376796662683 608.7750770147651 3164.248745606683 902.3333768445261 1611.367884188381 933.3951357511924 box 0
3174.8975746882575 1203.9183775572778 1620.9530962415865 1235.0014116412774 1615.0598721202537 940.3794947831475 3169.004350566924 909.296460699148 box 0
1622.2623139536865 1250.5170458718426 3179.397643485463 1219.3701862558428 3185.141941365463 1506.5467839153912 1628.0066118336858 1537.6936435313914 box 0
3192.6530647930117 1817.780477431311 1637.528906718922 1833.332237407507 1634.5643751248913 1536.8889598423482 3189.6885331989815 1521.3371998661519 box 0
1638.7783749409264 1842.4007476351803 3198.2748649524497 1826.8052628821074 3201.1790718675848 2117.2162736414152 1641.682581856062 2132.811758394488 box 0
1649.7659574468087 2143.106382978723 3204.021276595745 2143.106382978723 3204.021276595745 2436.0851063829787 1649.7659574468087 2436.0851063829787 box 0
1652.671804729717 2456.937663152021 3205.3510272904573 2441.4103533459693 3208.276595744681 2733.9574468085107 1655.597373183941 2749.4847566145622 box 0
1664.257714129927 2762.055632635421 3205.55011731348 2746.6421948188995 3208.3768856361994 3029.3096044669346 1667.0844824526464 3044.723042283457 box 0
