2991.463513213239 2493.2677788275323 2994.257323839507 2099.7019828238836 2587.5429961861746 2096.81483454527 2584.7491855599064 2490.380630548919 box 0
3406.6341709349113 2493.744452153973 3406.967566359555 2097.2520754246325 3001.475767114405 2096.9111127263977 3001.142371689761 2493.403489455738 box 0
2987.437911862436 1689.9354048490864 2986.8362010022497 1298.588881036854 2577.512289553579 1299.2182328462256 2578.1140004137656 1690.5647566584582 box 0
3408.8020094602166 1686.7093473795733 3407.586343296048 1295.3499061009163 3000.1917245180543 1296.6153817769207 3001.4073906822227 1687.9748230555776 box 0
3411.776738340037 2089.3400942283524 3410.616374417191 1696.2958496431595 3002.2845272239274 1697.501346353923 3003.4448911467734 2090.5455909391158 box 0
2992.7745005800903 2089.607560582266 2995.614849551022 1699.6444618758605 2585.78262756322 1696.6593934582613 2582.9422785922884 2086.6224921646667 box 0
2981.6192139210475 1288.6400976736968 2979.7717524022833 898.3469914267661 2573.6602721629365 900.2693295876558 2575.5077336817008 1290.5624358345863 box 0
3401.371153679982 1284.985358555308 3398.030151760715 892.4459571590818 2992.1571109379374 895.9004450488181 2995.4981128572044 1288.4398464450444 box 0
3379.848680599474 885.1566334490291 3379.887553478539 491.9844453720805 2967.1277537266974 491.94363586859777 2967.0888808476325 885.1158239455466 box 0
2968.497630723635 887.5147599508964 2964.3463702262147 490.83251286885655 2553.924448744138 495.12755839321966 2558.0757092415583 891.8098054752595 box 0
