1702.5454545454547 1662.3376623376623 1761.2646101521395 946.4293160045871 1139.9601623584463 895.4696188087249 1081.2410067517603 1611.3779651418001 box 0
3764.6897030238765 1695.0632591736098 3782.58895140461 985.0053096577112 3134.709627571065 968.6734694946032 3116.810379190332 1678.7314190105017 box 0
635.0129870129871 802.5974025974026 667.1016587510622 84.72839096519886 42.64564307510881 56.815270636558296 10.55697133703367 774.684282268762 box 0
3327.9155956500194 782.292059638968 3361.281462531574 155.3016301477599 2837.8258934532246 127.44546518133495 2804.46002657167 754.4358946725431 box 0
2383.064935064935 1680.5194805194806 2435.467682773431 956.9097244363509 1794.5571535077934 910.4959323523099 1742.154405799297 1634.1056884354393 box 0
3085.176831903416 1694.961154659904 3118.1445861920565 971.5119312999647 2461.9021850223457 941.6068079865804 2428.934430733705 1665.0560313465196 box 0
2783.064935064935 725.974025974026 2812.2065904670726 104.68342264051557 2289.7491964861074 80.17754204937046 2260.6075410839712 701.468145382881 box 0
1707.2651394330883 716.5306871732388 1738.4004149170987 90.65287694371148 1223.6044780290702 65.04354385810473 1192.4692025450595 690.921354087632 box 0
2244.103896103896 709.0909090909091 2266.9242137866463 73.18014292195818 1753.1765632690008 54.74377540421682 1730.3562455862507 690.6545415731678 box 0
1054.7880033549493 1617.9481728411529 1132.772483042992 897.2977267292716 507.53069838913035 829.6378015623277 429.5462187010875 1550.2882476742088 box 0
3872.6753246753246 794.8051948051948 3888.739803572122 175.67108307529105 3367.4504416849895 162.14535125967137 3351.385962788193 781.2794629895752 box 0
1170.077922077922 700.0 1205.4506260827202 66.65072182967185 693.2406827979278 38.04367775997804 657.8679787931296 671.3929559303061 box 0
2697.3506493506493 2641.5584415584417 2750.1960756635876 1732.6652222809028 2216.849710390017 1701.6550712009541 2164.00428407708 2610.5482904784926 box 0
3257.8984995506326 2736.788778509379 3349.116875247665 1849.1357963299888 2801.5560380346947 1792.8664983400902 2710.3376623376626 2680.5194805194806 box 0
368.7470310139475 1674.7326231445613 450.6516847062934 956.7702190415237 -13.2644276189354 903.8469903248786 -95.1690813112813 1621.8093944279165 box 0
1875.2727272727273 2383.116883116883 1918.5094788051385 1902.6365879647078 1021.9121760291712 1821.9549134072167 978.6754244967593 2302.4352085593914 box 0
