2243.749178497679 1188.556824150367 2243.506093301049 39.74187489276653 1931.7406583858658 39.80784336061913 1931.9837435824954 1188.6227926182196 box 0
2854.977446727418 1181.4489569024227 2855.121099073022 44.08160433331818 2545.594770832396 44.04251038273355 2545.451118486792 1181.409862951838 box 0
3151.621792542797 1200.4109143941166 3459.3297795991425 1198.2342023951826 3450.9040619493903 7.143870380663612 3143.1960748930446 9.320582379597727 box 0
1019.1239519000328 1206.6078863508887 1022.6526750246837 -0.990672009363152 715.9886934399332 -1.886774671811736 712.4599703152822 1205.7117836884402 box 0
1325.6373781208354 1201.6192002949767 1327.3417313127366 10.200570720790893 1018.5096719737691 9.758778983587717 1016.8053187818675 1201.1774085577736 box 0
1632.9084707813931 1199.531090585914 1635.1960769835164 16.209607182213404 1321.67255148118 15.603501088890653 1319.3849452790569 1198.9249844925912 box 0
3126.088106847059 1171.8587768790828 3125.741067393509 51.016111908307266 2848.3631626841907 51.10199468158612 2848.7102021377405 1171.9446596523617 box 0
716.9943939236913 1226.5923430371795 729.9375813215044 56.14575421878761 441.656600377151 52.95784731621381 428.71341297933793 1223.404436134606 box 0
2518.5034022733566 1198.723583362753 2516.727479903892 23.719389172272486 2234.438662393391 24.14604554349694 2236.214584762856 1199.1502397339775 box 0
1922.6006507560307 1200.5698814907896 1917.6340025911302 22.245131389841276 1631.3116333321038 23.451982446588204 1636.2782814970044 1201.7767325475365 box 0
