207.1500778694511 1185.1931423863791 1390.0 1148.625 1384.2479618866319 962.5669344138208 201.39803975608277 999.1350768002 box 0
233.62385032351773 2533.287038466919 1432.5 2493.625 1426.6246777067952 2316.029897951454 227.74852803031285 2355.6919364183736 box 0
235.38660954256352 1773.4999691308835 1406.25 1731.125 1399.579592934592 1546.8148850306654 228.71620247715532 1589.1898541615487 box 0
214.25449600181588 1381.530107151249 1403.75 1348.625 1398.4399825770035 1156.671762413704 208.94447857881948 1189.5768695649526 box 0
237.61044595897786 1963.0082758782085 1415.0 1923.6249999999998 1408.7766907749897 1737.5749797895564 231.38713673396762 1776.9582556677647 box 0
1429.7515421384687 954.2353212144913 1423.8983141641393 781.4437018695015 218.27878072050385 822.2834486483133 224.13200869483308 995.075067993303 box 0
271.8244174438523 2722.0307944382275 1460.0 2683.625 1453.986238782191 2497.574839006288 265.8106562260434 2535.980633444516 box 0
224.9500119944826 1583.068015419891 1408.75 1543.625 1402.4151192718934 1353.4967440815396 218.61513126637612 1392.9397595014307 box 0
231.25 2147.375 1419.7691892397368 2111.0691166922975 1414.0992116298241 1925.455200214166 225.58002239008758 1961.7610835218686 box 0
231.84930853589879 2345.753540397264 1420.0 2308.625 1413.9293708715059 2114.3587530786913 225.7786794074044 2151.487293475955 box 0
