1011.6363636363636 2223.8787878787875 1075.8857054335529 1496.118139711444 435.5137046656742 1439.5837837273807 371.2643628684851 2167.3444318947236 box 0
1675.2727272727275 2278.424242424242 1762.9676671328475 1586.0751076080762 1118.5969708464645 1504.4572552604136 1030.902030986345 2196.8063900765796 box 0
1559.5744680851062 786.0000000000001 1611.3484883549404 168.06665333364114 1095.122222735273 124.81423900092807 1043.348202465439 742.747585667287 box 0
3619.8227474392443 2423.9912092015147 3688.5928853645137 1520.4551205613081 3144.599852353236 1479.0506029322748 3075.829714427967 2382.5866915724814 box 0
958.5106382978723 1373.2340425531916 1012.0017589774117 757.657508532208 508.19681914622623 713.8788890656327 454.7056984666871 1329.4554230866163 box 0
4177.350143659146 2413.735267176091 4233.264348724478 1520.507718242423 3706.408319628208 1487.5276158195147 3650.4941145628754 2380.7551647531827 box 0
2415.0345545108794 2337.0127448602734 2435.237125704777 1615.6041579500552 1777.697796029282 1597.1902031377733 1757.4952248353839 2318.598790047992 box 0
1018.0851063829786 711.5319148936171 1063.053666934181 105.03350198777025 564.0142712755613 68.03244344651102 519.045710724359 674.5308563523578 box 0
1494.1541022857352 1460.5972854429197 1552.0831039374905 824.441291579298 1034.3999981323557 777.3005497163822 976.4709964806004 1413.4565435800039 box 0
2073.404255319149 903.0212765957448 2266.988952048183 303.99803470876003 1776.0378595958489 145.33871784855717 1582.4531628668149 744.361959735542 box 0
2020.3690136887512 1560.7928155004408 2086.4805485190263 931.2466283864463 1564.7087858851066 876.4529805733108 1498.5972510548315 1505.9991676873053 box 0
444.2806349156144 1203.2960622597275 496.5341060235205 577.7285871420985 -0.5592319630955842 536.2065237235488 -52.812703071001664 1161.7739988411777 box 0
352.7339930625511 2174.5839289005944 413.07941481097384 1453.0353747419463 -19.38136330362184 1416.867291673155 -79.72678505204459 2138.415845831803 box 0
