1432.885247918711 1547.9771587971202 1432.1564832202016 1247.7956315957608 49.73277376302921 1251.151806131974 50.46153846153857 1551.3333333333333 box 0
23.03964271098073 961.1212188725287 1444.4927827229808 930.9586473797365 1438.0490623518854 627.2893611903373 16.595922339885306 657.4519326831296 box 0
1455.9475721250296 2762.0566899223777 1456.074492889109 2470.403629255349 34.41250783102521 2469.7849543647317 34.285587066945595 2761.43801503176 box 0
1449.0176900121496 2464.281358970698 1448.8635666682694 2182.4070322004823 56.83146045476933 2183.168168006841 56.985583798649444 2465.0424947770566 box 0
1471.4592926920288 3045.7213968230185 1474.321774705683 2781.393744415844 44.479829317248246 2765.909564785868 41.6173473035942 3030.2372171930424 box 0
20.17391982468439 649.7056677337052 1428.8493795364252 638.1640024751982 1426.3089350184553 328.0994000916121 17.633475306714445 339.6410653501191 box 0
1447.5852088102347 1231.5400361323539 1442.4230479861767 948.6367176266834 29.948717948718127 974.4102564102564 35.110878772776395 1257.3135749159267 box 0
1434.413062503597 332.48033527718394 1434.204182336495 6.836269427548903 19.69230769230785 7.743589743589694 19.90118785940989 333.3876555932247 box 0
1460.4495901707442 1836.2247550103784 1459.9587390760867 1558.5577250385159 68.75147279953939 1561.0170577494118 69.24232389419677 1838.6840877212744 box 0
1462.949327368519 2150.987137935568 1462.6018986326656 1863.8192939038258 51.190139195952554 1865.526884128641 51.537567931805995 2152.694728160383 box 0
