2165.734265734266 556.6433566433567 2120.9790209790212 55.24475524475525 1621.6783216783217 112.5874125874126 1673.4265734265734 615.3846153846154 box 0
2674.1258741258744 528.6713286713286 2634.2657342657344 27.272727272727273 2142.6573426573427 55.24475524475525 2175.5244755244757 572.7272727272727 box 0
2689.5104895104896 546.1538461538462 2190.2097902097903 580.4195804195805 2234.965034965035 1084.6153846153848 2729.3706293706296 1042.6573426573427 box 0
2165.734265734266 574.1258741258741 1664.3356643356644 622.3776223776224 1716.0839160839162 1128.6713286713286 2211.888111888112 1083.2167832167834 box 0
2741.2587412587413 1055.2447552447552 2243.3566433566434 1093.006993006993 2281.1188811188813 1600.0 2783.2167832167834 1557.3426573426575 box 0
2218.1818181818185 1092.3076923076924 1716.7832167832169 1135.6643356643358 1761.5384615384617 1632.1678321678323 2256.6433566433566 1597.2027972027972 box 0
2769.2307692307695 1569.93006993007 2806.993006993007 2069.93006993007 2311.188811188811 2117.482517482518 2267.1328671328674 1610.4895104895108 box 0
2251.7482517482517 1614.6853146853148 2283.2167832167834 2122.3776223776226 1783.2167832167834 2149.6503496503497 1749.6503496503497 1644.055944055944 box 0
2298.6013986013986 2134.2657342657344 1799.3006993006993 2158.7412587412587 1830.0699300699303 2667.1328671328674 2332.1678321678323 2639.86013986014 box 0
2806.993006993007 2080.4195804195806 2846.853146853147 2574.825174825175 2352.4475524475524 2638.4615384615386 2304.195804195804 2126.573426573427 box 0
