2266.6666666666665 1866.666666666667 2353.739791005818 1150.9830832791392 1711.1943315824703 1072.8082557707214 1624.1212072433186 1788.4918391582487 box 0
1822.8150757433054 1058.6319008171258 1886.3395599050182 433.4788540407952 1373.1613696454883 381.3326156318486 1309.6368854837756 1006.4856624081795 box 0
2950.7936507936506 1936.5079365079366 3017.6300726486484 1212.917955309764 2368.425233813376 1152.9523261466138 2301.588811958378 1876.5423073447862 box 0
3668.2505511428594 1967.8622514298238 3719.197584998599 1230.7671509505458 3058.883541792248 1185.1271217429442 3007.936507936508 1922.222222222222 box 0
1585.7142857142858 1782.5396825396824 1662.6152009463626 1075.5593717715162 1030.6055726901213 1006.8133004762897 953.7046574580445 1713.7936112444563 box 0
2903.1746031746034 1163.4920634920636 2958.8609554299865 532.9990349389603 2435.5733561171896 486.78127159100006 2379.887003861807 1117.2743001441033 box 0
2358.7301587301586 1104.7619047619048 2414.6583615259888 481.2693901252102 1896.426380185935 434.7832131988361 1840.498177390105 1058.2757278355307 box 0
763.0034843799249 915.1759679677814 845.1873987607713 218.51036300748171 218.69185088878297 144.60423630954162 136.5079365079365 841.2698412698412 box 0
3447.4802652669996 1170.9346094200396 3499.016532106642 543.5261725498717 2983.2822985856737 501.16299170126086 2931.746031746032 1128.5714285714287 box 0
933.3333333333334 1701.5873015873017 1026.3879431488078 982.5339314224552 405.8411413312553 902.2273187128384 312.7865315157806 1621.2806888776847 box 0
1292.291315238427 943.838800582828 1361.651314829239 322.64741266091085 850.3034540204682 265.55214684419104 780.943454429656 886.7435347661082 box 0
1621.1447144258684 2434.7412577096816 1699.5699573875893 1918.7743485462613 833.9807985172764 1787.2076940111826 755.5555555555557 2303.1746031746034 box 0
728.0111472536942 2347.3719053313243 835.4107128185851 1714.4069861155665 146.2587334798322 1597.4737707947693 38.85916791494094 2230.4386900105264 box 0
3985.567317674761 1196.1140009571775 4037.6397804846656 576.2362864516273 3520.994747449751 532.8358243296877 3468.922284639846 1152.713538835238 box 0
4232.947459783127 2131.727471089898 4287.714956358312 1247.765390168364 3750.005591813281 1214.4506174911646 3695.2380952380954 2098.4126984126983 box 0
2861.904761904762 2661.904761904762 2940.521910084089 2187.0799361002055 2028.32258163333 2036.0463214353006 1949.705433454003 2510.8711472398572 box 0
