1060.9375 2959.8958333333335 1065.1833755452526 2809.1664495875048 98.29327559843449 2781.930253642901 94.04740005318216 2932.6596373887296 box 0
1068.75 2636.4583333333335 1071.5490649353128 2481.3446268310017 109.01417616173944 2463.975448330062 106.21511122642666 2619.0891548323943 box 0
1077.0833333333335 2319.2708333333335 1079.0272073362783 2156.9514831902825 114.28383981888345 2145.398088293263 112.33996581593885 2307.717438436314 box 0
1081.7708333333335 2155.2083333333335 1083.8738037374926 2002.5119745714233 121.44942399612614 1989.2572381569607 119.34645359196692 2141.9535969188705 box 0
1064.0625 2805.729166666667 1068.2003985125953 2643.3291440074495 99.86712044824321 2618.6563344512156 95.72922193564801 2781.0563571104335 box 0
1094.2708333333335 1843.2291666666665 1096.5896079855315 1681.1072138521934 125.18415526565781 1667.213535040222 122.86538061345968 1829.335487854695 box 0
1073.9583333333335 2480.2083333333335 1076.6576525474543 2325.441113347841 108.93745941672239 2308.562954578463 106.23814020260167 2463.3301745639556 box 0
1086.9791666666667 2001.0416666666667 1089.4511132693156 1844.200582773099 121.33611310286983 1828.9422810180647 118.86416650022106 1985.7833649116324 box 0
1086.4583333333335 1680.2083333333333 1088.3860560742169 1522.7840106355975 121.09718903234216 1510.9391780579772 119.16946629145875 1668.363500755713 box 0
1089.5766717828324 1519.9607668496403 1092.5595729425854 1359.9006481982926 121.91694870819563 1341.811626186248 118.93404754844241 1501.8717448375958 box 0
