721.9539177522284 621.1168264014427 737.5309887750986 -1.4809027662219592 569.0098521189774 -5.697213863367438 553.4327810961073 616.9005153042974 box 0
1066.2056074766356 630.6168224299065 1083.0386038433958 -2.601428459674115 920.2052518113194 -6.930067470461722 903.3722554445591 626.2881834191188 box 0
1430.121205804995 632.6052495460366 1435.1053688822235 1.1903792580809522 1263.8923895569305 -0.16111474380437585 1258.9082264797023 631.2537555441513 box 0
544.383255999436 615.464787674287 566.1637675876669 -5.603427064446294 400.3521027190919 -11.418348521428413 378.57159113086107 609.6498662173049 box 0
1247.514018691589 630.6168224299065 1261.7142937257258 -1.0073145617658668 1099.5389352552074 -4.653366951419002 1085.3386602210708 626.9707700402535 box 0
898.2831421764082 619.6221529241118 914.6392209086466 3.536531194077838 752.3196257844271 -0.772792029829759 735.9635470521885 615.3128297002042 box 0
1599.8504672897195 625.9439252336447 1608.9370193684874 4.453072906714194 1446.1446387437177 2.0729550996134094 1437.05808666495 623.5638074265439 box 0
371.57003091090286 612.9538249763535 396.2611366890084 3.7408333978275436 232.7389436770354 -2.886641427134464 208.04783789892986 606.3263501513914 box 0
1772.747663551402 616.5981308411214 1775.530136542359 -1.5215836736401225 1613.7930251186838 -2.249645137470168 1611.0105521277264 615.8700693772911 box 0
1953.1214953271028 621.2710280373831 1954.3553988884983 -0.7588007716641646 1784.6940118632972 -1.0953534255497743 1783.4601083019015 620.9344753834976 box 0
