713.291271278434 2117.95046065689 719.1605895784954 1856.332298111363 -12.9514505119851 1839.90760285019 -18.820768812046442 2101.525765395717 box 0
693.4413614168471 529.2633398903395 699.1883956597572 271.28407055584285 -3.3215583696669873 255.63417445292222 -9.068592612577007 513.6134437874189 box 0
690.0381862111697 796.3154406209992 695.481159893943 534.788675214071 -13.416130585254221 520.0348916391326 -18.85910426802741 781.5616570460609 box 0
712.1449222729964 1852.4662218381627 715.5752373897678 1576.8561114566073 9.251585943861471 1568.0650235842006 5.821270827090132 1843.6751339657558 box 0
702.242588303585 1056.2848526780126 705.3077880922825 796.0089061175672 -2.810884163875503 787.6695830519677 -5.876083952572994 1047.9455296124129 box 0
723.8268397914761 2628.3857536092896 722.8843292716004 2377.5664892576274 13.137985075772352 2380.2335228189327 14.080495595648014 2631.052787170595 box 0
703.0290327338496 1316.2101791206978 705.569277128877 1056.749742349698 -15.038801792077056 1049.6946373160695 -17.57904618710459 1309.1550740870694 box 0
707.0112006913591 1578.3899520797634 708.6275762015168 1316.471745716496 -2.4247078668047015 1312.0836296157934 -4.04108337696247 1574.0018359790608 box 0
726.0764388984727 2375.9860670780226 727.9119908174447 2111.315506713604 0.8904205375625139 2106.2734429622606 -0.9451313814094334 2370.944003326679 box 0
718.6711398479276 2898.2781745042607 720.0063083653633 2640.9814161324325 4.0462652805513475 2637.2661446485713 2.711096763115711 2894.5629030203995 box 0
