2.5423728813559325 1277.9661016949153 678.8135593220339 1277.9661016949153 678.8135593220339 1433.0508474576272 2.5423728813559325 1433.0508474576272 box 0
0.0 1441.5254237288136 684.7457627118645 1441.5254237288136 684.7457627118645 1590.6779661016947 0.0 1590.6779661016947 box 0
0.8474576271186441 1600.8474576271187 696.6101694915254 1600.8474576271187 696.6101694915254 1754.2372881355934 0.8474576271186441 1754.2372881355934 box 0
1.6949152542372883 1760.1694915254238 695.7627118644068 1760.1694915254238 695.7627118644068 1920.3389830508474 1.6949152542372883 1920.3389830508474 box 0
0.8474576271186441 1923.7288135593221 700.8474576271187 1923.7288135593221 700.8474576271187 2076.271186440678 0.8474576271186441 2076.271186440678 box 0
0.8474576271186441 2241.5254237288136 696.6101694915254 2241.5254237288136 696.6101694915254 2397.4576271186443 0.8474576271186441 2397.4576271186443 box 0
0.0 2079.661016949153 700.0 2079.661016949153 700.0 2238.983050847458 0.0 2238.983050847458 box 0
-0.6949152542372303 2399.1525423728817 697.4576271186442 2399.1525423728817 697.4576271186442 2548.305084745763 -0.6949152542372303 2548.305084745763 box 0
0.8474576271186441 2561.8644067796613 699.1525423728814 2561.8644067796613 699.1525423728814 2706.7796610169494 0.8474576271186441 2706.7796610169494 box 0
0.0 2715.2542372881358 703.3898305084746 2715.2542372881358 703.3898305084746 2873.728813559322 0.0 2873.728813559322 box 0
