738.5107434807389 1258.9944608211463 737.6410256410257 1025.6923076923076 -4.594946366269553 1028.4592597220005 -3.725228526556461 1261.761412850839 box 0
768.0795657618817 2405.1963940346886 772.6897811469166 2174.180747349492 -5.539248607951026 2158.650182655985 -10.149463992985897 2389.665829341182 box 0
770.4704512767025 2173.8481030790917 774.9448051649251 1946.7745920508314 2.0707094975283606 1931.5455492646581 -2.403644390694245 2158.6190602929187 box 0
766.8227407129735 2860.388332690607 769.6955807378375 2630.808989784752 -1.0531433733434308 2621.1642292600764 -3.9259833982074785 2850.7435721659313 box 0
769.895345223495 2626.996269133303 774.3963758050991 2397.3704354243664 3.951266180923843 2382.268489167478 -0.5497644006801088 2611.8943228764147 box 0
758.635578333929 1943.8543761807205 760.7179487179488 1718.0 -11.097896878154282 1710.8838817030467 -13.180267262174189 1936.738257883767 box 0
747.8974358974359 1471.8461538461538 747.5344372210178 1253.8980404818808 -10.291019195256917 1255.1602199675795 -9.928020518838695 1473.108333331853 box 0
736.4526537964248 1709.5795961700874 737.6410256410257 1482.1025641025642 -0.1051954423158097 1478.2484746165715 -1.2935672869168005 1705.725506684095 box 0
737.6410256410257 800.051282051282 737.9442877022562 572.84510343505 -20.357984874789675 571.8329641014366 -20.661246936020174 799.0391427176686 box 0
732.5128205128207 1030.820512820513 731.4409387761308 800.4385269033802 -22.153129279998385 803.9447199558085 -21.08124754330836 1034.3267058729414 box 0
