3078.119077493814 1836.343948780193 3614.4791277674667 795.7351752369837 3449.304462240072 710.5993449820139 2912.9444119664195 1751.2081185252232 box 0
2890.1050304131027 1740.3083739804233 3445.292093014194 714.6692181879113 3284.1739185615065 627.454601330856 2728.986855960415 1653.093757123368 box 0
3267.055719540557 1908.434834279086 3806.486040139588 884.3049246793051 3642.159218813935 797.7506027326323 3102.728898214904 1821.880512332413 box 0
3447.9216061968446 1982.5510598337394 3989.957849036662 974.1374727250911 3823.571376286065 884.7024435842293 3281.5351334462475 1893.1160306928775 box 0
2553.696689853853 1548.5887912073129 3084.4865286984514 545.1114044286826 2919.55517477017 457.87088667964997 2388.765335925572 1461.3482734582803 box 0
2728.213160782997 1633.0702696099656 3268.9222589801084 620.3191054395156 3108.6840796650013 534.7677434668167 2567.97498146789 1547.5189076372667 box 0
2193.804617644208 1384.6739801702877 2708.645063601038 357.1162453980103 2546.4607510081355 275.8565351190189 2031.6203050513054 1303.4142698912963 box 0
2382.8713246401144 1458.9643616625854 2899.6718530285902 448.33814524028645 2733.848128790061 363.5414252331665 2217.047600401585 1374.1676416554656 box 0
2022.2564102564102 1297.4871794871794 2548.7336635261486 257.135702113137 2385.379307890905 174.46907036905532 1858.9020546211661 1214.820547743098 box 0
1850.4615384615386 1223.128205128205 2369.984701904888 178.85022792787757 2201.611775274836 95.08552409339302 1682.088611831486 1139.363501293721 box 0
