3897.222222222222 1024.9444444444446 3900.756282106806 837.4662310107973 2720.177398941832 815.2117172986923 2716.6433390572483 1002.6899307323396 box 0
3892.712916829581 837.046539772284 3896.2149957415713 657.000110984144 2700.984543573738 633.7517111703881 2697.482464661747 813.798139958528 box 0
3890.277777777778 1212.4444444444446 3893.466887640323 1026.643488660559 2730.599773128544 1006.6838982048835 2727.410663265998 1192.4848539887691 box 0
3893.0555555555557 2180.5 3898.295890130395 1999.650546132109 2705.2801833573394 1965.0814538687946 2700.0398487825 2145.9309077366856 box 0
3906.944444444445 1406.8888888888891 3910.4406866627305 1220.8604352117968 2727.049346916709 1198.6196291362062 2723.5531046984233 1384.648082813299 box 0
3895.8333333333335 1801.3333333333335 3900.2962176523274 1609.0080423137263 2712.503369253236 1581.4454578547102 2708.040484934243 1773.7707488743174 box 0
3897.222222222222 1602.7222222222224 3900.0050862169905 1413.853139302663 2715.227737865872 1396.396210018228 2712.444873871104 1585.2652929377873 box 0
3886.1111111111113 1990.2222222222226 3890.5782957589754 1811.7267584618544 2706.749778705562 1782.0992235896776 2702.2825940576977 1960.5946873500454 box 0
3875.777777777778 2374.3333333333335 3881.018112352617 2193.4838794654424 2688.0024055795616 2158.914787202128 2682.762071004722 2339.764241070019 box 0
3832.757490496021 2543.7681636425345 3834.3800290893055 2362.8500787552466 2640.911581750207 2352.146623559593 2639.2890431569226 2533.064708446881 box 0
