1140.0 2106.0 1142.4811945029514 1896.07495402604 -6.149567430496402 1882.4987925003516 -8.630761933447678 2092.4238384743117 box 0
1136.0 1889.0 1137.9450575272494 1674.6447974816926 -7.075473875780514 1664.2548896217684 -9.020531403029985 1878.610092140076 box 0
1134.0 2755.0 1138.769257552563 2536.8663689968444 -24.210456346780944 2511.43906666623 -28.979713899343885 2729.572697669386 box 0
1121.0 2538.0 1125.6876706178132 2335.6503038526307 -4.257562335330945 2309.4737828639613 -8.945232953144108 2511.8234790113306 box 0
1139.0 2326.0 1142.9584796501845 2109.692826233801 -27.850338243644842 2088.2667089248175 -31.80881789382936 2304.573882691016 box 0
1160.0 816.1250000000001 1164.4161220994813 601.817838049906 -6.456772386518992 577.6902371896626 -10.87289448600041 791.9973991397567 box 0
1158.0 1034.125 1162.4161220994813 819.817838049906 -8.456772386518992 795.6902371896626 -12.872894486000412 1009.9973991397567 box 0
1138.5 1252.125 1142.9161220994813 1037.8178380499057 -27.956772386518992 1013.6902371896625 -32.37289448600041 1227.9973991397565 box 0
1141.5553630705936 1463.6883209932832 1145.9161220994813 1252.0678380499057 -3.6392409711120255 1228.3795170566223 -7.999999999999773 1440.0 box 0
1130.5553630705936 1678.688320993283 1134.9161220994813 1467.0678380499057 -14.639240971112024 1443.3795170566223 -18.999999999999773 1655.0 box 0
1136.5 1250.125 1140.9161220994813 1035.8178380499057 -29.956772386518992 1011.6902371896624 -34.37289448600041 1225.9973991397565 box 0
