3201.9350649350645 855.1948051948051 2749.337662337662 1075.3246753246754 2522.7142857142853 638.961038961039 2970.7662337662337 409.7402597402597 box 0
2729.8571428571427 1081.8181818181818 2504.5324675324673 636.3636363636364 2057.7792207792204 860.3896103896104 2275.961038961039 1309.090909090909 box 0
2957.1298701298697 1541.5584415584415 2750.6363636363635 1083.7662337662337 3210.3766233766232 870.7792207792207 3409.7272727272725 1323.3766233766235 box 0
2953.233766233766 1556.4935064935064 2738.298701298701 1105.844155844156 2279.207792207792 1321.4285714285713 2497.38961038961 1781.8181818181815 box 0
2490.896103896104 1791.5584415584412 2272.0649350649346 1340.2597402597403 1820.1168831168832 1554.5454545454543 2039.5974025974024 2011.0389610389611 box 0
2264.272727272727 1316.8831168831168 1815.5714285714287 1537.0129870129872 1592.1948051948052 1077.2727272727273 2050.6363636363635 861.6883116883115 box 0
1792.1948051948052 1530.5194805194806 1584.4025974025974 1073.3766233766235 1123.3636363636365 1287.6623376623377 1334.4025974025974 1745.4545454545455 box 0
1805.1818181818182 1553.2467532467533 1346.7402597402597 1766.8831168831166 1570.7662337662339 2223.3766233766232 2020.7662337662337 2002.5974025974026 box 0
1559.077922077922 2224.6753246753246 1336.3506493506493 1771.4285714285713 870.1168831168832 1993.5064935064934 1103.2337662337663 2440.2597402597403 box 0
1327.2597402597403 1765.5844155844156 867.5194805194806 1982.4675324675325 663.6233766233767 1518.8311688311687 1124.012987012987 1306.4935064935064 box 0
