893.3782364069014 1453.4657645947523 904.11485456865 495.55256523985173 745.360824742268 493.7731958762887 734.6242065805196 1451.6863952311892 box 0
732.9896907216495 1458.721649484536 741.1866029651738 492.8380773581967 584.7678039652101 491.5106387251763 576.5708917216856 1457.3942108515157 box 0
614.238779144395 2453.6052066304214 770.0 2451.125 754.492359562902 1477.2186417778937 598.7311387072971 1479.6988484083154 box 0
1217.1040534300328 1449.5108790264178 1226.7458775586829 493.36370335293196 1062.8865979381444 491.71134020618564 1053.244773809494 1447.8585158796714 box 0
1695.0149341496165 1438.8417053806536 1714.4329896907218 472.1237113402062 1554.9486085660317 468.92021601922386 1535.5305530249266 1435.638210059671 box 0
1854.7475131887738 1439.6819745965347 1878.3505154639176 475.2164948453609 1721.0827540953103 471.36773985379006 1697.479751820167 1435.833219604964 box 0
1538.2468480539223 1441.2939807452876 1552.777943284077 477.85588707448215 1395.3656073141196 475.4817089519778 1380.834512083965 1438.9198026227832 box 0
1084.229463082001 2433.8277504084517 1245.8762886597938 2433.0322164948457 1241.1245464123629 1467.5120329756392 1079.47772083457 1468.3075668892457 box 0
1376.7962792049577 1447.4911589611804 1390.0090132585947 478.4238263938195 1230.7385072495128 476.25225506150457 1217.5257731958764 1445.319587628866 box 0
777.2331273599888 2437.8640635326497 931.0386061098578 2435.2999323658128 915.043327027417 1475.8476278850858 761.2378482775479 1478.4117590519227 box 0
1723.9776533131815 2438.5424451481167 1726.6228139771495 1468.6791706614692 1565.5317586021124 1468.2398182968582 1562.8865979381444 2438.1030927835054 box 0
456.26944295229066 2438.5452873590925 618.5888901361637 2435.139156861917 598.4178068035686 1473.884413873818 436.09835961969566 1477.2905443709938 box 0
1047.2751622767778 1454.8367471498414 1059.621876961834 486.39844629473095 910.3092783505155 484.4948453608248 897.9625636654592 1452.933146215935 box 0
1883.5051546391753 2443.257731958763 1896.7435541142645 1470.6117489702983 1731.0645209917814 1468.3567401968255 1717.8261215166922 2441.0027231852905 box 0
927.5 2441.125 1088.8318847189619 2439.5585672354264 1079.3336011398026 1461.3001790832827 918.0017164208406 1462.866611847857 box 0
574.2268041237113 1461.8144329896907 585.9546664450298 487.1065288375926 422.6165011547862 485.14121440217997 410.8886388334678 1459.8491185542782 box 0
408.4223508004196 1453.1695885324475 418.55670103092785 491.71134020618564 260.649814148034 490.04690631291334 250.51546391752578 1451.5051546391753 box 0
294.6595252664908 2441.640015446184 455.0 2438.625 436.81366143156424 1471.463732744085 276.4731866980551 1474.478748190269 box 0
1248.4536082474228 2435.0103092783506 1407.9408910181523 2433.266128342868 1397.3558407285218 1465.3729044569018 1237.868557957792 1467.1170853923843 box 0
1561.8556620954741 2437.107704467637 1557.2267829544041 1467.6521590486511 1404.3419726215395 1468.3821412668974 1408.9708517626098 2437.8376866858835 box 0
