627.4255319148938 37.14893617021284 855.0851063829788 5.234042553191567 1064.659574468085 1211.6170212765958 842.3191489361703 1245.659574468085 box 0
862.5319148936171 7.361702127659651 1090.1914893617022 0.9787234042553965 1292.3191489361702 1168.0 1074.2340425531916 1208.4255319148936 box 0
1100.0 0.0 1332.744680851064 0.9787234042553965 1527.4255319148938 1125.4468085106382 1309.340425531915 1164.8085106382978 box 0
1340.3653846153845 0.9615384615384615 1575.9423076923076 1.923076923076923 1764.4038461538462 1102.8846153846152 1534.5961538461538 1135.576923076923 box 0
1582.673076923077 1.923076923076923 1812.4807692307693 0.9615384615384615 1996.1346153846155 1051.923076923077 1774.0192307692307 1095.1923076923076 box 0
1824.0192307692307 0.0 2052.8653846153843 2.8846153846153846 2227.8653846153843 1019.230769230769 2017.2884615384614 1060.576923076923 box 0
2065.3653846153843 2.8846153846153846 2292.2884615384614 4.8076923076923075 2465.3653846153843 974.9999999999999 2246.1346153846152 1009.6153846153845 box 0
2302.8653846153843 0.0 2528.826923076923 2.8846153846153846 2692.2884615384614 943.2692307692306 2482.6730769230767 980.7692307692307 box 0
2540.3653846153843 0.9615384615384615 2768.2499999999995 3.846153846153846 2923.057692307692 903.8461538461537 2707.6730769230767 934.6153846153845 box 0
2781.711538461538 1.923076923076923 3004.7884615384614 6.730769230769231 3151.9038461538457 865.3846153846154 2944.211538461538 898.0769230769231 box 0
