2459.7938144329896 1046.3505154639176 2704.8099740159555 907.1505237784756 2211.944971654187 39.62252604397872 1966.9288120712208 178.82251772942064 box 0
1480.4123711340208 1586.5567010309278 1717.3589364395477 1448.3343530967045 1211.592254902736 581.3278246505898 974.6456895972088 719.5501725848131 box 0
758.7628865979382 2021.6082474226805 989.676495757553 1883.4385857167313 472.78413928163695 1019.5913553827152 241.87053012202202 1157.7610170886644 box 0
1968.041237113402 1313.360824742268 2216.643184021887 1170.104498057547 1715.9014007622916 301.1349726087342 1467.2994538538064 444.39129929345506 box 0
1723.7113402061857 1450.4742268041236 1962.756174036666 1311.4873235607727 1462.5391979612402 451.1596154473396 1223.49436413076 590.1465186906902 box 0
522.8784023987379 2169.2832805949083 758.7628865979382 2028.8247422680415 242.8189320350814 1162.3542873745525 6.934447835881102 1302.8128257014196 box 0
1237.1134020618556 1736.041237113402 1477.677701531061 1595.3366350260328 968.7954350573744 725.2946880644892 728.2311355881691 865.9992901518581 box 0
2212.3711340206187 1172.1237113402062 2452.9119345811623 1034.7448748406212 1955.5829657710624 163.95639425910088 1715.0421652105192 301.335230758686 box 0
994.8453608247423 1887.5876288659795 1241.5773943679187 1742.9686276252162 731.3123796254672 872.414110907554 484.58034608229093 1017.0331121483177 box 0
2709.5991502030715 910.6896793702903 2945.360824742268 779.340206185567 2461.367583004956 -89.38849421179503 2225.605908465759 41.960978972928444 box 0
