3700.8000238130703 2353.4537572183294 3722.5814573298317 2136.129017443451 2707.294563894449 2034.3716013632134 2685.5131303776875 2251.6963411380916 box 0
3782.9726391137087 1440.862604087197 3800.607710794809 1222.1758739888808 2786.2253207861936 1140.3752720419532 2768.5902491050933 1359.0620021402694 box 0
3804.482828148419 1215.0728370438515 3821.945398304095 997.1642257221224 2812.7148830332217 916.2873913039267 2795.2523128775456 1134.1960026256556 box 0
3731.5677513638348 2128.943165787842 3753.0712620682116 1910.8446372170206 2736.449198099056 1810.6103826435537 2714.945687394679 2028.7089112143756 box 0
1168.2472612386273 1224.4135844719021 1320.8719047789323 1070.6637150730107 590.4692209238484 345.606518601218 437.8445773835432 499.35638800010923 box 0
3878.599568293001 529.9355056924612 3893.296452959265 312.3334079550411 2879.3124235893233 243.84874494840795 2864.6155389230594 461.45084268582804 box 0
701.4963159243447 1712.136229093363 855.4003165441392 1552.9624055093755 117.10268195468355 839.1078466817833 -36.80131866511097 998.2816702657708 box 0
854.219682093765 1547.9527730372881 1010.5080130288414 1388.420347644723 276.67185004124485 669.5067549320721 120.38351910616859 829.0391803246374 box 0
1007.153272383822 1389.1095051738423 1165.6102246112096 1229.247178911153 444.8926422661412 514.8655344990092 286.43569003875376 674.7278607616985 box 0
3859.295339180887 754.5241630696663 3874.2221490616794 537.0215485833334 2864.7729866247773 467.744883713781 2849.846176743985 685.2474982001139 box 0
1507.9230614655544 916.6596788479599 1660.6804316493158 759.4148345747285 912.5815775877904 32.66532420379791 759.824207404029 189.9101684770293 box 0
3766.608561062243 1670.5238882006224 3785.5638667894436 1450.3725996826056 2768.5108725315067 1362.8030443250123 2749.555566804306 1582.9543328430293 box 0
3745.0769256620147 1899.8762622982226 3765.7517419534893 1680.4070958765456 2749.675714108493 1584.6889339298045 2729.0008978170185 1804.1581003514816 box 0
3838.910851232457 991.2291902176174 3857.488674705052 773.802986905343 2837.556832178187 686.655653990146 2818.979008705592 904.0818573024205 box 0
1337.5062199801948 1075.5488837918092 1494.4025007462926 917.4190472894895 773.4507178097223 202.091340283508 616.5544370436243 360.22117678582765 box 0
3677.8419168975383 2579.5224149829846 3699.98598367153 2360.5789843572666 2682.015756747481 2257.6208795421617 2659.8716899734895 2476.5643101678797 box 0
1656.8813677982116 754.883175385358 1812.9838793325198 598.069740004635 1092.4070614620423 -119.24029628074366 936.3045499277341 37.57313909997923 box 0
535.0769230769232 1869.2820512820515 697.3689642314898 1706.7733186072776 -17.637146440959953 992.7206075369844 -179.92918759552663 1155.2293402117582 box 0
1816.8939677148287 606.128771008132 1979.0036402015398 443.340268489899 1380.95773631044 -152.21177672254862 1218.8480638237288 10.576725795684368 box 0
355.3366621528263 2027.3229465089041 524.6671820838993 1862.3014717164392 -110.54815953491087 1210.4993702034149 -279.87867946598374 1375.5208449958805 box 0
