644.1176470588235 1031.235294117647 348.03921568627453 1031.235294117647 348.03921568627453 0.8431372549020855 644.1176470588235 0.8431372549020855 box 0
948.0392156862745 1025.3529411764707 652.9411764705882 1025.3529411764707 652.9411764705882 0.8431372549020855 948.0392156862745 0.8431372549020855 box 0
1250.9803921568628 1020.450980392157 954.9019607843137 1020.450980392157 954.9019607843137 -0.13725490196065948 1250.9803921568628 -0.13725490196065948 box 0
1550.9803921568628 1014.5686274509803 1260.7843137254902 1014.5686274509803 1260.7843137254902 2.8039215686275756 1550.9803921568628 2.8039215686275756 box 0
1862.7450980392157 1002.8039215686274 1558.8235294117646 1002.8039215686274 1558.8235294117646 1.8235294117648306 1862.7450980392157 1.8235294117648306 box 0
2164.705882352941 994.9607843137256 1872.549019607843 994.9607843137256 1872.549019607843 0.8431372549020855 2164.705882352941 0.8431372549020855 box 0
2470.5882352941176 992.0196078431375 2174.5098039215686 992.0196078431375 2174.5098039215686 1.8235294117648306 2470.5882352941176 1.8235294117648306 box 0
2780.392156862745 986.0392156862746 2481.372549019608 986.0392156862746 2481.372549019608 0.7450980392158106 2780.392156862745 0.7450980392158106 box 0
3080.2941176470586 983.2941176470589 2782.254901960784 983.2941176470589 2782.254901960784 6.823529411764832 3080.2941176470586 6.823529411764832 box 0
3403.921568627451 970.450980392157 3089.2156862745096 970.450980392157 3089.2156862745096 0.8431372549020855 3403.921568627451 0.8431372549020855 box 0
