1975.5244755244755 1730.0699300699303 1980.983857007362 1474.9829209025527 1220.8840262273445 1458.7152365745646 1215.4246447444582 1713.8022457419422 box 0
1980.4195804195806 1990.9090909090912 1983.9265705096734 1736.6337471573854 1214.1370105772746 1726.0167352272945 1210.6300204871818 1980.2920789789998 box 0
1986.8235048940066 2509.247460235016 1984.032591930855 2255.3858612440717 1233.5664335664337 2263.6363636363635 1236.3573465295854 2517.4979626273075 box 0
1989.5104895104896 2248.951048951049 1991.1543207258358 1998.6902988151573 1222.6658213263872 1993.6425021340508 1221.0219901110413 2243.9032522699426 box 0
1971.3286713286714 1465.0349650349651 1976.2892405340197 1207.0113600433795 1212.5147426267176 1192.32760173269 1207.5541734213696 1450.3512067242757 box 0
466.35810747607076 2250.75833240455 1225.0614294705335 2258.3456185357186 1222.453081335118 2519.17173752552 463.74975934065526 2511.584451394351 box 0
465.03496503496507 1991.6083916083917 1213.2867132867134 1991.6083916083917 1213.2867132867134 2250.3496503496503 465.03496503496507 2250.3496503496503 box 0
456.64335664335664 1727.2727272727275 1208.3916083916085 1727.2727272727275 1208.3916083916085 1983.9160839160838 456.64335664335664 1983.9160839160838 box 0
448.95104895104896 1464.3356643356644 1200.6993006993007 1464.3356643356644 1200.6993006993007 1716.7832167832166 448.95104895104896 1716.7832167832166 box 0
1199.3006993006993 1197.2027972027972 446.8531468531469 1197.2027972027972 446.8531468531469 1451.048951048951 1199.3006993006993 1451.048951048951 box 0
