1724.7151232656006 1714.3964290395222 1781.5271185375427 993.0784148468819 1146.489940537997 943.0620164703648 1089.6779452660553 1664.3800306630048 box 0
3086.8235294117644 1789.4117647058824 3132.6282520583122 1066.146501698897 2480.5252403475674 1024.848517244056 2434.7205177010196 1748.1137802510411 box 0
2405.6470588235293 1750.5882352941178 2452.7381023670173 1029.026122864821 1812.7021541696733 987.2556914816012 1765.611110626185 1708.8178039108982 box 0
3767.148057066111 1836.4700908118552 3815.85129741406 1110.7169582504332 3169.91770786596 1067.370181710117 3121.2144675180107 1793.1233142715394 box 0
3091.1012321837616 2992.568042556507 3120.12071177044 2254.606062502749 2475.5527911101267 2229.259193529273 2446.5333115234484 2967.221173583031 box 0
2178.556933836099 906.0819173347754 2205.675145326961 291.4134864552813 1679.4707379778665 268.1981695640284 1652.3525264870036 882.8666004435224 box 0
2713.5531891187015 923.3900374245137 2741.563747208435 310.02660488041334 2211.8939917100197 285.8380982502983 2183.8834336202863 899.2015307943985 box 0
3253.882352941176 1003.5294117647059 3295.4485578706694 378.80425747722865 2762.8859199137246 343.37010280106955 2721.3197149842317 968.095257088547 box 0
3794.4747329921775 1040.437142688811 3827.411011891302 419.6595871801421 3309.1715730167716 392.16362096191926 3276.235294117647 1012.9411764705884 box 0
1618.5882352941173 891.7647058823529 1646.6509170996856 275.0923100443498 1142.0080722857292 252.12771543131183 1113.9453904801612 868.8001112693149 box 0
