928.9473684210526 30.263157894736842 1207.8947368421052 110.52631578947368 740.7894736842105 1585.526315789474 453.9473684210526 1493.421052631579 box 0
1223.6842105263158 114.47368421052632 1501.3157894736842 202.6315789473684 1030.2631578947369 1677.6315789473683 755.2631578947369 1586.842105263158 box 0
1510.2941176470588 211.7647058823529 1789.705882352941 297.05882352941177 1317.6470588235293 1776.470588235294 1035.2941176470588 1689.705882352941 box 0
1799.9999999999998 301.4705882352941 2088.235294117647 397.0588235294117 1608.8235294117646 1870.5882352941178 1330.8823529411764 1774.9999999999995 box 0
2098.529411764706 399.99999999999994 2373.529411764706 476.47058823529414 1898.5294117647059 1954.4117647058822 1613.2352941176468 1870.5882352941178 box 0
2380.882352941176 488.23529411764696 2672.0588235294117 572.0588235294117 2180.882352941176 2045.5882352941176 1899.9999999999998 1967.6470588235293 box 0
2192.6470588235293 2045.5882352941176 2466.176470588235 2132.3529411764703 2950.0 667.6470588235294 2676.470588235294 579.4117647058823 box 0
2970.5882352941176 670.5882352941176 3248.529411764706 760.2941176470588 2754.411764705882 2235.2941176470586 2477.941176470588 2141.176470588235 box 0
3261.7647058823527 757.3529411764705 3541.176470588235 854.4117647058823 3051.4705882352937 2319.1176470588234 2767.6470588235293 2235.2941176470586 box 0
3551.4705882352937 858.8235294117645 3830.882352941176 948.5294117647059 3389.705882352941 2354.411764705882 3054.411764705882 2327.9411764705883 box 0
