2417.337525494507 1463.3170536397986 2428.409090909091 1212.3181818181818 1655.2841412753628 1178.215624338959 1644.2125758607792 1429.2144961605761 box 0
2413.14286038211 1208.418633647669 2430.681818181818 946.4090909090909 1677.394930489478 895.9839544952939 1659.85597268977 1157.993497233872 box 0
2424.369339207987 947.4270130868895 2440.2878809419612 685.1237386578839 1689.201823969503 639.5421698812502 1673.283282235529 901.8454443102557 box 0
1658.0814434321549 1164.4263639395479 1672.7615557649706 901.0932789715763 921.4982941509977 859.2123695774826 906.8181818181819 1122.5454545454545 box 0
2371.887646982014 1982.4833656551782 2383.663874107462 1735.455603298348 1630.7702042244214 1699.5639011946478 1618.9939770989731 1946.5916635514782 box 0
1673.0674286115886 897.2364812296518 1686.2731277500397 645.4189359118764 927.9842608962574 605.6531021886078 914.7785617578061 857.4706475063832 box 0
1625.8802811222424 1699.0394323656246 1643.3884775063048 1435.604920940162 885.6900145658802 1385.2473067563553 868.1818181818181 1648.681818181818 box 0
1638.250825444118 1423.1719599843898 1652.5797375831523 1166.1387335170307 907.5107303208525 1124.6031371690044 893.1818181818181 1381.6363636363635 box 0
1607.9711902131517 1960.6757960019881 1625.479386597214 1697.2412845765255 867.7809236567895 1646.8836703927188 850.2727272727274 1910.3181818181815 box 0
2385.6968643251967 1728.3142219575027 2397.7272727272725 1475.9545454545455 1642.6607491374123 1439.9592597757935 1630.6303407353369 1692.3189362787512 box 0
