2638.789457253073 2354.4328049551873 3346.534309258889 952.722475303645 3081.348094626809 818.8259245980353 2373.603242620993 2220.5362542495777 box 0
2917.58022183461 2471.457059761764 3616.2744897595094 1104.5806048056168 3344.5019147010344 965.660997489213 2645.807646776135 2332.53745244536 box 0
1545.4719511832293 1830.2608021084545 2245.094711710894 431.507923529234 1978.0673791085185 297.9472335513352 1278.444618580854 1696.7001121305557 box 0
2360.0922439548312 2222.020667069417 3073.811378522665 828.5599022377493 2803.455345919436 690.0857675619305 2089.736211351602 2083.546532393598 box 0
996.3299876521044 1540.372331855575 1699.414025873696 149.8113161196194 1440.1384312321727 18.718519737442534 737.0543930105812 1409.279535473398 box 0
1282.4809808776486 1676.4875938798145 1975.143030594958 314.8262245763907 1701.9251798584355 175.84333148944813 1009.2631301411262 1537.5047007928717 box 0
3186.9636496089142 2614.129256083813 3890.451203538424 1246.6036550945166 3624.185630176242 1109.6303386427496 2920.698076246732 2477.1559396320454 box 0
1818.033026400267 1954.162042547096 2514.1741526095534 553.563863779359 2251.4627003758555 422.9880505315173 1555.3215741665692 1823.5862292992545 box 0
2089.4296311985236 2074.250112692279 2787.458467442485 693.7650391367483 2526.7949980129024 561.9630937896545 1828.766161768941 1942.448167345185 box 0
739.1086116645399 1402.2369962600264 1425.284930167171 37.725553960650814 1156.2353145744737 -97.57230357203822 470.0589960718426 1266.9391387273374 box 0
