2415.1499254126647 2321.140090782191 3314.9945531976146 1352.85114053787 3089.369050417413 1143.174167030309 2189.524422632463 2111.46311727463 box 0
1721.442818881264 1712.1535250267418 2625.9288937542965 738.6577495293775 2400.1623294341657 528.8954488196935 1495.6762545611332 1502.3912243170578 box 0
2634.674335043291 2542.304390467026 3554.5470933338897 1558.8103606358966 3330.8012058807813 1349.5383768669578 2410.9284475901827 2333.0324066980875 box 0
1507.205915448334 1486.256989797632 2406.984087427481 510.25873449647247 2182.8255245235896 303.6057196292477 1283.0473525444427 1279.6039749304073 box 0
2846.32199147336 2774.1072331698842 3762.213934645415 1773.4065460798092 3541.1847178161906 1571.1094141689825 2625.2927746441355 2571.810101259058 box 0
1255.0067646994312 1288.0277522763947 2187.1548631904016 309.4369027691962 1967.4551829324046 100.16390650656422 1035.3070844414342 1078.7547560137627 box 0
3084.474347683141 2982.556100358542 3987.832324010048 1978.5750488159968 3761.491809848597 1774.9193039993675 2858.1338335216897 2778.9003555419126 box 0
1032.0014513704377 1079.582054736557 1964.0433769943902 104.74079138718714 1746.443608978073 -103.30549719566335 814.4016833541203 871.5357661537064 box 0
2192.828303130903 2108.95179059834 3098.9204458544073 1127.4552012009876 2867.848203674517 914.1353126731447 1961.756060951013 1895.6319020704968 box 0
1949.4542288992936 1921.625135990293 2868.326186544627 937.9624447546124 2644.713494184202 729.0784093893452 1725.8415365388685 1712.7411006250259 box 0
