612.5925925925925 2148.740740740741 878.5185185185185 2150.962962962963 873.3333333333333 2875.4074074074074 611.8518518518518 2874.666666666667 box 0
891.1111111111111 2149.4814814814818 1154.8148148148148 2148.740740740741 1159.2592592592591 2875.4074074074074 893.3333333333333 2872.444444444445 box 0
1167.4074074074074 2144.2962962962965 1429.6296296296296 2145.0370370370374 1435.5555555555554 2869.4814814814818 1169.6296296296296 2874.666666666667 box 0
1443.7037037037037 2139.1111111111113 1712.5925925925924 2144.2962962962965 1712.5925925925924 2864.2962962962965 1445.185185185185 2868.0 box 0
1717.7777777777776 2147.2592592592596 1983.7037037037035 2145.0370370370374 1983.7037037037035 2865.777777777778 1723.7037037037037 2872.444444444445 box 0
1994.8148148148148 2145.777777777778 2259.259259259259 2146.5185185185187 2257.037037037037 2865.777777777778 1997.037037037037 2872.444444444445 box 0
2268.8888888888887 2143.5555555555557 2531.111111111111 2148.740740740741 2525.9259259259256 2867.2592592592596 2272.5925925925926 2868.0 box 0
2540.7407407407404 2147.2592592592596 2801.4814814814813 2150.962962962963 2800.0 2868.740740740741 2539.259259259259 2870.962962962963 box 0
2812.5925925925926 2147.2592592592596 3077.7777777777774 2148.740740740741 3073.333333333333 2868.740740740741 2811.111111111111 2870.962962962963 box 0
3085.9259259259256 2149.4814814814818 3348.148148148148 2157.62962962963 3340.0 2873.925925925926 3081.4814814814813 2872.444444444445 box 0
