3073.228346456693 550.2834645669293 3348.818897637795 967.6062992125985 2918.1102362204724 1238.472440944882 2644.0944881889764 814.8503937007877 box 0
3360.6299212598424 979.4173228346458 3609.448818897638 1422.724409448819 3176.3779527559054 1677.0551181102362 2924.4094488188975 1240.8346456692914 box 0
2637.007874015748 816.4251968503938 2911.8110236220473 1247.1338582677165 2474.803149606299 1510.9133858267717 2205.511811023622 1078.6299212598426 box 0
2917.3228346456694 1266.0314960629921 2485.8267716535433 1526.6614173228347 2747.244094488189 1957.3700787401572 3176.3779527559054 1699.8897637795276 box 0
2464.566929133858 1520.3622047244094 2727.5590551181103 1951.8582677165355 2302.3622047244094 2215.6377952755906 2033.0708661417325 1788.0787401574803 box 0
2027.5590551181103 1766.0314960629921 1762.992125984252 1339.259842519685 2191.3385826771655 1076.267716535433 2464.566929133858 1511.7007874015749 box 0
1872.4409448818897 2495.952755905512 1600.0 2073.9055118110236 2021.2598425196848 1799.8897637795276 2294.488188976378 2221.149606299213 box 0
1594.4881889763778 2047.1338582677163 2022.0472440944882 1779.4173228346456 1754.3307086614172 1353.4330708661416 1333.8582677165355 1620.3622047244094 box 0
1328.3464566929133 1639.259842519685 1584.251968503937 2073.1181102362207 1154.3307086614172 2333.748031496063 900.7874015748031 1906.976377952756 box 0
1584.251968503937 2079.417322834646 1159.0551181102362 2346.3464566929133 1438.5826771653542 2768.3937007874015 1866.1417322834645 2492.803149606299 box 0
