462.6071208926099 998.5887381296424 752.5926210134428 1001.4886897965503 737.1071648216757 2549.982690441786 447.1216647008432 2547.0827387748786 box 0
768.3285314160322 992.9131919437455 1063.983676244577 998.8270833802026 1032.8143257268252 2557.086808056254 737.1591808982802 2551.172916619797 box 0
1081.1989590684313 990.1561852724506 1366.856103830311 995.8700900419741 1335.6581837887113 2555.5581004418354 1050.0010390268317 2549.844195672312 box 0
1383.2995333350411 991.5271890961834 1674.669820992158 997.3553719610977 1643.5576095221015 2552.7585251895293 1352.1873218649846 2546.9303423246156 box 0
1680.4273914540693 995.8841843391358 1964.6562504921394 1001.5695195848119 1933.5726085459303 2555.5443870894355 1649.3437495078601 2549.859051843759 box 0
1975.4282485683557 990.0841900533072 2268.226821949282 995.9409424420692 2237.1431800030728 2549.915809946692 1944.3446066221463 2544.059057557931 box 0
2291.0136857205653 992.9686167628687 2580.9556876538722 998.768230103935 2550.1291714222916 2539.888526094274 2260.1871694889846 2534.0889127532073 box 0
2586.886960896966 985.6416290911932 2895.3966772397953 991.8126462422786 2864.255896245891 2548.644085194521 2555.7461799030616 2542.473068043435 box 0
2908.1979686253835 993.1118929392497 3183.857113320597 998.62581104184 3152.944888517474 2544.0309642036073 2877.2857438222604 2538.5170461010166 box 0
3195.4430498193938 995.6886317019598 3493.999549943798 998.6742962260182 3478.5569501806062 2542.882796869468 3180.000450056202 2539.89713234541 box 0
