202.46606634761645 2957.7904016486527 1370.3446261778936 2639.060038318793 1303.1699062475982 2392.9212194450974 135.29134641732128 2711.651582774957 box 0
82.23359566368369 2453.8082810814853 1229.5454545454545 2139.590909090909 1159.6579719864844 1884.40852684597 12.346113104713481 2198.625898836546 box 0
134.7037808863481 2705.3089653572324 1295.4545454545455 2390.7272727272725 1227.9364234358839 2141.5973532454077 67.18565886768624 2456.1790458753676 box 0
-62.8091340010256 1932.1247947468412 1079.5454545454545 1622.5454545454545 1012.5846630363659 1375.458658044914 -129.76992551011426 1685.0379982463007 box 0
-9.25420092592139 2198.9087239650967 1140.909090909091 1886.1818181818178 1071.2749693302942 1630.0778213143035 -78.88832250471808 1942.8047270975826 box 0
-28.24796152338455 1655.6320042528162 986.3636363636364 1377.090909090909 915.9813721722803 1120.717028272391 -98.63022571474062 1399.2581234342979 box 0
-34.11956700593498 1369.1069147896694 902.2727272727273 1121.4090909090908 834.9659036196206 866.9636136184698 -101.42639065904177 1114.6614374990484 box 0
-44.992229658971496 1096.5253957347386 842.2959082954349 862.8514764260487 780.1092797404867 626.7213254043979 -107.17885821391934 860.3952447130879 box 0
-30.933772499813806 820.8158226755836 786.3636363636364 622.5454545454545 723.7466742328395 364.4298249481324 -93.55073463061069 562.7001930782616 box 0
-55.0686577469357 557.6471835176945 719.3181818181819 357.77272727272714 656.4469911249492 114.18671045346076 -117.93984844016842 314.0611666984281 box 0
