2991.366182012138 2493.129196949504 2993.9933543285797 2100.115021854449 2587.2224143318563 2097.395890025593 2584.5952420154144 2490.410065120648 box 0
3406.747112220303 2493.8952745816287 3407.0232360776295 2097.1778033748797 3001.2453957142675 2096.8953733065546 3000.969271856941 2493.6128445133036 box 0
3408.5788540657113 1686.96717306154 3407.14642615106 1294.8892008700095 2999.772468108361 1296.37751153929 3001.204896023012 1688.4554837308206 box 0
2987.120477179303 1690.0537877396066 2986.2386328475254 1298.179214140631 2576.2731995785093 1299.1017687484302 2577.155043910287 1690.9763423474058 box 0
3411.6039115346885 2089.3823462103737 3410.326826834692 1696.5556960136978 3002.243600519755 1697.8823800469502 3003.5206852197516 2090.7090302436263 box 0
2993.0290095348873 2089.6742642324716 2995.2755400515043 1698.9835598757888 2584.9555508593994 1696.6241580087394 2582.7090203427824 2087.314862365422 box 0
2980.433613558924 1288.3510892599795 2978.4890180743582 897.9179255605225 2573.0184143341417 899.9374166756895 2574.9630098187076 1290.3705803751466 box 0
3400.9983768743614 1284.9019237571285 3398.0006506999234 892.7311679184273 2991.574712725248 895.8378597206544 2994.572438899686 1288.0086155593556 box 0
3379.28633293649 885.1860026410574 3379.4204948404495 491.84426221551763 2966.9717053935883 491.7035832354073 2966.837543489629 885.045323660947 box 0
2968.1221081290296 888.1235729842901 2964.1893596508626 491.2533031429539 2552.946454950804 495.3284758896111 2556.879203428971 892.1987457309474 box 0
