457.212765957447 2.0425531914894393 691.2553191489363 4.170212765957524 698.7021276595746 957.3617021276594 476.3617021276598 959.4893617021277 box 0
697.6382978723406 0.9787234042553965 926.3617021276597 7.361702127659651 940.1914893617022 948.8510638297872 711.4680851063831 952.0425531914892 box 0
947.0 0.0 1166.7872340425533 2.0425531914894393 1173.1702127659576 943.531914893617 956.1489361702129 945.659574468085 box 0
1182.744680851064 3.106382978723482 1397.6382978723404 0.9787234042553965 1407.212765957447 944.5957446808512 1188.0638297872342 945.659574468085 box 0
1410.4042553191491 0.9787234042553965 1632.7446808510638 0.9787234042553965 1644.4468085106384 941.4042553191488 1426.3617021276596 946.723404255319 box 0
1645.0 0.0 1874.2340425531916 2.0425531914894393 1877.4255319148936 953.1063829787234 1665.723404255319 942.468085106383 box 0
1881.6808510638298 0.9787234042553965 2102.957446808511 3.106382978723482 2113.595744680851 950.9787234042552 1898.7021276595744 953.1063829787234 box 0
2117.8510638297876 2.0425531914894393 2342.3191489361707 2.0425531914894393 2350.8297872340427 946.723404255319 2133.8085106382982 952.0425531914892 box 0
2357.212765957447 2.0425531914894393 2578.489361702128 7.361702127659651 2590.191489361702 941.4042553191488 2372.1063829787236 945.659574468085 box 0
2590.191489361702 3.106382978723482 2818.9148936170213 6.297872340425609 2826.36170212766 941.4042553191488 2612.5319148936173 941.4042553191488 box 0
