961.6753246753246 1120.1298701298701 1155.1818181818182 892.857142857143 1637.6493506493507 1316.8831168831168 1435.051948051948 1548.051948051948 box 0
1657.7792207792209 1330.5194805194806 1855.1818181818182 1098.051948051948 2334.402597402597 1528.5714285714284 2133.1038961038957 1753.2467532467533 box 0
1453.2337662337663 1571.4285714285716 1655.1818181818182 1340.909090909091 2134.402597402597 1764.935064935065 1936.3506493506493 1990.2597402597403 box 0
1245.4415584415585 1814.2857142857142 1448.6883116883116 1579.8701298701299 1931.155844155844 1996.103896103896 1731.8051948051948 2224.6753246753246 box 0
764.2727272727273 1364.935064935065 962.3246753246754 1138.3116883116884 1436.3506493506493 1559.7402597402597 1235.7012987012988 1795.4545454545457 box 0
1164.2727272727273 890.2597402597403 1362.3246753246754 658.4415584415584 1843.4935064935064 1075.974025974026 1641.5454545454545 1307.142857142857 box 0
1361.6753246753246 645.4545454545455 1563.6233766233765 419.4805194805195 2047.3896103896104 844.8051948051948 1846.090909090909 1067.5324675324675 box 0
2255.181818181818 605.1948051948052 2717.51948051948 1043.5064935064934 2524.0129870129867 1260.3896103896104 2516.8701298701294 1262.3376623376623 box 0
1855.8311688311687 1087.6623376623377 2062.324675324675 855.1948051948051 2536.9999999999995 1294.155844155844 2330.5064935064934 1513.6363636363635 box 0
1561.6753246753246 406.49350649350646 1768.8181818181818 181.8181818181818 2248.6883116883114 590.9090909090909 2049.987012987013 817.5324675324674 box 0
