2373.914326296795 545.1551628391715 2540.7884069743027 542.805718308183 2533.2084901704898 4.42669655871666 2366.334409492982 6.776141089705131 box 0
2722.2064162354964 544.3789412786542 2897.276975589145 542.1459634649742 2890.294155206154 -5.323099069791996 2715.2235958525052 -3.0901212561119253 box 0
2198.456939840664 548.496856039862 2363.3487627205823 546.7391788198888 2357.7843100067485 24.724817544122367 2192.89248712683 26.4824947640955 box 0
2549.475926690283 534.980783327576 2719.0926688084837 531.5886338225217 2708.3975947330564 -3.1942873558962432 2538.7808526148556 0.19786214915793443 box 0
1323.8804461936024 549.6202566049078 1325.9068697552275 11.705595725333751 1159.447385456178 11.078512201549643 1157.4209618945529 548.9931730811237 box 0
2018.98296939021 539.2729125238192 2189.271223388071 541.1982890849741 2195.3677927863037 1.9925154470670332 2025.0795387884425 0.06713888591207406 box 0
1844.473663898599 540.6496153382652 2018.3406772611802 541.3145135983809 2020.4039255179048 1.7871396513587736 1846.5369121553233 1.1222413912430345 box 0
1496.3839264270903 544.2563331421948 1498.3283668342935 8.448601655898074 1319.3893275859712 7.79923383625976 1317.4448871787679 543.6069653225564 box 0
1834.5935219852731 540.6918882134554 1835.7732277954015 20.07084053199685 1680.485851183672 19.718965744674506 1679.3061453735436 540.340013426133 box 0
1671.9776128299634 540.0376251403145 1670.0715327272558 13.469042123225734 1498.0640688411793 14.091677075261543 1499.970148943887 540.6602600923504 box 0
