1229.1704386905656 1689.1284499887302 1722.2907814836055 1653.5952911588672 1680.0605321432772 1067.5343915172361 1186.940189350237 1103.067550347099 box 0
4042.2307692307695 1623.9807692307693 4042.129690648516 1110.8673093319737 3628.5833727295876 1110.9487741127252 3628.684451311841 1624.0622340115206 box 0
1728.4164320960758 1637.5047838318555 2233.5769230769233 1608.596153846154 2200.1948527751892 1025.2650505762415 1695.034361794342 1054.1736805619435 box 0
1518.1923076923076 2343.211538461538 2033.5389800375485 2334.5976597565354 2026.5718849678813 1917.7739055538138 1511.22521262264 1926.3877842588163 box 0
3169.194469734903 2517.5735022516874 3677.8076923076924 2499.9423076923076 3657.6065735260368 1917.1935842005423 3148.993350953247 1934.824778759922 box 0
2249.6214207487146 1638.2054839823534 2666.269230769231 1621.096153846154 2645.1567083480677 1106.962277138986 2228.508898327551 1124.071607275185 box 0
1529.7307692307693 2779.75 2045.3956510582889 2764.134692054773 2032.8849903127 2350.994687542062 1517.2201084851802 2366.609995487288 box 0
2077.8076923076924 2515.326923076923 2597.9968313169215 2496.74714436766 2577.3063236831317 1917.462669557484 2057.117184673903 1936.0424482667477 box 0
3105.4917041361205 1685.6447234839309 3616.300804292435 1680.4248096274018 3610.389966032543 1102.0033920157284 3099.5808658762294 1107.2233058722577 box 0
2677.088771578635 1640.6996406256874 3096.0769230769233 1623.019230769231 3074.6566922543825 1115.4052676389788 2655.668540756094 1133.0856774954352 box 0
2630.0654760767598 2513.302795210466 3149.923076923077 2499.9423076923076 3134.851998770037 1913.525493174219 2614.994397923719 1926.8859806923774 box 0
