1469.6468260612546 312.0261166955812 1968.0090036882702 317.00990459922235 1962.9553244763797 822.3609800786126 1464.593146849364 817.3771921749712 box 0
1991.3010752688172 310.741935483871 1975.1720430107528 813.9677419354838 2482.6989247311826 833.8602150537635 2495.064516129032 331.1720430107527 box 0
1990.225806451613 831.7096774193548 2496.1397849462364 847.3010752688172 2478.3978494623657 1349.4516129032259 1978.9354838709678 1337.6236559139784 box 0
1464.2623638305192 827.0905923231581 1960.4741113491118 832.0528752088765 1955.4365609006634 1335.7911281069491 1459.2248133820708 1330.828845221231 box 0
1442.7894063022964 1343.1875283433167 1945.4524441461576 1348.2143262828038 1940.3503786439403 1858.4038695061454 1437.687340800079 1853.377071566658 box 0
1964.0500872147322 1344.9977538427613 2468.2503056304577 1355.0831029601518 2458.0144289143004 1866.8086977701414 1953.8142104985745 1856.7233486527514 box 0
1446.5528337217631 1856.6310766856109 1948.6782640385186 1861.6524983706172 1943.5761985363013 2371.8420415939586 1441.4507682195458 2366.8206199089523 box 0
1964.4193548387098 1874.1827956989248 2468.1827956989246 1873.1075268817203 2467.1075268817203 2379.021505376344 1963.3440860215053 2380.0967741935483 box 0
1962.8064516129032 2397.301075268817 1960.1182795698924 2900.52688172043 2456.3548387096776 2887.0860215053763 2461.7311827956987 2386.548387096774 box 0
1454.741935483871 2367.569892473118 1943.7082941971355 2377.350523766333 1933.4196994554839 2891.711668388149 1444.453340742219 2881.9310370949347 box 0
