1434.6141732283465 1538.5826771653542 1476.3556370585893 829.2240366790809 857.4565702485343 792.8055714100688 815.7151064182914 1502.164211896342 box 0
1849.5748031496062 2319.685039370079 1907.0108093444846 1591.7188836083394 1269.5228118610505 1541.4215390370034 1212.0868056661723 2269.3876947987433 box 0
2521.228346456693 2359.055118110236 2576.706202393912 1625.3752107327396 1934.5532242554489 1576.8182446054234 1879.07536831823 2310.4981519829203 box 0
2796.8188976377946 1599.2125984251968 2835.3625122523376 876.5432562948745 2195.5261416907397 842.417543405775 2156.982527076197 1565.0868855360973 box 0
3490.0540898312406 1670.7976681223681 3522.651605177757 955.1342899536717 2884.5345232205314 926.0689052958701 2851.9370078740158 1641.732283464567 box 0
1362.9606299212599 774.8031496062993 1423.3413271772897 149.61151780087434 922.5823763001035 101.24846706098077 862.2016790440734 726.4400988664056 box 0
2127.8684927938993 1571.6927899488119 2173.2552911893304 850.2734278839724 1534.331680285195 810.0767009272867 1488.9448818897638 1531.4960629921259 box 0
3013.3543307086616 837.007874015748 3049.7857360956573 210.94597501026365 2527.6091602336246 180.5597998588246 2491.177754846629 806.6216988643091 box 0
1917.2913385826773 796.8503937007874 1967.7200477176339 175.55417437538438 1449.582608558271 133.49854712616417 1399.153899423314 754.7947664515672 box 0
2468.472440944882 806.2992125984251 2507.436793023031 180.76413400872391 1991.4267393719442 148.62205581919102 1952.4623872937952 774.1571344088923 box 0
3572.4094488188975 866.1417322834646 3601.9038234857867 238.31848250737218 3081.261372875937 213.85933176510372 3051.766998209048 841.6825815411962 box 0
