1831.3154857296097 896.935029487372 1953.4053858437744 719.730781838367 975.2387367587937 45.79508296990339 853.148836644629 222.99933061890846 box 0
1601.7191411061206 1266.9423840336638 1724.6289198330635 1088.1339136351523 734.6462450938305 407.6373397059601 611.7364663668874 586.4458101044715 box 0
1230.896580260999 1800.6364052828567 1352.6840197349072 1620.076724118543 370.51880937217965 957.6066458646042 248.73136989827145 1138.1663270289177 box 0
1110.2999705818545 1979.6778121102802 1230.4784817499306 1801.2212810620986 242.03837456432467 1135.5731270681863 121.85986339624871 1314.029658116368 box 0
1349.547808393279 1618.7879923540263 1472.8266629991363 1437.5286755618408 492.95985762234596 771.0975117963645 369.68100301648866 952.3568285885498 box 0
1715.3194550177159 1082.0954102812332 1837.811204767812 904.8655985680887 846.7080439904627 219.8681978883223 724.2162942403664 397.09800960146686 box 0
989.6738776512263 2166.532562833179 1109.4358974358975 1989.7948717948718 119.31830441509214 1318.865642902731 -0.44371536957912383 1495.603333941038 box 0
1478.1981724720906 1444.2237363692332 1600.1012398027667 1266.2429080393465 627.8646925944373 600.3362573746632 505.96162526376145 778.3170857045499 box 0
1976.4502309536626 727.615994081988 2097.595366888772 550.2195482994175 1129.3976644778556 -110.96868325282529 1008.2525285427463 66.42776252974514 box 0
865.0328078652426 2342.9324091639505 986.0472929111056 2162.6182230072313 -14.029814090828587 1491.4352246556296 -135.04429913669165 1671.7494108123487 box 0
