583.9135802469136 512.3456790123456 841.9382716049383 494.4444444444444 896.2592592592592 1225.9259259259259 630.8271604938273 1240.1234567901233 box 0
851.6551724137933 497.93103448275866 1115.103448275862 477.93103448275866 1171.655172413793 1200.6896551724137 906.1379310344829 1226.2068965517242 box 0
1124.0689655172414 477.2413793103448 1388.896551724138 455.86206896551727 1443.3793103448277 1183.448275862069 1179.9310344827586 1201.3793103448277 box 0
1396.4827586206898 459.3103448275862 1663.3793103448277 438.62068965517244 1719.2413793103449 1159.3103448275863 1455.103448275862 1184.8275862068965 box 0
1669.5862068965519 438.62068965517244 1932.344827586207 416.55172413793105 1993.7241379310344 1144.1379310344828 1728.2068965517242 1165.5172413793105 box 0
1937.1724137931035 420.0 2208.206896551724 399.3103448275862 2264.7586206896553 1122.7586206896551 2002.689655172414 1142.7586206896551 box 0
2213.7241379310344 404.13793103448273 2479.241379310345 378.62068965517244 2541.310344827586 1106.2068965517242 2277.1724137931037 1122.7586206896551 box 0
2487.5172413793102 381.3793103448277 2757.1724137931037 363.44827586206895 2815.1034482758623 1085.5172413793105 2549.5862068965516 1106.2068965517242 box 0
2765.448275862069 363.44827586206895 3029.5862068965516 342.7586206896552 3089.5862068965516 1064.1379310344828 2825.448275862069 1086.2068965517242 box 0
3049.5862068965516 335.17241379310343 3305.448275862069 320.6896551724138 3365.448275862069 1035.1724137931035 3102.0 1059.3103448275863 box 0
