2778.813559322034 3038.135593220339 2766.541590301535 2434.9039010517595 2314.1768546814324 2444.1066768567557 2326.4488237019314 3047.338369025336 box 0
2772.2029589526064 2419.5568093416987 2755.9322033898306 1745.7627118644068 2307.305206124388 1756.5961404128277 2323.5759616871637 2430.3902378901194 box 0
3234.8299479273624 2417.2031317069627 3222.033898305085 1739.8305084745766 2773.607837960471 1748.301595027662 2786.403887582749 2425.674218260048 box 0
1828.236289163914 2490.5361498070706 1822.8813559322034 1761.864406779661 1374.0665638485357 1765.162700240344 1379.4214970802461 2493.834443267754 box 0
3243.220338983051 3039.8305084745766 3235.8720329841335 2439.266505015772 2780.8604345568983 2444.833879082555 2788.2087405558163 3045.3978825413606 box 0
2304.237288135593 3036.4406779661017 2300.0276838438554 2451.737748850614 1855.3637510439507 2454.939133873137 1859.5733553356888 3039.6420629886247 box 0
1377.1707323775872 3034.633811745194 1368.6969446003347 2471.3235091688443 927.1186440677967 2477.9661016949153 935.5924318450493 3041.276404271265 box 0
1366.586518238273 2457.34315134813 1360.1694915254238 1775.4237288135596 923.2436905226158 1779.5353062872543 929.6607172354651 2461.4547288218246 box 0
1843.3352054262923 3032.46616638699 1839.1939755873595 2499.7695367976635 1384.7625004602853 2503.302326532033 1388.9037302992178 3035.9989561213592 box 0
2305.8487080646346 2428.202058876316 2292.494097459398 1760.225649993253 1841.2630769228524 1769.2469484884282 1854.6176875280894 2437.223357371491 box 0
