599.8571428571429 127.85714285714285 864.8571428571429 122.85714285714285 879.8571428571429 849.9999999999999 617.7142857142858 852.8571428571428 box 0
870.5714285714287 124.28571428571426 1135.5714285714284 122.14285714285711 1159.857142857143 849.2857142857142 891.2857142857143 852.8571428571428 box 0
1145.5714285714284 120.71428571428571 1412.0 112.85714285714285 1430.5714285714284 839.2857142857142 1168.4285714285713 849.2857142857142 box 0
1417.7142857142856 114.99999999999999 1682.7142857142856 107.14285714285714 1706.2857142857142 833.5714285714284 1442.0 841.4285714285712 box 0
1689.142857142857 106.4285714285714 1957.7142857142856 101.4285714285714 1981.9999999999998 825.0 1714.8571428571427 833.5714285714284 box 0
1964.8571428571427 102.85714285714285 2228.4285714285716 96.4285714285714 2252.714285714286 822.8571428571428 1988.4285714285713 833.5714285714284 box 0
2242.0 99.28571428571428 2508.4285714285716 92.14285714285714 2527.714285714286 814.2857142857142 2263.4285714285716 819.9999999999999 box 0
2514.8571428571427 94.99999999999999 2782.714285714286 88.57142857142857 2803.4285714285716 807.1428571428571 2543.4285714285716 813.5714285714284 box 0
2792.0 85.71428571428571 3060.5714285714284 78.57142857142857 3080.5714285714284 798.5714285714284 2812.714285714286 807.8571428571428 box 0
3074.142857142857 74.28571428571428 3336.285714285714 64.28571428571428 3357.714285714286 790.7142857142857 3097.0 795.7142857142858 box 0
