1114.803738317757 832.485981308411 1114.3107259253277 637.3874299381905 -5.662519283923928 640.217592874817 -5.169506891494554 835.3161442450373 box 0
1102.6542056074768 632.4859813084112 1102.4200068916298 445.1988778694608 -12.538532711943446 446.593110859363 -12.30433399609643 633.8802142983134 box 0
1131.6920581509949 1653.7345885202847 1133.8919917513863 1455.7678509907764 -21.314085091197423 1442.9304587321737 -23.514018691588646 1640.8971962616822 box 0
1138.2622384521333 1854.5687614731596 1141.6539300528966 1655.4430457716742 9.78421496524942 1636.1640039246824 6.392523364486117 1835.289719626168 box 0
1139.6135359596947 2045.9230768538418 1141.5066607060567 1854.8093114641874 -26.29379114148839 1843.2413747972616 -28.18691588785033 2034.3551401869156 box 0
1117.607476635514 1044.6355140186915 1116.7447406967938 838.6127048993733 -2.8797138253478707 843.3012161322586 -2.0169778866274584 1049.3240252515766 box 0
1148.1645183360736 2242.6685490081045 1149.9120598239801 2056.578660967686 -33.91600991396249 2045.4615138287402 -35.663551401868965 2231.551401869159 box 0
1109.295541036773 1250.1705864170397 1109.7736394444037 1052.2084225742317 -21.166761405453418 1049.4770884936408 -21.644859813083976 1247.4392523364486 box 0
1117.7591953855124 1452.1322266060017 1119.043380428681 1256.3122161060567 -24.098992526924473 1248.8155035187465 -25.38317757009332 1444.6355140186915 box 0
1134.0149856257935 2437.8648106903474 1135.7625271137003 2251.774922649929 -48.06554262424297 2240.6577755109834 -49.81308411214945 2426.7476635514017 box 0
