640.5714285714287 1025.7142857142856 364.85714285714295 1025.7142857142856 364.85714285714295 1.4285714285714284 640.5714285714287 1.4285714285714284 box 0
947.0 1022.142857142857 644.1428571428572 1022.142857142857 644.1428571428572 -2.8571428571428568 947.0 -2.8571428571428568 box 0
1248.4285714285713 1009.9999999999999 954.1428571428572 1009.9999999999999 954.1428571428572 1.4285714285714284 1248.4285714285713 1.4285714285714284 box 0
1555.5714285714284 1008.5714285714284 1257.0 1008.5714285714284 1257.0 0.0 1555.5714285714284 0.0 box 0
1858.4285714285713 999.9999999999999 1562.7142857142856 999.9999999999999 1562.7142857142856 0.0 1858.4285714285713 0.0 box 0
2168.4285714285716 992.8571428571428 1869.8571428571427 992.8571428571428 1869.8571428571427 5.7142857142857135 2168.4285714285716 5.7142857142857135 box 0
2471.285714285714 991.4285714285714 2177.0 991.4285714285714 2177.0 1.4285714285714284 2471.285714285714 1.4285714285714284 box 0
2784.1428571428573 982.142857142857 2475.5714285714284 982.142857142857 2475.5714285714284 -2.8571428571428568 2784.1428571428573 -2.8571428571428568 box 0
3083.4285714285716 974.2857142857141 2786.285714285714 974.2857142857141 2786.285714285714 2.8571428571428568 3083.4285714285716 2.8571428571428568 box 0
3402.714285714286 967.1428571428569 3089.8571428571427 967.1428571428569 3089.8571428571427 4.285714285714286 3402.714285714286 4.285714285714286 box 0
