0.6075949367088838 2544.26582278481 1072.126582278481 2472.746835443038 1093.012658227848 2704.392405063291 1.8734177215190102 2777.8101265822784 box 0
1.8734177215190102 2306.2911392405063 1059.4683544303798 2241.73417721519 1072.126582278481 2467.0506329113923 3.139240506329137 2539.2025316455697 box 0
1.2405063291139469 2072.1139240506327 1039.2151898734178 2005.025316455696 1060.73417721519 2230.3417721518986 1.2405063291139469 2301.227848101266 box 0
0.6075949367088838 1835.4050632911392 1024.0253164556962 1764.518987341772 1041.113924050633 1991.73417721519 3.7721518987342 2067.0506329113923 box 0
1.8734177215190102 1593.632911392405 1013.898734177215 1531.6075949367087 1020.8607594936708 1757.5569620253164 1.8734177215190102 1829.0759493670887 box 0
2.5063291139240733 1355.6582278481012 1004.4050632911392 1294.26582278481 1013.898734177215 1524.0126582278483 3.139240506329137 1586.0379746835442 box 0
3.139240506329137 1115.7848101265822 985.4177215189874 1056.2911392405063 998.7088607594936 1279.7088607594937 3.7721518987342 1349.9620253164558 box 0
1.8734177215190102 879.0759493670887 974.0253164556962 820.2151898734178 986.0506329113924 1048.0632911392406 3.7721518987342 1111.3544303797469 box 0
1.2405063291139469 642.367088607595 961.367088607595 583.506329113924 977.1898734177215 809.4556962025318 3.139240506329137 875.2784810126582 box 0
5.67088607594939 407.55696202531647 958.2025316455696 348.69620253164555 960.1012658227849 574.0126582278482 3.139240506329137 634.1392405063292 box 0
