3284.705557535987 2580.747029581577 3340.455127927835 1846.6667785586699 2685.330757574163 1796.9134959311182 2629.5811871823153 2530.993746954025 box 0
3344.3027217993395 1305.3105121071692 3382.165655899636 676.3350118065492 2861.8724989145567 645.0145144161964 2824.0095648142596 1273.9900147168166 box 0
3946.447423372583 2606.524505064241 3998.9305878722853 1879.327161032828 3357.364289498295 1833.024145969048 3304.881124998593 2560.2214900004615 box 0
1702.1176470588234 1182.3529411764707 1741.536962960555 560.2911781220072 1225.922413859363 527.6172958779873 1186.503097957631 1149.679058932451 box 0
2603.0133775193117 2481.458904850699 2664.470588235294 1748.235294117647 2021.1477261366106 1694.3133689154836 1959.690515420628 2427.536979648536 box 0
1159.7908872456178 1186.0892568553693 1206.1821055756404 574.2644863114765 695.8170108157982 535.5663824115984 649.4257924857752 1147.3911529554912 box 0
2255.9688077462024 1215.3086368219097 2300.855871500804 584.0955065455853 1779.1614550550241 546.9965784526767 1734.2743913004233 1178.209708729001 box 0
2795.12372925444 1267.5196955103108 2839.0692464942063 639.8296229856085 2310.4532147152863 602.820426959423 2266.5076974755207 1230.5104994841254 box 0
1931.5294117647059 2434.1176470588234 1988.946834293486 1700.8257131154162 1346.5940092061055 1650.5289051684674 1289.1765866773248 2383.820839111875 box 0
1257.4117647058822 2495.294117647059 1305.035962175744 1757.7734444763885 668.3902746360606 1716.6630850726604 620.7660771661987 2454.1837582433304 box 0
580.941176470588 2387.0588235294117 647.8394426275233 1662.9015081217851 0.28638431787896934 1603.0800081191908 -66.61188183905652 2327.2373235268174 box 0
