862.8318584070796 488.35398230088504 1121.2389380530972 504.28318584070803 1049.5575221238937 1451.1858407079646 792.9203539823008 1432.6017699115046 box 0
1144.2477876106193 504.28318584070803 1399.9999999999998 515.7876106194691 1341.5929203539822 1461.8053097345132 1078.7610619469026 1450.3008849557523 box 0
1409.7345132743362 515.7876106194691 1667.2566371681414 529.9469026548672 1617.6991150442477 1475.9646017699115 1357.5221238938052 1460.0353982300885 box 0
1683.1858407079644 541.4513274336283 1942.4778761061946 551.1858407079646 1898.230088495575 1501.628318584071 1637.1681415929202 1489.2389380530974 box 0
1961.0619469026547 565.3451327433629 2215.0442477876104 575.0796460176991 2192.9203539823006 1523.7522123893807 1928.3185840707963 1506.9380530973451 box 0
1914.159292035398 1529.9469026548672 2171.6814159292035 1540.566371681416 2121.238938053097 2480.389380530973 1863.7168141592917 2471.5398230088495 box 0
1638.0530973451325 1513.132743362832 1898.230088495575 1520.2123893805312 1846.9026548672564 2470.654867256637 1586.725663716814 2453.8407079646013 box 0
1357.5221238938052 1491.0088495575221 1615.9292035398228 1495.4336283185842 1570.7964601769909 2441.451327433628 1309.7345132743362 2436.1415929203536 box 0
1080.5309734513273 1471.5398230088497 1338.0530973451325 1483.929203539823 1297.3451327433627 2430.8318584070794 1028.3185840707963 2419.3274336283184 box 0
792.9203539823008 1451.1858407079646 1058.4070796460176 1461.8053097345132 1014.1592920353983 2401.6283185840707 758.4070796460177 2390.1238938053093 box 0
