1450.2368334267908 310.2527735823918 1945.4876604048084 305.300100222399 1950.5505681480124 811.5739980711514 1455.2997411699948 816.5266714311442 box 0
1985.0393700787401 303.03937007874026 2484.491916022379 323.02813372774375 2463.9412883421237 836.5197881330437 1964.4887423984846 816.5310244840401 box 0
1452.755905511811 824.2992125984255 1951.1811023622047 824.2992125984255 1951.1811023622047 1333.748031496063 1452.755905511811 1333.748031496063 box 0
1983.126021615714 821.7111056568073 2478.1787548661973 836.5671447334765 2462.77949019531 1349.7219652093343 1967.726756944827 1334.8659261326652 box 0
1430.708661417323 1336.6220472440946 1933.8582677165355 1336.6220472440946 1933.8582677165355 1851.5826771653542 1430.708661417323 1851.5826771653542 box 0
1956.9062563912898 1346.9892348011356 2460.818067624885 1352.0285208907944 2455.6921688055604 1864.601316379967 1951.7803575719652 1859.562030290308 box 0
1441.3650130251876 1850.807184646847 1945.2012368571638 1860.8852529017552 1935.0129397307178 2370.2321854318934 1431.1767158987416 2360.1541171769854 box 0
1952.755905511811 1873.1181102362204 2460.6299212598424 1873.1181102362204 2460.6299212598424 2373.9055118110236 1952.755905511811 2373.9055118110236 box 0
1449.3638235634128 2361.1627672821755 1941.391385899327 2371.004630812359 1930.9511370665084 2892.947468938297 1438.9235747305943 2883.105605408113 box 0
1950.3937007874015 2384.6535433070867 2453.5433070866143 2384.6535433070867 2453.5433070866143 2889.3779527559054 1950.3937007874015 2889.3779527559054 box 0
