768.4194015585015 2458.2061979245204 1977.9616402891045 2291.361291636476 1947.905319968598 2073.467981152628 738.363081237995 2240.3128874406725 box 0
683.6443474900683 1763.8016795007654 1885.6935667537646 1595.6856824926733 1854.458684431318 1372.3525876195956 652.4094651676218 1540.4685846276877 box 0
779.6609931141792 2692.587858901599 1996.7656378296629 2533.148454950778 1967.7197724192679 2311.422477402112 750.6151277037842 2470.8618813529324 box 0
662.9040950524998 1288.358864761709 1861.5146198266668 1123.6164929497681 1830.3786251318263 897.0813852535499 631.7681003576593 1061.8237570654908 box 0
599.9427827339623 1059.600921073585 1807.0057828499284 890.4801588342992 1776.0786764640357 669.7446008532951 569.0156763480695 838.8653630925807 box 0
579.6200680369187 816.8171302348552 1798.84570892615 658.6118641391022 1770.5951640492626 440.89604763684895 551.3695231600312 599.101313732602 box 0
684.8398169378588 1524.703145283179 1886.7634672361464 1356.0421080494311 1855.8771863122633 1135.938211375756 653.9535360139757 1304.5992486095042 box 0
720.4825685634077 1991.0480772178182 1916.8782310679499 1832.1896832219413 1887.105704294258 1607.9665811378948 690.7100417897158 1766.8249751337717 box 0
727.7309779704726 2235.0855769317895 1936.1017236095079 2072.9255276315143 1905.6978683887803 1846.3646122771945 697.3271227497451 2008.52466157747 box 0
552.7656458578298 580.5803185070952 1763.446852659859 427.75931058155953 1735.22160313509 204.15275529966755 524.5403963330608 356.97376322520313 box 0
