2789.7544651510852 679.9845244304565 2799.9826555158634 1.4450643440600857 2625.8269328591687 -1.1801298992066336 2615.5987424943905 677.3593301871899 box 0
2432.9545454545455 671.4090909090909 2444.4298994886717 1.402479507578996 2276.361998435297 -1.4760572613726595 2264.886644401171 668.5305541401392 box 0
3146.330401930267 686.7385674020119 3148.630419754419 2.4184438202640877 2982.98183600597 1.8616946000703885 2980.681818181818 686.1818181818181 box 0
2615.089909539501 675.6589303058261 2628.982718044106 1.0037155344068651 2462.452123638655 -2.4255585712069774 2448.55931513405 672.2296562002123 box 0
2956.818181818182 685.0454545454545 2968.9863298991236 5.035394096452472 2810.880794996172 2.206242480893536 2798.712646915231 682.2163029298957 box 0
2256.818181818182 667.9999999999999 2275.9942143932435 2.5239835848680725 2113.2466856342985 -2.1656698902549465 2094.0706530592374 663.310346524877 box 0
3312.2091894752352 688.5006785587069 3312.4138348748343 -0.8102931150633595 3157.022827217781 -0.8564262192250881 3156.818181818182 688.4545454545454 box 0
3488.6363636363635 678.2272727272726 3484.722934292103 -11.53781313669348 3318.647134213028 -10.595570737475953 3322.5605635572883 679.1695151264903 box 0
3660.346952116761 675.8311876160259 3659.816486497684 -3.922466861259636 3501.7422616536505 -3.7991090227401703 3502.2727272727275 675.9545454545454 box 0
3840.798543490194 671.0409990876476 3839.2821690571895 -7.293875710549798 3674.61998920336 -6.925783889106526 3676.1363636363635 671.409090909091 box 0
