444.4981232184129 1375.3805591200696 444.91139240506334 1155.6582278481012 -8.799317217036377 1154.8048568918828 -9.212586403686847 1374.527188163851 box 0
443.8081378851662 1596.378288603893 444.91139240506334 1379.0759493670887 -2.941042633152561 1376.8021808244298 -4.044297153049714 1594.1045200612339 box 0
447.30987769264704 281.13820874135126 448.7088607594937 61.98734177215193 1.7271084784394382 59.13396541421796 0.3281254115927652 278.28483238341727 box 0
448.82684935209664 502.51591741306993 448.7088607594937 279.0759493670886 -4.920420690375358 279.3154905778659 -4.8024320977723765 502.75545862384723 box 0
443.4747028110647 1152.7952048566221 444.27848101265823 944.8987341772153 -0.8841740459919178 943.1776273343221 -1.6879522475854607 1151.074098013729 box 0
441.474001008963 944.3911539832668 441.746835443038 720.2151898734178 -3.9397073176837596 719.6727649254453 -4.212541751758781 943.8487290352945 box 0
444.27028639748676 719.4992224386231 443.6455696202532 503.759493670886 -1.9715603107129183 505.0498656338092 -1.3468435334793796 720.7895944015462 box 0
449.97468354430384 1805.6582278481012 449.8074933325306 1596.607728981013 -3.7825465157297 1596.9704921183002 -3.6153563039564687 1806.020990985388 box 0
448.07594936708864 2246.7974683544303 450.77623799877705 2038.0599559427235 -2.2838883008433406 2032.1990395488115 -4.984176932531717 2240.936551960518 box 0
451.64189429443206 2029.7058344089762 451.873417721519 1818.3164556962026 -2.9122534996243057 1817.8183533893016 -3.1437769267112583 2029.2077321020752 box 0
