2573.6822429906542 12.85981308411214 2069.0093457943926 9.121495327102796 1960.5981308411215 394.16822429906534 2447.5140186915887 508.18691588785043 box 0
2593.308411214953 25.943925233644848 2462.467289719626 510.05607476635515 2936.2990654205605 638.0934579439252 3061.532710280374 166.1308411214953 box 0
2439.8481012658226 520.8481012658228 1953.139240506329 398.69620253164555 1838.5822784810125 890.4683544303798 2324.025316455696 1011.3544303797469 box 0
2948.7088607594937 661.3544303797469 2463.898734177215 533.506329113924 2341.1139240506327 1017.0506329113924 2820.227848101266 1144.8987341772151 box 0
2319.5949367088606 1027.1772151898736 1836.0506329113923 899.9620253164557 1710.1012658227849 1387.3037974683543 2194.9113924050635 1512.620253164557 box 0
2827.1898734177216 1163.886075949367 2347.4430379746836 1032.240506329114 2216.4303797468356 1523.379746835443 2703.139240506329 1645.5316455696202 box 0
2685.4177215189875 1656.9240506329115 2202.506329113924 1530.3417721518988 2072.126582278481 2017.6835443037974 2559.46835443038 2139.8354430379745 box 0
2046.8101265822786 2018.3164556962024 1559.4683544303798 1882.873417721519 1699.9746835443038 1393.0 2179.0886075949365 1525.9113924050632 box 0
2056.3037974683543 2032.873417721519 1920.860759493671 2529.0759493670885 1436.0506329113923 2382.8734177215188 1573.392405063291 1894.2658227848103 box 0
2555.6708860759495 2154.3924050632913 2067.6962025316457 2033.5063291139238 1933.5189873417721 2536.0379746835442 2429.0886075949365 2641.1012658227846 box 0
