3143.478260869565 642.391304347826 2997.8260869565215 892.3913043478261 1676.086956521739 69.56521739130434 2114.1304347826085 2.1739130434782608 box 0
2989.1304347826085 909.782608695652 2834.782608695652 1159.782608695652 1517.391304347826 333.695652173913 1669.5652173913043 72.82608695652173 box 0
1509.782608695652 343.4782608695652 1357.6086956521738 589.1304347826086 2683.695652173913 1420.6521739130435 2838.0434782608695 1167.391304347826 box 0
1357.6086956521738 608.695652173913 1205.4347826086955 851.0869565217391 2522.8260869565215 1672.826086956522 2671.7391304347825 1422.8260869565217 box 0
1201.086956521739 860.8695652173913 1046.7391304347825 1116.304347826087 2365.2173913043475 1930.4347826086955 2527.173913043478 1682.6086956521738 box 0
1043.4782608695652 1129.3478260869565 901.0869565217391 1379.3478260869565 2216.304347826087 2192.391304347826 2364.1304347826085 1940.2173913043478 box 0
889.1304347826086 1389.1304347826087 741.3043478260869 1644.5652173913043 2064.1304347826085 2455.4347826086955 2217.391304347826 2195.6521739130435 box 0
732.6086956521739 1658.695652173913 580.4347826086956 1900.0 1903.2608695652173 2700.0 2055.4347826086955 2459.782608695652 box 0
571.7391304347826 1915.2173913043475 427.17391304347825 2169.565217391304 1747.8260869565217 2968.478260869565 1904.3478260869565 2707.608695652174 box 0
419.5652173913043 2178.2608695652175 270.65217391304344 2441.304347826087 1261.9565217391303 3032.608695652174 1743.4782608695652 2975.0 box 0
