1024.9458849408888 2864.5002779249735 1534.1532017624882 1982.2360417838297 1345.2336179277636 1873.1992810960226 836.0263011061644 2755.4635172371663 box 0
1227.9029393544172 2972.464316036568 1728.0051765522937 2092.6427640404304 1537.7708284983657 1984.5110379673383 1037.6685913004892 2864.332589963476 box 0
825.581346419925 2753.6962831693795 1339.8395156155734 1867.250287667975 1151.1406899417693 1757.7795324128963 636.8825207461207 2644.2255279143005 box 0
1430.0581725102525 3078.76593726487 1926.4437641924278 2201.825141929769 1734.5466099757095 2093.2032338777076 1238.1610182935342 2970.1440292128086 box 0
627.0161842495961 2640.682790873073 1147.1010675182504 1749.782428756446 959.54026640348 1640.2892222189673 439.45538313482575 2531.189584335594 box 0
1651.2045366731681 3150.437493958158 2125.982088267784 2312.1516830471223 1930.9727155240976 2201.7047789910607 1456.1951639294816 3039.9905899020964 box 0
433.7063637054685 2516.5446412746237 957.6526360169419 1629.9444484076198 771.4261371337649 1519.8918218906595 247.47986482229157 2406.4920147576636 box 0
255.73457140208947 2373.564251344148 770.6714171497122 1504.9743244111792 582.8911539625956 1393.6502422166427 67.95430821497297 2262.2401691496116 box 0
1902.825087577728 3161.32021944458 2324.137730056917 2435.539949227677 2127.5825288468322 2321.4404144055175 1706.2698863676433 3047.2206846224203 box 0
65.01832941270351 2252.6771464268622 574.8639072716408 1393.0736850749113 387.215643804307 1281.7762768824637 -122.62993405463018 2141.3797382344146 box 0
