920.1208863187892 2627.084367313279 1517.9638859657805 1627.3729455919379 1360.2420397828953 1533.052825222121 762.399040135904 2532.7642469434622 box 0
1269.271345868433 2816.511718979635 1857.1592019180762 1810.8571863916313 1700.0978119227048 1719.0418752281278 1112.2099558730615 2724.6964078161313 box 0
1455.0093464399847 2921.7928941233695 2026.5701761731236 1906.9268346723793 1861.0812434648005 1813.7253813282903 1289.5204137316614 2828.5914407792807 box 0
743.5309173849344 2537.822931793256 1337.121142080294 1529.7703025269475 1178.2892783853292 1436.2424063415096 584.6990536899696 2444.295035607818 box 0
1633.588276465192 3007.2136028196396 2196.344733663101 1996.7511984836726 2037.9617357418392 1908.5430133912973 1475.20527854393 2919.0054177272646 box 0
1803.8095439785875 3089.011762219478 2358.999529346681 2099.769569728512 2203.468561184987 2012.481303423833 1648.2785758168934 3001.7234959147986 box 0
574.2447751342958 2447.698057475379 1155.8347230595145 1431.0007751608607 996.6517365157896 1339.941984638879 415.0617885905709 2356.639266953397 box 0
1103.6829247769585 2717.043935198584 1689.531824248869 1718.0403006710214 1525.859023160053 1622.0571359684081 940.0101236881426 2621.060770495971 box 0
383.79487179487194 2361.5897435897436 1003.1515569347309 1348.2981899031581 843.9415826824286 1250.9838862998656 224.58489754256954 2264.275439986451 box 0
221.33191002780268 2207.2406931718424 838.1222780669159 1269.5093819933813 669.3464406115405 1158.4975072065754 52.5560725724273 2096.2288183850364 box 0
