1192.294117647059 1565.2941176470588 1364.058823529412 1094.1176470588236 881.7058823529412 904.1176470588235 721.1176470588236 1382.9411764705883 box 0
1360.529411764706 1083.5294117647059 1551.1176470588236 612.9411764705883 1088.1764705882354 428.8235294117647 887.0000000000001 894.7058823529412 box 0
1852.8823529411766 1261.1764705882354 2037.5882352941178 794.1176470588235 1571.7058823529412 604.7058823529412 1379.9411764705883 1073.5294117647059 box 0
1845.235294117647 1285.8823529411766 1371.1176470588236 1092.9411764705883 1197.0 1570.0 1666.4117647058824 1752.3529411764707 box 0
2322.294117647059 1481.764705882353 1854.058823529412 1291.764705882353 1673.4705882352941 1771.1764705882356 2141.7058823529414 1948.235294117647 box 0
2512.8823529411766 993.5294117647059 2332.8823529411766 1466.4705882352941 1861.1176470588236 1280.0 2040.529411764706 806.4705882352941 box 0
2995.823529411765 1168.235294117647 2522.294117647059 994.7058823529412 2351.1176470588234 1462.9411764705883 2828.1764705882356 1638.235294117647 box 0
2807.0 1661.764705882353 2338.1764705882356 1475.2941176470588 2159.3529411764707 1946.470588235294 2631.117647058824 2128.2352941176473 box 0
3299.3529411764707 1843.5294117647059 2829.9411764705883 1655.294117647059 2638.1764705882356 2119.4117647058824 3111.7058823529414 2299.4117647058824 box 0
3474.0588235294117 1348.8235294117646 3315.2352941176473 1825.8823529411766 2838.764705882353 1645.2941176470588 2998.764705882353 1173.5294117647059 box 0
