3947.9999999999995 1403.7884615384617 3957.6619660515394 891.4982375054445 3538.114873033471 883.5854381202639 3528.4529069819323 1395.8756621532814 box 0
2591.269230769231 1379.75 3002.0784702438164 1371.8106392035547 2992.0580765479745 853.3217559086131 2581.248837073389 861.2611167050585 box 0
1652.8076923076922 1380.7115384615386 2150.4635050996158 1356.7202272502755 2122.0302909259926 766.9252725160621 1624.374478134069 790.9165837273255 box 0
2165.3076923076924 1378.7884615384617 2577.1216461310014 1366.2315195357546 2561.3257246183716 848.192900658938 2149.5117707950626 860.7498426616452 box 0
3520.1153846153848 1418.2115384615386 3515.4703482062273 848.8264802868747 3007.73072866734 852.968613954187 3012.3757650764974 1422.3536721288508 box 0
3162.8284269214614 2515.6703732412007 3673.9615384615386 2501.8653846153843 3658.282035277257 1921.3279088367083 3147.148923737179 1935.1328974625249 box 0
1531.4236175632643 2789.4941980205226 2041.2692307692307 2776.8653846153843 2030.8234424073462 2355.152021535863 1520.9778292013805 2367.780834941001 box 0
2079.7307692307695 2518.211538461538 2591.7328480582764 2502.637492891872 2573.8321566693908 1914.1461363871158 2061.8300778418834 1929.720181956781 box 0
1136.4615384615383 1423.9807692307693 1637.2647703422601 1398.7856595700407 1607.5194757996992 807.5383960831277 1106.7162439189776 832.7335057438562 box 0
1514.645119558034 2340.739315759656 2019.2537578197346 2337.235147606746 2016.3374730075325 1917.2831237159455 1511.7288347458316 1920.7872918688563 box 0
2628.3451403653826 2507.570450390493 3142.6307217025865 2497.0153947402337 3130.6923076923076 1915.326923076923 2616.4067263551037 1925.8819787271827 box 0
