1455.5897435897436 625.6923076923076 1633.468362382363 621.3655381064711 1618.3131058855706 -1.6849940785139972 1440.4344870929517 2.641775507322473 box 0
1281.854280495288 626.2250531161519 1447.897435897436 623.1282051282051 1436.2560474470795 -1.0460775884861266 1270.2128920449318 2.050770399460615 box 0
760.6800419914234 626.7247880463186 932.3613991969758 625.0531197445831 926.2497992408764 -2.611934423882076 754.5684420353241 -0.9402661221465676 box 0
931.8917944365744 630.7009756331593 1109.1739680248206 628.4970706371328 1101.604632336497 19.619516539081904 924.3224587482507 21.823421535108448 box 0
582.6712328719307 629.899978204719 760.4069972285859 630.0176627778033 760.8111163330864 19.68772702599388 583.0753519764312 19.57004245290959 box 0
1624.8205128205127 612.8717948717948 1798.8018367431443 611.6456636243129 1794.5785647590199 12.386446805192255 1620.5972408363878 13.61257805267407 box 0
409.39350588752706 638.493807048785 584.1979012788358 638.237294936777 583.2851796822362 16.2481591987736 408.4807842909274 16.504671310781625 box 0
1110.890211723187 630.5652265378689 1285.505255366827 626.2981168535777 1270.7020783921694 20.53506299765356 1096.0870347485293 24.80217268194472 box 0
232.50720888046027 636.4137806561358 413.87092443198725 633.1518940648642 402.66738885971307 10.225626751184512 221.3036733081861 13.487513342456106 box 0
232.26971751434286 649.2688708756978 226.267584074826 12.414447243491907 23.70531486290017 14.323526814121522 29.707448302417017 651.1779504463275 box 0
