1578.6356733466093 3143.896523926644 2027.3254917736117 2249.577686936568 1847.9836903541584 2159.5998882064277 1399.293871927156 3053.9187251965045 box 0
1341.846100421117 3136.06611726568 1851.021778516496 2161.1898092687766 1662.31954204555 2062.6310604049013 1153.1438639501712 3037.507368401806 box 0
1838.8462268107196 3139.5014202469756 2226.3888888888887 2352.722222222222 2030.49621888428 2256.231660441002 1642.953556806111 3043.010858465755 box 0
1113.3180956568926 3117.834199633921 1662.5 2052.722222222222 1467.0770344917896 1951.960275472756 917.895130148682 3017.072252884454 box 0
723.7168346890807 2928.8101511503714 1276.388888888889 1862.4444444444446 1091.1937184159688 1766.4621799647239 538.5216642161605 2832.8278866706505 box 0
909.407736180326 3018.085792720069 1465.277777777778 1951.3333333333337 1290.2664682560373 1860.1373458782855 734.3964266585857 2926.889805265021 box 0
335.41582555229684 2718.821232588396 898.4125589386672 1654.5852654293885 711.1111111111111 1555.5000000000002 148.11437772474048 2619.735967159008 box 0
527.1929228502124 2822.2670491355766 1087.5000000000002 1758.2777777777778 902.5135613435856 1660.8621237424197 342.20648419379785 2724.8513951002187 box 0
160.4875887403087 2615.4304564927306 709.7222222222223 1551.3333333333333 515.281538000338 1450.9726091021657 -33.953095481575446 2515.0697322615633 box 0
-30.40130014858019 2505.097123159396 518.833333333333 1441.0 324.39264911144903 1340.6392757688322 -224.84198437046433 2404.7363989282285 box 0
