1794.3181818181818 1179.3636363636363 2035.834740722669 1039.8427192355412 1438.8913846669652 6.50873474700029 1197.3748257624782 146.02965187509508 box 0
2550.9213843569687 744.110643985307 2793.5384615384614 603.0769230769231 2341.9403502188497 -173.79695590284564 2099.323273037357 -32.7632349944614 box 0
1293.1818181818182 1468.0 1543.7724076828943 1323.2121169691322 941.7118145893407 281.20006609525785 691.1212250882647 425.98794912612544 box 0
2040.8048212283884 1058.1836892845458 2282.9545454545455 920.2727272727274 1686.4596761625812 -127.07743252811832 1444.3099519364246 10.83352948370009 box 0
2294.318181818182 916.8636363636363 2555.326349742601 766.4119045819201 2013.964850825826 -172.7582288804881 1752.956682901407 -22.30649709877199 box 0
793.1818181818181 1730.4999999999998 1034.389449050072 1588.903755952371 432.8263157102998 564.1476320416173 191.618684842046 705.7438760892468 box 0
528.1929258120845 1882.252732130625 785.5294527242287 1732.0132179591733 183.54740419101225 700.913174223596 -73.78912272113183 851.152688395048 box 0
1044.8957364257637 1602.3599290201587 1290.909090909091 1458.9090909090908 687.1644381096568 423.5073515929309 441.15108362632947 566.9581897039986 box 0
1547.7272727272727 1315.7272727272727 1791.426435645334 1176.0670926951614 1202.6455395569749 148.67752835485885 958.9463766389135 288.33770838697035 box 0
276.1363636363636 2014.590909090909 514.042671405015 1881.2882759304864 -60.866386163821716 855.243343837088 -298.77269393247303 988.5459769975107 box 0
