3250.7896272696585 2010.8295607460354 3382.2641775219613 1879.5923729940912 2540.4019704781444 1036.2075295554785 2408.9274202258416 1167.4447173074225 box 0
2866.0730135305566 2395.8273839991307 2992.853858610528 2265.8126150089874 2149.717558826621 1443.6480760533593 2022.9367137466495 1573.6628450435028 box 0
2459.323166835125 2787.6780242226173 2587.08095680638 2659.28142576826 1755.442438328449 1831.7805382468641 1627.684648357194 1960.1771367012225 box 0
2582.809095927984 2668.6529388440076 2715.645526259195 2537.8368163696723 1871.7507223398386 1680.9090064990091 1738.9142920086272 1811.725128973345 box 0
2993.2943620850942 2279.5676023635515 3123.3763408559075 2149.5093993066266 2292.8955510923956 1318.8767907944077 2162.8135723215823 1448.9349938513321 box 0
3393.161058079124 1886.1578570779056 3521.564691547659 1757.2702783579634 2683.254089320778 922.1073528830317 2554.8504558522427 1050.9949316029736 box 0
3138.7737522009534 2151.7774999810467 3265.252568670738 2022.6226624082476 2417.381087123998 1192.3186372565017 2290.902270654213 1321.4734748293006 box 0
2714.699831359425 2525.4575649822646 2844.8774763569863 2394.7083410081277 1998.845197327098 1552.3745486651965 1868.667552329537 1683.1237726393338 box 0
2320.6903280647534 2913.566490173129 2453.7145208603447 2777.9024872725113 1597.218470915959 1938.0725158693515 1464.1942781203682 2073.7365187699693 box 0
3503.83163838614 1738.6182408373502 3637.166763121102 1604.709215385152 2798.724744365324 769.8605502087918 2665.389619630362 903.7695756609904 box 0
