1935.1806044093696 729.9798504166527 2643.749655760745 -84.65349787300147 2502.744975662287 -207.29953565581002 1794.175924310911 607.3338126338438 box 0
2205.084745762712 979.6610169491526 2973.9018103912344 95.7612496843032 2841.4229417639817 -19.46902718123374 2072.605877135459 864.4307400836158 box 0
2070.8813559322034 857.3220338983051 2839.698420560726 -26.577733366544255 2707.219551933473 -141.8080102320812 1938.4024873049507 742.0917570327683 box 0
3179.661016949153 1849.1525423728815 3961.071701644151 950.7740410139111 3828.9483654927953 835.8530067170715 3047.5376807977977 1734.231508076042 box 0
3044.06779661017 1738.9830508474574 3829.69454640351 835.7573899616635 3693.05006040805 716.9038541746986 2907.42331061471 1620.1295150604924 box 0
2910.169491525424 1608.4745762711868 3694.355898426335 706.9048603506814 3555.456840069067 586.0902948526648 2771.2704331681557 1487.6600107731701 box 0
2769.1864406779664 1482.7457627118645 3553.3728475788776 581.1760467913592 3414.4737892216094 460.36148129334265 2630.2873823206983 1361.931197213848 box 0
2634.983050847458 1360.406779661017 3419.169457748369 458.8370637405118 3280.270399391101 338.0224982424952 2496.0839924901898 1239.5922141630006 box 0
2487.220338983051 1243.1525423728815 3271.4067458839622 341.58282645237625 3132.507687526694 220.76826095435968 2348.321280625783 1122.337976874865 box 0
2353.0169491525426 1102.1694915254243 3137.2033560534537 200.59977560491856 2998.3042976961856 79.78521010690201 2214.1178907952744 981.3549260274074 box 0
