1072.2017275538324 844.4893021226598 1093.0197867806637 10.766928263685088 874.9198609624028 5.320970094137294 854.1018017355717 839.0433439531118 box 0
1303.1582071011803 848.5481452210925 1315.039591229824 2.7736525907060923 1094.7286627108315 -0.3212607606430993 1082.8472785821878 845.4532318697431 box 0
2206.871794871795 817.9999999999999 2219.682213899083 -4.744013034108477 1992.6807896088324 -8.278506532548306 1979.870370581544 814.4655065015602 box 0
1963.2820512820513 830.8205128205127 1982.8897771816128 6.856669869184037 1784.590269979786 2.1377705916325453 1764.9825440802242 826.1016135429612 box 0
844.2967786386548 842.3070119564738 863.0645758875689 7.392363557902968 648.075251428789 2.5596826846393697 629.3074541798749 837.4743310832102 box 0
1535.301974594316 847.8609892390353 1541.7769673147309 0.6082651028651753 1316.2337382200149 -1.115412761984544 1309.7587454996 846.1373113741856 box 0
1750.088071763773 853.3767278018538 1768.2172892576496 7.367744930546218 1553.2061405707996 2.760247897923005 1535.0769230769229 848.7692307692307 box 0
616.6699403148345 838.3012300257553 635.3383687371033 -2.650019413813027 415.9613676685638 -7.52000901745447 397.292939246295 833.4312404221139 box 0
393.10229589644103 842.844100399186 410.6610138965754 -2.4924530743225546 194.87398231324525 -6.974624843766207 177.31526431311082 838.3619286297424 box 0
2437.765742008798 829.3050027618249 2444.186690695935 -4.2177146160863686 2226.849688441641 -5.8919458160240765 2220.428739754504 827.6307715618872 box 0
