1675.2941176470588 66.82352941176465 2991.764705882353 897.4117647058823 3147.0588235294117 642.1176470588235 2114.1176470588234 3.29411764705877 box 0
1670.5882352941178 77.4117647058823 1516.4705882352941 335.0588235294117 2836.470588235294 1155.0588235294117 2990.5882352941176 899.7647058823528 box 0
1511.764705882353 345.64705882352933 1367.0588235294117 591.5294117647059 2677.6470588235293 1412.7058823529412 2832.9411764705883 1168.0 box 0
1358.8235294117646 603.2941176470588 1207.0588235294117 852.7058823529413 2525.8823529411766 1675.0588235294115 2675.294117647059 1428.0 box 0
1201.1764705882354 869.1764705882352 1050.5882352941176 1122.1176470588236 2367.0588235294117 1931.529411764706 2521.176470588235 1682.1176470588236 box 0
1042.3529411764707 1131.5294117647059 902.3529411764706 1388.0 2217.6470588235293 2196.235294117647 2368.2352941176473 1937.4117647058824 box 0
885.8823529411765 1391.5294117647059 738.8235294117648 1648.0000000000002 2064.7058823529414 2445.6470588235293 2211.764705882353 2197.411764705882 box 0
730.5882352941177 1658.5882352941176 580.0 1906.8235294117644 1907.0588235294117 2706.8235294117644 2060.0 2453.882352941176 box 0
575.2941176470588 1920.9411764705883 431.7647058823529 2168.0 1751.764705882353 2965.6470588235293 1903.5294117647059 2712.705882352941 box 0
422.3529411764706 2179.7647058823527 277.6470588235294 2435.0588235294117 1265.8823529411766 3031.529411764706 1749.4117647058824 2976.235294117647 box 0
