2954.5324675324673 929.8701298701297 3566.8701298701294 1077.922077922078 3501.9350649350645 1370.7792207792209 2888.298701298701 1224.025974025974 box 0
2310.3766233766232 802.5974025974027 2929.8571428571427 925.9740259740261 2881.8051948051943 1220.7792207792209 2249.337662337662 1105.1948051948052 box 0
2908.428571428571 1247.4025974025974 3525.311688311688 1387.6623376623377 3457.7792207792204 1681.8181818181818 2841.5454545454545 1548.051948051948 box 0
2848.6883116883114 1562.3376623376623 3470.116883116883 1689.6103896103896 3403.233766233766 1985.7142857142858 2788.298701298701 1853.8961038961038 box 0
2786.3506493506493 1867.5324675324675 3413.6233766233763 1990.2597402597403 3350.6363636363635 2285.714285714286 2734.402597402597 2164.935064935065 box 0
2729.207792207792 2172.7272727272725 3353.233766233766 2294.805194805195 3287.6493506493503 2584.4155844155844 2673.363636363636 2468.181818181818 box 0
2088.9480519480517 2037.6623376623374 2714.272727272727 2170.779220779221 2651.9350649350645 2472.077922077922 2035.7012987012986 2340.2597402597403 box 0
2137.6493506493503 1724.6753246753246 2766.8701298701294 1856.4935064935064 2704.5324675324673 2151.948051948052 2082.454545454545 2025.9740259740256 box 0
2199.337662337662 1423.3766233766235 2825.311688311688 1544.155844155844 2765.5714285714284 1843.5064935064934 2142.8441558441555 1718.1818181818182 box 0
2253.8831168831166 1109.7402597402597 2878.5584415584412 1235.064935064935 2824.0129870129867 1533.7662337662337 2193.493506493506 1408.4415584415583 box 0
