3670.666579827296 1701.6766852812834 3712.2885162651182 1486.5320663198372 2712.5462551031233 1293.121656851285 2670.924318665301 1508.2662758127312 box 0
3730.418684705885 1473.1248475897776 3769.595077753383 1261.031030805197 2775.4859783800525 1077.4065885674488 2736.3095853325544 1289.5004053520295 box 0
1050.9384549936092 675.6962218198028 1057.2724253580866 457.8495993489314 38.902137772198664 428.2401101198946 32.56816740772127 646.0867325907659 box 0
3544.5749090134095 2374.5264677351424 3588.251770485608 2160.6808161340223 2598.291868025164 1958.4866578752087 2554.6150065529655 2172.332309476329 box 0
3504.4468272877393 2600.0359396980875 3548.750535794785 2387.6285449155394 2550.1896389293015 2179.349775023592 2505.885930422256 2391.75716980614 box 0
3755.7956924315918 1249.309277660005 3795.230042686127 1032.6383643591946 2801.448188793994 851.768947666533 2762.013838539459 1068.4398609673433 box 0
1049.902535822512 897.400740088267 1053.9079153771584 681.7969159188592 20.038929173825803 662.5902171718649 16.0335496191795 878.1940413412726 box 0
3852.65716026444 803.2459706403773 3890.118166139474 587.0677626310406 2891.017389601283 413.93597287158553 2853.556383726249 630.1141808809222 box 0
3906.9262508698143 581.7836417579267 3944.411285026506 365.86561691242554 2937.9699878386814 191.13964658741025 2900.4849536819897 407.05767143291143 box 0
3638.2960355633904 1927.5207707721904 3679.822367999881 1711.1798247143277 2674.7776338702033 1518.262938181667 2633.251301433713 1734.6038842395299 box 0
3600.5887616528116 2149.4971536557255 3642.35236396219 1933.566703821908 2632.1297060595907 1738.1772283633172 2590.3661037502125 1954.1076781971344 box 0
1024.8205128205127 1569.282051282051 1028.271916876392 1354.1023853770334 10.063678764026209 1337.770693309522 6.612274708146936 1552.9503592145402 box 0
1045.3228303104627 443.74964903903714 1050.4986367805443 234.90161865185024 28.320465549827816 209.5693405239511 23.14465907974619 418.417370911138 box 0
1020.542407790697 1799.3530371332538 1022.7353227910986 1577.6083333794204 -2.0467498698596414 1567.4738862371075 -4.239664870261376 1789.2185899909412 box 0
1031.5633596132946 1123.8890679402868 1035.2189668322746 900.2251007056021 -1.8645425509166105 883.2748068766075 -5.520149769896818 1106.9387741112923 box 0
3813.498179273298 1027.4042381389438 3851.9004501625786 812.0050050004893 2850.2939593985766 633.434435261935 2811.891688509296 848.8336684003897 box 0
1031.0096844041102 1342.262286566305 1033.3036600668936 1123.4150599949733 -6.620454629635188 1112.5144849791052 -8.914430292418647 1331.361711550437 box 0
1014.3025140127821 2023.9626831956568 1017.4048399249413 1804.995387691014 13.755831209690934 1790.7757010511696 10.6535052975317 2009.7429965558122 box 0
1000.7363769693027 2252.439894578899 1002.1596833795891 2029.7694351603207 -9.303659455264729 2023.3041758556712 -10.7269658655511 2245.9746352742495 box 0
1007.9424046473271 2483.1562057057054 1010.0079994254339 2257.611843194524 20.264359192394416 2248.547509809431 18.198764414287773 2474.0918723206123 box 0
