173.36016669362976 1116.4397235407923 1137.0791908589847 996.6118242651398 1117.6923076923076 840.6923076923077 153.9732835269527 960.5202069679605 box 0
302.56654103022396 2221.896472383345 1263.076923076923 2117.6153846153848 1246.6282222284997 1966.1099844104485 286.11784018180066 2070.3910721784096 box 0
317.16147373585704 2373.230591018149 1280.7692307692307 2273.0 1265.2100434316837 2123.415392553351 301.6022863983103 2223.6459835715004 box 0
241.01704010988328 1587.9161825350998 1203.8461538461538 1473.0 1185.2732271642972 1317.3861069687118 222.44411342802636 1432.3022895038116 box 0
271.24791950711284 1904.045313342251 1233.076923076923 1792.9999999999998 1215.8196713461784 1643.5247566335609 253.99066777636816 1754.5700699758113 box 0
217.85829993608894 1430.7631354746416 1181.5384615384614 1312.230769230769 1163.0729948671503 1162.1046520379305 199.39283326477806 1280.637018281803 box 0
196.79355640223582 1276.8161333536814 1157.6923076923076 1157.6153846153845 1138.5736384412764 1003.4963408669518 177.67488715120487 1122.6970896052485 box 0
331.3798894303446 2530.3770904733774 1296.1538461538462 2437.6153846153848 1281.1263501417322 2281.320967073639 316.3523934182308 2374.0826729316323 box 0
283.47479999596806 2069.994841431335 1245.3846153846152 1956.8461538461538 1226.4296467681497 1795.704467170948 264.5198313795026 1908.8531547561288 box 0
252.61282805355128 1750.837859019772 1213.8461538461538 1636.076923076923 1194.8700159445345 1477.133498678953 233.636690151932 1591.894434621801 box 0
