3217.1170939541953 638.9179322327554 3487.7165238901102 628.5244822955342 3463.2820512820513 -7.641025641025692 3192.682621346136 2.75242429619544 box 0
2921.085055044791 631.0803334386261 3193.628621091526 624.5776280903577 3178.6666666666665 -2.5128205128205607 2906.1231006199314 3.989884835447832 box 0
2949.9226339566785 1322.1418377200912 3210.2272727272725 1316.8636363636363 3196.4863172751643 639.202023293591 2936.1816785045703 644.4802246500461 box 0
3493.181818181818 1335.0454545454545 3493.2562094697973 644.1766354420455 3227.3477334499103 644.1480029817742 3227.2733421619314 1335.0168220851833 box 0
3787.5 1337.3181818181818 3785.928956849835 641.783515770508 3516.146083297373 642.3928894742444 3517.7171264475382 1337.9275555219183 box 0
2664.168472557673 1320.5549953821862 2939.7201913806243 1311.9880993088261 2918.6285701237143 633.582240251302 2643.0768513007633 642.1491363246619 box 0
3508.707689255603 628.5557066293711 3789.7727272727275 619.1363636363636 3768.7516333650856 -8.114874873460542 3487.686595347961 1.304468119546982 box 0
2607.587785218594 628.9656829021436 2606.4444444444443 -1.4444444444443718 2345.9161381276026 -0.9719383368953395 2347.0594789017514 629.4381890096925 box 0
2633.8422447662942 631.9522305217325 2898.1175062532852 625.904296132156 2883.7948717948716 0.051282051282001355 2619.519610307881 6.099216440858467 box 0
2381.9190259783277 1331.8537962994565 2649.9771728716346 1318.7813948842913 2616.3850638551335 629.9532134948314 2348.326916961826 643.0256149099966 box 0
