1925.8698611920681 3042.0614699521097 1936.3636363636365 2400.6993006993007 1767.9498969038355 2397.943765679589 1757.456121732267 3039.3059349323976 box 0
1224.8950266796815 3040.2439374985497 1231.4685314685314 2384.6153846153848 1070.2510382943901 2382.9989755087854 1063.6775335055404 3038.6275283919504 box 0
1579.089167164477 3037.9953042354355 1583.2167832167834 2385.3146853146854 1414.7799322813253 2384.249474199836 1410.6523162290189 3036.930093120586 box 0
2102.6074177799123 3041.9754270848402 2109.090909090909 2407.6923076923076 1934.3409493967183 2405.9060551331045 1927.8574580857216 3040.1891745256366 box 0
1404.1133265451413 3055.829749085074 1410.4895104895106 2385.3146853146854 1243.298959384747 2383.7248064809273 1236.9227754403778 3054.2398702513156 box 0
1747.6638037744256 3037.854474251494 1753.1468531468531 2391.6083916083917 1588.9661283737785 2390.215406731408 1583.483079001351 3036.461489374511 box 0
880.0536143805269 3034.772972575699 881.1188811188812 2396.5034965034965 715.9947272317859 2396.2279055886415 714.9294604934316 3034.497381660844 box 0
1054.0276911338053 3036.024384672368 1058.0419580419582 2381.818181818182 894.0778494885294 2380.8120835998843 890.0635825803766 3035.01828645407 box 0
705.7261971097785 3032.7001139206295 705.5944055944057 2397.2027972027972 536.602967200223 2397.2378432008923 536.7347587155958 3032.735159918724 box 0
533.9379269398447 3036.4197535660032 528.8831987131825 2405.731495547664 361.3788382069043 2407.0739797438982 366.43356643356645 3037.7622377622383 box 0
