618.2529738142382 533.1652648703584 1122.556534733645 507.9290531420841 1147.361253227099 1003.6099421178797 643.0576923076924 1028.8461538461538 box 0
624.0192307692308 13.461538461538462 623.0576923076924 514.4230769230769 1133.6346153846155 501.92307692307685 1130.75 6.730769230769231 box 0
1648.0576923076924 475.0 1145.173076923077 492.30769230769226 1136.5192307692307 3.846153846153846 1640.3653846153845 1.923076923076923 box 0
1644.2115384615386 502.88461538461536 1142.2884615384617 513.4615384615385 1161.5192307692307 1020.1923076923076 1666.326923076923 996.1538461538461 box 0
2165.3653846153843 476.92307692307685 2177.8653846153843 975.9615384615385 1671.1346153846155 987.5 1663.4423076923076 484.6153846153845 box 0
1647.2150130292152 11.900906824161154 2159.612516445837 1.6515901438279743 2168.7080638938623 456.3683239450696 1656.3105604772409 466.6176406254028 box 0
2163.6772296733434 5.238210003738459 2679.2049862302238 -5.073720088077335 2688.4423076923076 456.7307692307692 2172.9145511354272 467.042699322585 box 0
2180.7499999999995 492.30769230769226 2185.557692307692 1000.0 2691.326923076923 984.6153846153845 2689.4038461538457 490.38461538461536 box 0
3205.7499999999995 969.230769230769 3210.557692307692 472.1153846153846 2703.826923076923 475.9615384615385 2699.980769230769 979.8076923076922 box 0
2695.1730769230767 466.34615384615375 3210.557692307692 450.9615384615385 3189.4038461538457 6.730769230769231 2684.5961538461534 2.8846153846153846 box 0
