2716.8701298701294 881.8181818181818 3308.428571428571 1109.7402597402597 3207.1298701298697 1390.2597402597403 2618.8181818181815 1176.6233766233765 box 0
2003.8831168831168 966.8831168831168 2595.4415584415583 1175.3246753246754 2492.1948051948048 1459.090909090909 1896.090909090909 1251.948051948052 box 0
2094.7922077922076 666.8831168831168 2691.5454545454545 872.7272727272727 2593.493506493506 1164.935064935065 1996.090909090909 959.7402597402597 box 0
2618.168831168831 1187.6623376623377 3207.1298701298697 1404.5454545454545 3114.9220779220777 1690.9090909090908 2521.4155844155844 1475.9740259740258 box 0
2518.8181818181815 1490.2597402597403 3112.324675324675 1697.4025974025974 3008.428571428571 1981.8181818181815 2416.220779220779 1774.6753246753246 box 0
2424.0129870129867 1792.857142857143 3024.0129870129867 1998.7012987012988 2918.8181818181815 2283.116883116883 2320.7662337662337 2081.818181818182 box 0
1705.1818181818182 1846.7532467532467 2289.5974025974024 2083.116883116883 2186.3506493506493 2364.285714285714 1596.7402597402597 2132.4675324675322 box 0
1811.025974025974 1551.2987012987012 2401.285714285714 1776.6233766233768 2292.1948051948048 2060.3896103896104 1700.6363636363637 1835.0649350649348 box 0
1893.4935064935064 1257.142857142857 2492.1948051948048 1473.3766233766232 2387.6493506493503 1761.6883116883118 1795.4415584415585 1537.6623376623377 box 0
2304.5324675324673 2088.311688311688 2898.6883116883114 2290.909090909091 2801.9350649350645 2575.3246753246754 2204.5324675324673 2372.7272727272725 box 0
