608.5422706814726 1673.8421079871096 612.3076923076923 1510.6923076923076 -2.542222488998087 1496.5018571868738 -6.30764411521778 1659.6516574816756 box 0
605.3846153846154 1846.076923076923 610.3175905985097 1687.8170999747974 -18.693873677131705 1668.2107469427656 -23.62684889102616 1826.4705700448912 box 0
617.1078572349287 1320.9608348651202 620.7692307692307 1159.923076923077 2.0344147523918457 1145.8554488769223 -1.6269587819102256 1306.8932068189658 box 0
620.342154954588 1494.2018379864926 623.8461538461538 1334.5384615384614 -1.5874417617374716 1320.812592309638 -5.091440653303323 1480.475968757669 box 0
622.7168383181315 1144.2231096686126 625.4027333200494 980.6358951227459 2.1778340935538836 970.4033311259188 -0.5080609083640866 1133.9905456717856 box 0
630.1922887753686 966.9852558584146 632.3076923076923 803.0000000000002 2.848702715402901 794.8800030949976 0.7332991830792821 958.8652589534119 box 0
-34.10049151659154 257.3712725326295 623.0769230769231 264.5384615384616 624.855231493907 101.4809327259368 -32.32218309960775 94.31374372010461 box 0
-9.813899339662044 438.5213302840759 621.9443285332454 442.7934890912899 623.0769230769231 275.3076923076924 -8.681304795984419 271.0355335004783 box 0
638.1642697208079 789.150385508159 639.2338244468768 628.0981802250661 -31.59648696201248 623.6431668416941 -32.66604168808158 784.695372124787 box 0
626.1538461538462 617.6153846153846 627.5604664773524 454.2829578366122 -5.564491145891111 448.83048002632376 -6.971111469397241 612.1629068050963 box 0
