14.492766400623736 925.5848219187667 945.2467102602903 905.7788227790572 941.6048074519153 734.6329301564285 10.850863592248743 754.438929296138 box 0
12.147493145426438 1274.5601794853012 963.7939382594751 1254.2935948954203 960.1395105624592 1082.694719348927 8.493065448410562 1102.961303938808 box 0
16.060930363713567 1971.294300572813 966.5580553111224 1947.3666664651819 962.3862614468944 1781.6470614266987 11.889136499485573 1805.5746955343297 box 0
9.72037988211116 2138.2519232800732 967.5732869562091 2121.472481318702 964.7565419623712 1960.6788514086472 6.9036348882732455 1977.4582933700185 box 0
11.58440039752287 1445.6053446189314 951.2210849105643 1424.4648871288343 947.4777082145376 1258.0818242653456 7.84102370149634 1279.2222817554427 box 0
-7.860225258693845 1793.877098830847 960.4258572433035 1780.60189402942 958.0408179863549 1606.638452164026 -10.245264515642475 1619.9136569654531 box 0
2.6252697939387986 2480.4506193389534 981.7654560477993 2471.538294888307 980.278989697028 2308.229727340734 1.1388034431674328 2317.1420517913803 box 0
5.8772601603420185 1622.8163895818122 968.9785332950917 1606.8296515843526 966.0843163014499 1432.4711256769767 2.9830431667003836 1448.4578636744366 box 0
1.3894604602298841 1092.7788579296885 947.9571589470016 1078.5861042993815 945.4189499935665 909.3034781146229 -1.1487484932052894 923.4962317449299 box 0
2.6657329746907408 2308.897939046505 962.1854533933363 2292.8413626163824 959.3557296565348 2123.7408236182896 -0.1639907621107568 2139.7974000484123 box 0
