1792.3738317757009 2766.1308411214955 1868.476868721739 2056.257171206801 1683.4576770626777 2036.4219202666618 1607.3546401166395 2746.2955901813557 box 0
1602.6542056074766 2752.11214953271 1676.4535392134287 2040.516212662616 1488.7516261728927 2021.0497213840374 1414.9522925669407 2732.6456582541314 box 0
2189.725748655028 2793.8701743245047 2255.5545824822725 2086.315101859741 2062.248827036552 2068.3305053975055 1996.4199932093077 2775.885577862269 box 0
1408.2616822429907 2733.420560747664 1482.3723515324928 2022.3724963259194 1295.0946227969318 2002.8530313079007 1220.9839535074302 2713.901095729645 box 0
1212.9345794392523 2716.5981308411215 1284.3094404314847 2004.8218756084632 1099.0260294683142 1986.2421918884152 1027.651168476082 2698.018447121073 box 0
1993.123124541338 2774.7354401986754 2061.7781771271166 2070.072369083623 1867.8425560391577 2051.1772959489113 1799.1875034533793 2755.8403670639636 box 0
2390.3404080176624 2806.8095388963775 2448.29782676203 2094.581052001101 2254.315737288506 2078.795806963328 2196.3583185441385 2791.0242938586043 box 0
2578.355140186916 2819.4018691588785 2641.7221178833825 2106.0981693642234 2454.152036193984 2089.4352119361906 2390.785058497517 2802.7389117308458 box 0
2781.158878504673 2836.2242990654204 2840.4037707764774 2130.0194219026157 2644.6621518526345 2113.598279113512 2585.4172595808295 2819.8031562763167 box 0
1021.3457943925233 2697.9065420560746 1088.8554881852738 1994.9812920360441 900.7888458704066 1976.9191703026936 833.2791520776561 2679.8444203227245 box 0
