3376.7477611047716 763.9019193730111 3410.556731376065 10.477569653669775 3190.997288944056 0.6251157679801054 3157.1883186727628 754.0494654873214 box 0
2453.025641025641 748.7692307692307 2489.5278990371553 13.262119524560052 2278.235446967881 2.7759508887923516 2241.7331889563675 738.283062133463 box 0
1777.258623261041 739.4564390725284 1814.6029545519777 15.992150803080849 1592.536288695746 4.5293443137019835 1555.1919574048093 727.9936325831495 box 0
2688.9230769230767 751.3333333333333 2726.4701956261088 15.580472374418319 2503.069953247585 4.1798569450194805 2465.522834544553 739.9327179039345 box 0
3151.1911568457836 763.2363218029349 3180.37768379358 2.3646488689732905 2959.6229552452805 -6.103354426225906 2930.436428297484 754.7683185077357 box 0
2237.6410256410254 741.076923076923 2270.5562365580604 9.417632655656433 2046.5938819342507 -0.6577784495233914 2013.678671017216 731.0015119717431 box 0
1547.4339887965732 731.1487489309088 1582.8782642157455 11.168718555770056 1365.329632342953 0.45890258886652185 1329.8853569237806 720.4389329640053 box 0
2014.5641025641025 735.9487179487179 2051.576872749696 15.582723068447502 1818.4371513813705 3.603885936395784 1781.424381195777 723.9698808166662 box 0
3611.8327943252475 762.8299080177126 3628.170508515864 8.875693205979701 3410.085121018991 4.1499198631466925 3393.747406828374 758.1041346748797 box 0
2918.72227883334 764.2179704844224 2949.4882100117557 -1.1686337526083435 2729.5729871273534 -10.008475702928195 2698.807055948938 755.3781285341024 box 0
