1800.9150943396228 2850.4716981132074 1393.8396226415095 2556.132075471698 1709.4056603773586 2150.4716981132074 2110.3490566037735 2452.3584905660377 box 0
1696.669811320755 2146.698113207547 1381.1037735849059 2547.1698113207544 992.424528301887 2218.396226415094 1312.235849056604 1823.1132075471696 box 0
2011.7641509433963 1729.7169811320755 1701.858490566038 2125.943396226415 1303.2735849056605 1810.8490566037733 1624.0283018867926 1413.6792452830189 box 0
2423.0849056603774 2049.528301886792 2030.1603773584905 1743.8679245283017 1721.1981132075473 2140.094339622641 2115.537735849057 2448.1132075471696 box 0
2342.8962264150946 1328.7735849056603 2030.1603773584905 1724.5283018867926 1638.179245283019 1414.6226415094338 1947.61320754717 1016.9811320754717 box 0
2348.5566037735853 1312.7358490566037 1949.5000000000002 1011.3207547169811 2254.2169811320755 605.188679245283 2653.745283018868 907.075471698113 box 0
3062.7075471698113 1239.6226415094338 2754.2169811320755 1634.4339622641508 2359.405660377359 1325.4716981132074 2668.83962264151 927.3584905660377 box 0
2974.971698113208 501.88679245283015 2567.8962264150946 206.13207547169807 2262.235849056604 608.4905660377358 2666.009433962264 896.2264150943396 box 0
3059.877358490566 1225.943396226415 2667.4245283018868 911.3207547169811 2988.6509433962265 510.377358490566 3368.367924528302 826.8867924528302 box 0
2754.6886792452833 1652.3584905660377 2445.7264150943397 2050.0 2041.4811320754718 1741.509433962264 2359.877358490566 1340.566037735849 box 0
