3088.1889763779527 382.5669291338584 2591.3385826771655 418.0000000000001 2618.8976377952754 922.7244094488191 3111.023622047244 891.2283464566931 box 0
3615.748031496063 373.11811023622056 3114.9606299212596 380.99212598425197 3129.9212598425197 894.3779527559057 3637.7952755905512 865.244094488189 box 0
3651.1811023622045 882.5669291338584 3140.1574803149606 903.0393700787403 3162.9921259842517 1398.3149606299212 3665.3543307086616 1384.9291338582677 box 0
3116.535433070866 901.4645669291339 2619.685039370079 928.2362204724411 2640.9448818897636 1436.1102362204724 3148.031496062992 1406.1889763779527 box 0
3134.6456692913384 1415.6377952755906 2631.496062992126 1443.1968503937007 2654.3307086614172 1951.8582677165355 3156.6929133858266 1925.8740157480313 box 0
3658.267716535433 1399.8897637795276 3154.3307086614172 1420.3622047244094 3176.3779527559054 1925.8740157480313 3677.952755905512 1898.3149606299212 box 0
3680.314960629921 1909.3385826771653 3181.102362204724 1941.6220472440946 3211.8110236220473 2441.6220472440946 3708.6614173228345 2411.700787401575 box 0
3161.417322834646 1933.7480314960633 2659.055118110236 1960.5196850393702 2685.8267716535433 2462.0944881889764 3190.551181102362 2433.748031496063 box 0
3207.8740157480315 2458.9448818897636 2707.086614173228 2475.48031496063 2729.9212598425197 2970.755905511811 3228.3464566929133 2961.3070866141734 box 0
3713.3858267716537 2427.448818897638 3740.9448818897636 2918.0 3235.433070866142 2962.8818897637793 3217.3228346456694 2461.3070866141734 box 0
