780.7261853805478 946.4661622984363 1279.1507091737888 966.4137831162395 1258.6855793253349 1477.7691318192108 760.2610555320939 1457.8215110014075 box 0
1296.7161478711628 944.2178409008504 1799.007087311958 959.291091330545 1783.5294117647059 1475.0588235294117 1281.2384723239106 1459.9855730997172 box 0
1808.235294117647 970.3529411764707 2307.0588235294117 970.3529411764707 2307.0588235294117 1486.8235294117646 1808.235294117647 1486.8235294117646 box 0
756.3127478350841 1482.318457542124 1264.5226303997893 1477.2361893064062 1269.5696051060922 1981.9168365755231 761.3597225413871 1986.9991048112408 box 0
1283.5294117647059 1483.2941176470588 1788.235294117647 1483.2941176470588 1788.235294117647 2000.9411764705883 1283.5294117647059 2000.9411764705883 box 0
1797.6470588235295 1497.4117647058824 2301.176470588235 1497.4117647058824 2301.176470588235 2009.1764705882354 1797.6470588235295 2009.1764705882354 box 0
2317.6470588235293 970.3529411764707 2831.764705882353 970.3529411764707 2831.764705882353 1477.4117647058824 2317.6470588235293 1477.4117647058824 box 0
2838.823529411765 972.7058823529412 3344.7058823529414 972.7058823529412 3344.7058823529414 1480.9411764705883 2838.823529411765 1480.9411764705883 box 0
2310.5882352941176 1496.235294117647 2815.294117647059 1496.235294117647 2815.294117647059 2005.6470588235295 2310.5882352941176 2005.6470588235295 box 0
2837.7713705815786 1493.730012446114 3341.2756060854995 1498.765222642612 3336.3462764772453 1991.6817522597685 2832.8420409733244 1986.6465420632705 box 0
