1697.2046783815645 926.4840884330276 1841.0387397087652 714.6427615079809 834.7384532560086 31.39431694722147 690.9043919288079 243.23564387226807 box 0
1421.5453199117671 1377.694553764599 1568.9837967161395 1159.9856600210935 566.7211328775395 481.2256977002445 419.2826560731673 698.9345914437503 box 0
1841.843020544075 699.264449331467 1984.2038531054027 484.7804961726611 1006.8202595615156 -163.94468843669148 864.459427000188 50.53926472211441 box 0
1151.7283593562058 1843.9092585075905 1303.9815394992222 1622.33134858876 294.907327327449 928.9645871650168 142.65414718443253 1150.5424970838471 box 0
1004.7629281570646 2062.0055566163546 1155.128411332669 1842.9226567200803 141.71006435849927 1147.3725271849148 -8.655418817105001 1366.455427081189 box 0
1570.8334211378874 1161.057153807166 1717.5300596088518 946.4201576651901 707.0644319504913 255.803378953454 560.3677934795269 470.44037509542994 box 0
1276.817070163942 1604.7451615636453 1427.2964769121481 1383.4710687458098 429.46034186913926 704.8837668115987 278.9809351209328 926.1578596294341 box 0
864.7658795571715 2297.6489182599853 1013.7143718598985 2088.321500518857 24.82051282051293 1384.6666666666667 -124.12797948221389 1593.9940844077955 box 0
706.1784231124655 2557.96094161973 876.5283150553591 2324.64218867928 -117.56285182280283 1598.8397372050867 -287.9127437656964 1832.1584901455367 box 0
591.4871794871796 2733.3846153846152 707.5134729231833 2579.7522158558504 -100.8205128205127 1969.2820512820515 -216.84680625651643 2122.9144508108157 box 0
