0.0 1747.8701298701303 1050.6493506493507 2545.2727272727275 875.3246753246754 2782.935064935065 1.2987012987012987 2146.571428571429 box 0
1.2987012987012987 1736.1818181818185 3.896103896103896 1368.6493506493507 1229.8701298701299 2297.220779220779 1054.5454545454545 2545.2727272727275 box 0
176.62337662337663 1114.1038961038962 3.896103896103896 1363.4545454545455 1235.064935064935 2292.025974025974 1407.7922077922078 2051.766233766234 box 0
354.54545454545456 881.6363636363637 183.11688311688312 1105.0129870129872 1415.5844155844156 2042.6753246753249 1593.5064935064934 1803.7142857142858 box 0
531.1688311688312 632.2857142857144 361.038961038961 873.844155844156 1594.8051948051948 1785.5324675324678 1762.3376623376623 1555.662337662338 box 0
1944.155844155844 1306.3116883116884 1770.1298701298701 1551.7662337662339 536.3636363636364 618.0000000000001 703.8961038961039 384.2337662337664 box 0
880.5194805194805 150.46753246753264 715.5844155844155 376.4415584415586 1954.5454545454545 1295.922077922078 2124.6753246753246 1064.753246753247 box 0
883.1168831168831 137.48051948051963 2136.3636363636365 1059.5584415584417 2315.5844155844156 808.9090909090911 1197.4025974025974 2.415584415584581 box 0
1725.9740259740258 3.7142857142858796 2488.311688311688 563.4545454545456 2324.6753246753246 805.0129870129871 1208.0 0.0 box 0
2498.7012987012986 559.5584415584417 1733.7662337662337 2.415584415584581 2277.9220779220777 7.610389610389777 2672.7272727272725 305.0129870129872 box 0
