2153.055054706018 2971.607968048546 2791.686500040085 2916.9977981671946 2728.18429346505 2174.3795998530654 2089.552848130983 2228.9897697344168 box 0
1941.8966403415627 1178.2616838594554 1993.4177498130134 546.534775315672 1473.6515878144855 504.1447346672355 1422.1304783430348 1135.8716432110189 box 0
1091.304347826087 1926.0869565217392 1107.974217436935 1208.513952131062 469.27284855812684 1193.6763419167246 452.6029789472787 1911.2493463074015 box 0
2479.609436259166 1198.326846601593 2532.2880249830137 563.0921296651541 2009.8416379595842 519.7668238868475 1957.1630492357367 1155.0015408232864 box 0
1397.8260869565217 1126.086956521739 1450.1316852012394 503.2327192485519 940.8793556725362 460.46709904481236 888.5737574278184 1083.3213363179993 box 0
1751.988588776223 2017.743248670126 1779.1197668546083 1299.4837275616303 1131.435405669578 1275.0184204888099 1104.3042275911926 1993.277941597305 box 0
3023.9130434782605 1230.4347826086955 3067.0484189815397 594.6057341489425 2547.108559870666 559.3324148248269 2503.9731843673876 1195.16146328458 box 0
877.8507447617257 1105.4930898796217 926.200193316583 483.07830333741487 419.32024618218304 443.70365084303444 370.97079762732574 1066.1184373852414 box 0
2431.9050738453675 2016.1547452894265 2444.6220718459886 1289.6776621934318 1784.8892890106263 1278.1290246995873 1772.1722910100057 2004.606107795582 box 0
3584.844250580746 1245.4242059048975 3632.1200105474513 633.1877747809312 3096.558860686344 591.8327376070654 3049.283100719638 1204.0691687310316 box 0
3103.2371870048582 2007.004566625331 3107.5650996958784 1292.1276854004223 2455.0934709541257 1288.1775783026476 2450.765558263106 2003.0544595275567 box 0
1439.1304347826085 2895.6521739130435 2091.061466311009 2870.2631096986024 2062.695412193949 2141.8900288819036 1410.7643806655483 2167.2790930963447 box 0
3982.1698446492787 2557.6209778384764 4179.364039406828 1691.8709465397733 3662.5081949015025 1574.1453116817875 3465.314000143953 2439.8953429804906 box 0
