1329.1666666666667 1769.7916666666665 1120.8333333333335 1307.2916666666667 665.1041666666667 1518.75 870.3125 1981.7708333333335 box 0
1559.375 2222.916666666667 1336.9791666666667 1770.8333333333333 872.9166666666667 1992.1875 1108.8541666666667 2441.666666666667 box 0
2020.8333333333333 2001.5625 1569.2708333333335 2222.3958333333335 1344.7916666666667 1771.354166666667 1806.7708333333335 1547.3958333333335 box 0
1794.7916666666667 1538.0208333333335 1336.4583333333335 1751.0416666666667 1121.875 1287.5 1585.4166666666667 1071.875 box 0
1816.6666666666667 1538.0208333333335 1594.2708333333335 1080.2083333333335 2052.604166666667 868.75 2271.875 1320.8333333333335 box 0
2281.25 1339.0625 1820.3125 1553.1250000000002 2044.791666666667 2012.5 2493.229166666667 1792.7083333333335 box 0
2953.6458333333335 1559.8958333333335 2738.541666666667 1109.8958333333335 2279.6875 1323.4375 2500.5208333333335 1782.8125 box 0
2734.8958333333335 1081.7708333333335 2278.6458333333335 1307.2916666666667 2055.2083333333335 859.8958333333334 2511.979166666667 629.6875 box 0
3205.2083333333335 854.1666666666666 2749.479166666667 1078.125 2520.3125 634.375 2972.3958333333335 410.93750000000006 box 0
3207.8125 873.4375 2745.3125 1090.625 2952.0833333333335 1549.4791666666667 3413.541666666667 1322.9166666666667 box 0
