1099.8305093783044 2554.6353748795955 1101.2453202674967 2149.22893677533 708.9008401852942 2147.859710264447 707.4860292961017 2553.2661483687125 box 0
1500.6436215741671 2550.49320102488 1501.0116985868024 2146.5764671450884 1107.0826124803982 2146.2174915715555 1106.714535467763 2550.134225451347 box 0
1901.8107649271376 2549.6973828748633 1903.8489984976188 2147.2350505311724 1509.4511766011826 2145.2376589342184 1507.4129430307014 2547.6999912779092 box 0
1103.5314910529037 2971.7518830203294 1103.6820891440739 2558.5759225547777 706.9806900384049 2558.431329259944 706.8300919472347 2971.607289725496 box 0
1893.9295305074074 2972.4551248982752 1899.026422213864 2559.7637809135185 1508.2998861490864 2554.938162760416 1503.20299444263 2967.629506745173 box 0
1500.5582040234033 2973.505942288305 1501.3830688347864 2558.696970479994 1105.5813803271824 2557.9099024382576 1104.7565155157993 2972.7188742465687 box 0
2295.964945554723 2559.479427113949 2303.232710817449 2155.538197983333 1910.2777660846812 2148.4680994363434 1903.010000821955 2552.4093285669596 box 0
2287.706642877498 2978.2241946774857 2297.516058113669 2568.462474952963 1909.5979484921309 2559.175980798588 1899.78853325596 2968.937700523111 box 0
696.6411434077684 2571.260432699838 698.5723463241516 2163.2277816833493 309.63266831403337 2161.3869450772618 307.70146539765017 2569.4195960937504 box 0
705.2099478731676 2977.7317085436644 705.8290708500771 2567.974229784022 312.86357564825585 2567.38047865116 312.24445267134627 2977.1379574108023 box 0
