1923.7785043227998 2545.730709009369 1986.602756438817 1819.254105745782 1358.4776133184948 1764.935092339809 1295.6533612024775 2491.411695603396 box 0
2713.882352941176 1785.8823529411766 2750.860086726589 1061.333378003372 2102.450241806816 1028.2414443196035 2065.472508021403 1752.790419257408 box 0
2036.2352941176468 1769.4117647058824 2082.636668518313 1050.5390889533244 1440.7519127007495 1009.107085927767 1394.3505383000838 1727.979761680325 box 0
3397.411764705882 1862.3529411764703 3431.630830451406 1138.1650834131694 2787.669357975434 1107.7368461429407 2753.450292229909 1831.9247039062418 box 0
2601.303435830397 2584.1204008797577 2652.76474165397 1854.057738883643 2009.7321321543516 1808.7310847557458 1958.2708263307788 2538.793746751861 box 0
1344.6639763612397 1713.5215864951244 1383.171795812546 1006.331828336814 751.1457434477355 971.9168147817992 712.6379239964293 1679.1065729401096 box 0
3380.7142857142853 1072.7857142857142 3428.7177347874426 444.1949539131654 2909.3840443973972 404.53511490465365 2861.3805953242404 1033.1258752772026 box 0
2821.9594322592225 1020.1887145051094 2861.428571428571 397.78571428571433 2336.1052308927747 364.4727964025971 2296.636091723426 986.8757966219922 box 0
2287.25131878591 990.8324762971401 2333.662010276973 364.08480412988234 1819.339934737957 325.9992327988501 1772.9292432468942 952.7469049661082 box 0
1736.6541150724854 986.7430895411982 1780.0699942063095 361.4817386711645 1268.6100486857763 325.96781614002856 1225.1941695519522 951.2291670100623 box 0
1205.6271960459198 959.185189147919 1254.9762862069415 338.9725300062819 742.4944278123636 298.19536581423927 693.1453376513423 918.4080249558763 box 0
