2086.401006922805 1521.5646357782464 2089.2780183563855 25.24217884331108 1749.435270848191 24.58875586909255 1746.5582594146103 1520.9112128040279 box 0
2353.994092782061 1505.9790729993147 2355.945733424535 68.30134760604062 2062.2082914037296 67.90260043208184 2060.256650761256 1505.5803258253559 box 0
1751.3707867459943 1513.8529015417585 1752.00984517678 68.9766012931367 1446.3341296358417 68.8414031152239 1445.6950712050561 1513.7177033638459 box 0
3574.6657051140783 1494.5684515624516 3573.8939013381414 55.67702742908977 3269.242739099789 55.840438589525775 3270.014542875726 1494.7318627228876 box 0
2701.5229947421612 1526.186902958351 2702.6998141793856 12.182957017950116 2359.5031160976823 11.916193812889219 2358.326296660458 1525.9201397532902 box 0
1452.1750636870352 1515.55822897543 1467.40632879349 84.8989933742223 1147.6701130097422 81.49497727762173 1132.4388479032873 1512.1542128788294 box 0
1145.7959677271865 1512.558458758295 1153.4232922267684 44.41248312622656 849.3518514103866 42.832768582403105 841.7245269108046 1510.9787442144716 box 0
2960.074499744037 1479.7795640958589 2977.0100644712847 0.5609035309216779 2679.232757336041 -2.8483469022553436 2662.297192608793 1476.3703136626818 box 0
3281.847575658274 1507.6073679038777 3284.2987155671553 134.6327721314923 2970.279096705007 134.07216014177664 2967.8279567961254 1507.046755914162 box 0
822.710102349381 1516.1304062246559 844.8765521175351 20.48952438293088 543.6544257344201 16.025200617385167 521.487975966266 1511.66608245911 box 0
