1122.9203527961363 507.06647936740666 615.8590927423314 512.1372609951258 610.937914920399 20.035882837318013 1117.999174974204 14.965101209598856 box 0
617.6036219135116 535.5146531312213 1113.6598996370167 510.69114954352665 1138.1610321882094 1000.3053802832918 642.1047544647045 1025.1288838709866 box 0
1134.7601699409468 516.8679248703631 1646.4688347702975 506.63238679897216 1656.3421922637776 1000.2344373343615 1144.633527434427 1010.4699754057525 box 0
1648.8073219039668 473.519630452546 1142.6093657727783 483.6449396523988 1133.0824418755608 7.362259311233829 1639.2803980067492 -2.763049888619065 box 0
2161.7992982870114 459.3318361874335 1654.026853956348 469.488639350583 1644.7361347838546 5.014620505480025 2152.508579114518 -5.142182657669451 box 0
1652.6428366379164 487.5163349359105 2167.5777187422464 482.3668144630405 2172.5540137557846 979.9797280562158 1657.6191316514544 985.1292485290857 box 0
2176.3779527559054 489.6535433070867 2685.03937007874 489.6535433070867 2685.03937007874 990.44094488189 2176.3779527559054 990.44094488189 box 0
2682.940723494203 450.640105964295 2172.0193027645896 460.8598970540377 2162.9647883168204 8.194539704996572 2673.886209046434 -2.0252513847461273 box 0
3209.309726618296 444.5085475995195 2686.501222463441 449.73680691754043 2682.028856058869 2.515074447724828 3204.837360213724 -2.7131848702961747 box 0
2696.0629921259842 467.6062992125985 3205.511811023622 467.6062992125985 3205.511811023622 976.2677165354331 2696.0629921259842 976.2677165354331 box 0
