1277.3783769233814 677.3495103923393 1494.08697880214 664.4434951783313 1454.653389968098 2.3027986439155894 1237.9447880893395 15.208813857923591 box 0
2175.8671307068676 634.1455906768762 2397.202897093363 623.1743624213985 2366.1125003356124 -4.04955758056269 2144.776733949117 6.921670674915048 box 0
1050.9737518666693 692.4389290099467 1271.906233153839 679.128824577618 1230.7106467844537 -4.6707023864115165 1009.7781654972842 8.639402045917176 box 0
1951.4334801140294 644.7470147498718 2176.399695116648 632.9592899972615 2143.0318801459803 -3.858348215448124 1918.0656651433615 7.929376537162277 box 0
825.8327215433978 702.6464113543391 1044.4547635685678 689.5384569120256 1002.6011754750348 -8.519881279265885 783.9791334498648 4.58807316304765 box 0
606.5938370908615 732.8149001675201 818.2789276296661 720.8022726035879 776.7897108827714 -10.315757711465515 565.1046203439668 1.696869852466783 box 0
2399.033321184574 631.2419463354071 2621.0916513642237 621.7019362899451 2594.1412088447228 -5.610847969623368 2372.082878665073 3.9291620758385797 box 0
1500.739417099698 672.093806313427 1720.517728297217 660.1082852836646 1684.2130109551115 -5.610747383983586 1464.4346997575924 6.374773645778851 box 0
1725.695048158776 654.3478743718616 1946.1854428625215 643.1357532532287 1913.249686796058 -4.557736508702355 1692.7592920923125 6.654384609930553 box 0
2626.106578596106 632.9304014213566 2839.3053429287315 625.5649574906425 2817.6925852222535 -0.03389034347574604 2604.493820889628 7.331553587238232 box 0
