295.5748792270528 424.0386473429951 975.285024154589 180.07729468599024 1070.9371980676326 421.14009661835735 387.3623188405794 679.1111111111111 box 0
1068.0386473429949 433.2173913043477 1158.8599033816422 683.9420289855071 483.01449275362285 934.183574879227 387.3623188405794 685.8743961352657 box 0
1164.173913043478 689.256038647343 1260.3091787439612 937.0821256038647 569.9710144927533 1195.5362318840578 479.14975845410595 941.4299516908211 box 0
1254.9951690821254 947.7101449275362 1354.0289855072463 1199.4009661835748 665.6231884057968 1453.5072463768115 569.9710144927533 1203.7487922705313 box 0
1353.062801932367 1205.6811594202898 1447.748792270531 1457.3719806763283 763.2077294685987 1707.6135265700482 667.0724637681155 1463.1690821256038 box 0
1444.8502415458936 1460.7536231884058 1541.4685990338162 1711.9613526570047 854.9951690821252 1970.415458937198 761.7584541062798 1718.724637681159 box 0
1536.1545893719806 1723.5555555555557 1635.671497584541 1978.1449275362318 947.2657004830915 2230.80193236715 854.9951690821252 1980.0772946859902 box 0
949.1980676328499 2237.082125603865 1633.2560386473428 1986.3574879227053 1727.942028985507 2238.531400966184 1044.367149758454 2486.840579710145 box 0
1733.7391304347825 2244.3285024154593 1825.526570048309 2492.154589371981 1140.9855072463765 2744.3285024154593 1044.8502415458936 2498.434782608696 box 0
1146.2995169082124 2756.888888888889 1834.2222222222222 2510.0289855072465 1923.5942028985505 2755.43961352657 1240.9855072463765 3009.062801932367 box 0
