701.9038461538462 1940.3846153846152 1207.673076923077 1940.3846153846152 1207.673076923077 2432.6923076923076 701.9038461538462 2432.6923076923076 box 0
1214.0992759739418 1921.3760873388308 1722.6311036471693 1911.2040944834837 1732.551058442458 2407.1356994523453 1224.0192307692307 2417.3076923076924 box 0
1731.5539390708052 1895.7950735478007 2242.4966759092486 1890.6854758583577 2247.461967607674 2387.1980946182493 1736.5192307692307 2392.3076923076924 box 0
702.8653846153846 2453.846153846154 1210.5576923076924 2444.230769230769 1237.4807692307693 2945.1923076923076 731.7115384615385 2951.9230769230767 box 0
1227.8653846153845 2444.230769230769 1245.173076923077 2947.1153846153843 1749.9807692307693 2925.9615384615386 1733.6346153846155 2426.9230769230767 box 0
1744.675738858169 2418.4697474729323 2250.6506267144 2408.3489002335223 2260.7633493946923 2913.917614299052 1754.7884615384614 2924.0384615384614 box 0
2264.4038461538457 2413.4615384615386 2770.1730769230767 2413.4615384615386 2770.1730769230767 2915.3846153846152 2264.4038461538457 2915.3846153846152 box 0
2250.5857625320814 1896.4210423079865 2758.057692307692 1891.3461538461538 2762.9848697317443 2384.0474722170693 2255.512939956133 2389.1223606789017 box 0
2782.6730769230767 2392.3076923076924 3289.4038461538457 2392.3076923076924 3289.4038461538457 2894.230769230769 2782.6730769230767 2894.230769230769 box 0
2764.4038461538457 1882.6923076923076 3264.4038461538457 1876.9230769230771 3290.3653846153843 2376.9230769230767 2775.9423076923076 2384.6153846153848 box 0
