516.10494484585 2836.7855601373108 1140.7574310490118 2721.5036335479695 1009.3227290661982 2009.3277028021425 384.67024286303655 2124.609629391484 box 0
1114.0477803492286 1926.8683169136682 1145.3759467966643 1221.845044611854 519.7961452776514 1194.047000322968 488.4679788302158 1899.0702726247816 box 0
2047.786132011294 2898.833311063515 2087.418266184631 2172.6963811814094 1447.903707542539 2137.792045992149 1408.2715733692016 2863.9289758742543 box 0
3253.1998577920995 1212.5608924764185 3311.5342868185053 586.5505676533301 2782.2218791158593 537.2268810373755 2723.8874500894535 1163.237205860464 box 0
3791.8473711892198 1248.2286282261168 3833.036164666622 617.0595013798609 3310.390936763661 582.9527533809389 3269.202143286259 1214.1218802271949 box 0
1769.8062928424156 2025.9479674601157 1810.6445651107642 1302.6187460871633 1176.8818518414223 1266.8372879720132 1136.0435795730737 1990.1665093449658 box 0
2712.9870319989054 1170.8874928625225 2767.246431435475 546.0755832650859 2237.2045924517784 500.0461279718281 2182.9451930152086 1124.8580375692648 box 0
1626.651981609582 1101.1017851227705 1690.1326235751544 487.8923712724371 1167.1674989049443 433.7539952301978 1103.686856939372 1046.9634090805312 box 0
2356.119899523843 2668.3072147411576 3000.5044758927525 2570.3183361760566 2891.957444989097 1856.50230369146 2247.5728686201874 1954.4911822565607 box 0
455.81640685114775 1924.9211732786862 492.86443984631 1201.7310241335279 -15.138897495602741 1175.7067144471441 -52.1869304907649 1898.8968635923025 box 0
1090.6142510797997 1083.5761045666786 1147.7005417384469 464.0351965288037 638.3354610434935 417.1008251730711 581.2491703848461 1036.6417332109463 box 0
2170.0648618785754 1151.0287051738192 2220.6052032358884 522.60269513911 1688.6785580345145 479.82318920484283 1638.1382166772016 1108.2491992395521 box 0
3994.774483154026 2546.9918132686616 4178.989073935392 1679.9622892274635 3644.576203491483 1566.4175418949121 3460.361612710116 2433.4470659361104 box 0
