832.2606628950107 698.544177195952 2013.4986760585102 655.7783464040283 2005.6099837724696 437.88422322519045 824.3719706089701 480.65005401711414 box 0
815.6050935179031 1989.5832586172598 1999.1794871794873 1961.5897435897436 1994.4137275466755 1760.091965900986 810.839333885092 1788.0854809285022 box 0
822.5632921063429 1781.7664215901393 1991.4871794871792 1746.2051282051282 1985.100534882935 1536.2717785576162 816.1766475020985 1571.8330719426267 box 0
841.2088964894024 915.2652705318142 2010.0026493637265 883.0986171568843 2003.929945139626 662.4434349888156 835.1361922653018 694.6100883637455 box 0
825.5941010448773 473.2877058385523 2012.8442026577184 439.2713276513772 2006.871794871795 230.82051282051276 819.6216932589533 264.8368910076877 box 0
839.3002833555213 1129.9726595057687 2004.7207813666753 1097.1832212046702 1998.6275433351523 880.613957773284 833.2070453239983 913.4033960743827 box 0
828.6408180432876 1557.81951238322 2006.871794871795 1520.5641025641025 2000.609473027957 1322.5133598906548 822.3784961994495 1359.7687697097722 box 0
824.2265665385501 685.948956761979 827.9112629384206 464.63921285676463 -2.6478754374758013 450.81081916270347 -6.332571837346239 672.1205630679179 box 0
829.0606722579545 470.65033243786684 833.7386630053096 252.62307515406312 1.875395323222226 234.7746248375238 -2.802595424132794 452.8018821213275 box 0
824.393052191652 1347.0666155124945 1992.107157589113 1319.4387517852897 1987.1239357996808 1108.8188344691948 819.4098304022198 1136.4466981963997 box 0
793.0521438058347 1335.797914593673 795.5608056466076 1123.4682178775495 -8.806635230395266 1113.9646678037877 -11.315297071168182 1326.2943645199114 box 0
820.2522445779003 902.5097549382078 823.9507599840684 680.9582480323592 -2.5126739602245856 667.1615116175782 -6.2111893663926345 888.7130185234271 box 0
807.7851445907987 1126.2803645308347 810.9315107621704 900.0628866168923 -24.861732172433115 888.4381810013917 -28.008098343804924 1114.6556589153342 box 0
830.8337876323263 2217.1749263429447 2006.459398886348 2205.7321572566425 2004.3076923076924 1984.6666666666665 828.6820810536707 1996.1094357529685 box 0
786.6605193204133 1552.447866958325 787.637022520288 1333.7688861000313 -4.4247542447295904 1330.2319624484128 -5.401257444604405 1548.910943306707 box 0
786.2563303763357 1772.3284262138038 787.9372120783571 1550.1227561140695 -2.8352310950246804 1544.1409333748193 -4.516112797046079 1766.3466034745534 box 0
773.9592443951319 2430.926229602624 773.6515424786053 2203.252374612957 12.258399342661148 2204.281399791907 12.566101259187706 2431.9552547815742 box 0
798.5141854046176 2214.875135132159 798.3030214570376 1998.531766230144 -2.831127184316852 1999.313720630812 -2.6199632367369254 2215.657089532827 box 0
800.3913054164404 1982.6297881727085 800.5055890487972 1778.647522766626 -6.9678340634473095 1778.1951256151333 -7.082117695804062 1982.1773910212153 box 0
2009.4358974358975 2430.8205128205127 2008.5721753990028 2196.9178641896824 807.0508326535626 2201.3546692776245 807.9145546904571 2435.2573179084548 box 0
