921.5652173913044 284.3478260869565 0.6956521739132016 309.5652173913043 0.6956521739132016 0.0 911.1304347826087 0.0 box 0
921.5652173913044 290.4347826086956 929.3913043478261 592.1739130434781 5.043478260869723 607.8260869565216 0.6956521739132016 312.17391304347825 box 0
940.8961038961039 892.2077922077922 0.6363636363636481 926.6233766233767 1.2857142857142976 612.3376623376623 931.8051948051948 598.7012987012987 box 0
951.2857142857143 1198.051948051948 0.6363636363636481 1222.077922077922 0.0 933.0 935.0519480519481 901.9480519480518 box 0
944.7922077922078 1207.7922077922078 964.2727272727273 1504.5454545454545 0.0 1517.0 1.2857142857142976 1222.7272727272727 box 0
969.4675324675325 1802.5974025974026 1.935064935064947 1829.2207792207791 0.6363636363636481 1519.4805194805194 960.3766233766233 1511.038961038961 box 0
970.7662337662338 1824.025974025974 977.2597402597403 2106.4935064935066 1.935064935064947 2132.4675324675322 1.2857142857142976 1831.8181818181818 box 0
978.5584415584416 2129.87012987013 0.0 2137.0 3.2337662337662456 2439.6103896103896 990.8961038961039 2418.8311688311687 box 0
990.8961038961039 2433.116883116883 0.6363636363636481 2444.155844155844 1.2857142857142976 2749.3506493506493 1001.2857142857143 2722.077922077922 box 0
998.038961038961 2732.4675324675322 0.0 2753.0 1.935064935064947 3033.116883116883 1009.0779220779223 3025.3246753246754 box 0
