3533.9989427618166 2397.7782766334535 3690.0510957978795 2257.054738703539 2877.496129412256 1355.9904687889098 2721.443976376193 1496.7140067188243 box 0
3202.0533760112385 2690.2800385929554 3360.2502526834114 2549.142260771537 2560.010948176994 1652.179303600648 2401.814071504821 1793.3170814220664 box 0
3038.975145105541 2824.203014853287 3194.2857525756126 2683.563300329283 2400.2016470392346 1806.6439661952968 2244.891039569163 1947.2836807193012 box 0
2706.8155891771457 3109.4410922660354 2864.7181751174276 2968.3133238460914 2079.924474299417 2090.2369808540816 1922.0218883591353 2231.3647492740256 box 0
3703.9657256775063 2262.8444580270448 3863.844236880467 2117.8957210113554 3050.7035065002283 1221.0011909292539 2890.8249952972674 1365.9499279449433 box 0
3366.2482193702867 2545.3750700232854 3520.422334484499 2408.680346367964 2718.254255605299 1503.9376435997615 2564.0801404910867 1640.632367255083 box 0
2465.6309245157954 3171.5870404344764 2628.8762875628745 3025.174279245154 1914.5971661519288 2228.7767962354446 1751.3518031048498 2375.1895574247674 box 0
2885.338342922571 2983.3617662288993 3043.2229740771395 2841.1213115057867 2241.4858567539427 1951.2059263370186 2083.601225599374 2093.4463810601314 box 0
3863.414920574429 2099.5659177029597 4021.923183630017 1953.0691849270693 3198.352482074497 1061.9724421298038 3039.844219018909 1208.4691749056942 box 0
4020.7959901087584 1961.255048821635 4187.867782960953 1810.153423223718 3381.3905699498346 918.4383715885212 3214.31877709764 1069.5399971864383 box 0
