1640.695652173913 4.3478260869565215 1647.6521739130435 487.8260869565217 1138.9565217391305 485.21739130434776 1133.7391304347827 1.7391304347826084 box 0
1124.1739130434785 6.956521739130434 619.8260869565217 14.782608695652172 625.0434782608696 512.1739130434783 1128.521739130435 503.4782608695651 box 0
2157.217391304348 6.08695652173913 1651.1304347826087 2.6086956521739126 1663.304347826087 473.0434782608695 2169.391304347826 461.73913043478257 box 0
2169.391304347826 486.9565217391304 1664.1739130434783 490.4347826086955 1677.2173913043478 996.5217391304346 2174.608695652174 980.869565217391 box 0
1647.6521739130435 499.99999999999994 1142.4347826086957 515.6521739130434 1158.9565217391305 1021.7391304347825 1666.7826086956522 995.6521739130434 box 0
1126.7826086956522 519.9999999999999 615.4782608695652 530.4347826086956 649.3913043478261 1030.4347826086955 1154.608695652174 1009.5652173913043 box 0
2684.173913043478 491.3043478260869 2179.8260869565215 495.65217391304344 2188.521739130435 990.4347826086955 2691.1304347826085 986.9565217391302 box 0
3214.608695652174 478.2608695652173 2703.304347826087 474.78260869565213 2700.695652173913 972.1739130434781 3208.5217391304345 968.6956521739129 box 0
3211.1304347826085 447.8260869565217 2703.304347826087 457.391304347826 2682.4347826086955 3.478260869565217 3188.5217391304345 4.3478260869565215 box 0
2693.7391304347825 466.08695652173907 2179.8260869565215 468.695652173913 2164.173913043478 2.6086956521739126 2675.478260869565 1.7391304347826084 box 0
