2469.9999999999995 2394.285714285714 2520.459551894337 1668.2800124389705 1874.40654528211 1623.3774102545544 1823.946993387773 2349.383112101298 box 0
3886.2185302124212 2691.0485199863074 3924.831394884283 1967.427353775139 3276.3749542846494 1932.8253244873947 3237.762089612788 2656.4464906985627 box 0
1798.5714285714284 2355.7142857142853 1851.8250730390557 1632.6761990412833 1213.1579456261816 1585.636696194474 1159.9043011585543 2308.674782867476 box 0
1132.8571428571427 2354.285714285714 1187.0605581211998 1628.2706240284485 562.6221414381654 1581.6508012995473 508.41872617410854 2307.665891556813 box 0
3215.7142857142853 2561.428571428571 3258.5161781825113 1913.863705821857 2522.3637483125776 1865.2064688144185 2479.5618558443525 2512.7713344211325 box 0
2952.065766260973 1307.310845912477 2972.8571428571427 677.142857142857 2444.4637922030574 659.7093706120497 2423.672415606887 1289.8773593816695 box 0
448.93238229780576 2397.8504737267053 508.4779999982863 1665.1995238640286 -22.461868034380245 1622.0478123843093 -82.00748573486067 2354.698762246986 box 0
3521.8759459265652 1418.0369540275362 3635.8025141822377 806.6335283458359 3116.415421740497 709.8529305397244 3002.4888534848246 1321.256356221425 box 0
1895.7142857142856 1257.142857142857 2415.4796356101947 1255.0085170579675 2412.94332460781 637.3531654424273 1893.1779747119008 639.4875055273167 box 0
1319.9999999999998 1352.8571428571427 1314.340318300726 723.796663899983 814.3583033587216 728.2950216169139 820.0179850579955 1357.3555005740736 box 0
1351.0669221766566 1265.3136198058894 1864.2857142857142 1262.8571428571427 1861.3157625021527 642.360757674528 1348.0969703930946 644.8172346232745 box 0
