1321.2190166443495 1446.3644406332835 1399.1917356900938 1255.2343002918553 249.78715400994722 786.3276152596607 171.814434964203 977.4577556010888 box 0
1559.887765047589 838.7100820954681 1634.4613739558451 648.7510277478966 515.1526348852725 209.33584724107962 440.57902597701616 399.2949015886511 box 0
1481.1050779632046 1046.3169522527655 1559.5265992970935 849.9427160242387 449.08105408635583 406.4892840143244 370.65953275246693 602.8635202428513 box 0
1637.787701239235 640.2179874515828 1714.2330672961739 445.4641556508932 605.6860509732893 10.333911123246367 529.2406849163505 205.08774292393605 box 0
1151.0276747579221 1841.700199547071 1228.5493913720304 1644.8032852439173 115.01536608985619 1206.385702857714 37.493649475747745 1403.2826171608676 box 0
1392.1497525050172 1242.008585085029 1469.1585956416593 1052.198433980546 360.71038238267806 602.4842638834768 283.7015392460362 792.2944149879598 box 0
1243.5474154142662 1641.375851337183 1318.941505683229 1448.8941386315946 154.3903672548011 992.7454873163813 78.99627698583818 1185.2272000219696 box 0
1057.0993963100973 2036.3308863628765 1134.2207857380777 1846.0160239198328 30.244559302085328 1398.6511708270648 -46.87683012589523 1588.9660332701085 box 0
1727.1399199491211 425.54741292900405 1797.3142798629492 230.52411289115054 680.0857140535644 -171.48323427147233 609.9113541397363 23.54006576638119 box 0
1809.7553045645059 226.11151549310665 1879.929664478334 31.088215455253135 762.7010986689492 -370.91913170736973 692.5267387551211 -175.89583166951624 box 0
