640.6956521739131 1035.6521739130433 351.13043478260886 1035.6521739130433 351.13043478260886 0.0 640.6956521739131 0.0 box 0
946.7826086956522 1023.4782608695651 644.1739130434784 1023.4782608695651 644.1739130434784 1.7391304347826084 946.7826086956522 1.7391304347826084 box 0
941.9118892128002 2.386322758820995 1240.1578458588144 -0.5962362269350479 1250.3489803524171 1018.4832424585704 952.1030237064031 1021.4658014443262 box 0
1545.8233673780185 0.33413232433804296 1252.301921899351 3.269444623520328 1262.4347826086957 1016.5217391304345 1555.9562280873631 1013.5864268312524 box 0
1863.304347826087 1004.3478260869564 1564.8529049423676 1007.3324400035875 1554.8032794294722 2.4033876890756574 1853.2547223131917 -0.5812262275553538 box 0
2168.521739130435 992.1739130434781 1875.1437623470679 995.1077906078825 1865.2075625459554 1.5209313834586737 2158.5855393293227 -1.4129461809458022 box 0
2476.9487652817534 989.7448083947988 2170.007591240812 992.8143224530257 2160.094712979116 1.5595394312879876 2467.0358870200575 -1.5099746269387992 box 0
2779.8260869565215 986.9565217391302 2472.8695652173915 986.9565217391302 2472.8695652173915 2.6086956521739126 2779.8260869565215 2.6086956521739126 box 0
3077.4347826086955 983.4782608695649 2780.0434782608695 983.4782608695649 2780.0434782608695 0.8695652173914254 3077.4347826086955 0.8695652173913118 box 0
3397.2173913043475 977.391304347826 3085.0434782608695 977.391304347826 3085.0434782608695 0.0 3397.2173913043475 0.0 box 0
