2408.6614173228345 356.5826771653544 1980.3149606299212 100.6771653543308 1711.8110236220473 524.2992125984254 2135.433070866142 792.0157480314962 box 0
2840.1574803149606 658.1574803149607 2429.1338582677163 370.7559055118111 2148.031496062992 792.0157480314962 2570.8661417322833 1075.48031496063 box 0
2576.3779527559054 1099.1023622047244 2158.267716535433 820.3622047244095 1875.5905511811022 1233.748031496063 2292.9133858267714 1515.6377952755906 box 0
2132.283464566929 801.464566929134 1707.8740157480315 531.3858267716537 1431.4960629921259 951.8582677165356 1858.267716535433 1229.023622047244 box 0
1839.3722627737225 1228.4671532846714 1564.919708029197 1650.3649635036495 1140.832116788321 1373.7226277372263 1411.6350364963503 953.2846715328467 box 0
2275.868613138686 1514.5985401459852 1851.78102189781 1242.3357664233577 1576.5985401459852 1662.773722627737 1999.2262773722625 1936.4963503649633 box 0
1996.3065693430656 1945.2554744525546 1568.5693430656931 1681.021897810219 1306.5255474452554 2110.21897810219 1734.9927007299268 2375.912408759124 box 0
1294.1167883211676 2095.620437956204 878.0583941605839 1813.8686131386862 1143.021897810219 1391.2408759124087 1571.4890510948903 1661.3138686131385 box 0
875.1386861313869 1837.2262773722625 1284.6277372262773 2117.518248175182 1010.1751824817518 2537.2262773722628 606.5255474452555 2255.4744525547444 box 0
1299.2262773722625 2122.627737226277 1026.2335766423357 2548.1751824817516 1453.2408759124087 2802.919708029197 1730.6131386861312 2384.6715328467153 box 0
