1042.373938399513 2610.229903819238 1624.8140951036798 1524.3903420143845 1429.6761890113758 1419.719121144141 847.2360323072089 2505.558682948994 box 0
1239.6732919310855 2731.407471955979 1828.030925072426 1643.2765119281428 1633.9928167725277 1538.359175382888 1045.6351836311871 2626.4901354107246 box 0
1860.591081387419 3059.551389623285 2436.6993274491037 1996.8347100050696 2243.91992630301 1892.3272671455134 1667.8116802413253 2955.043946763729 box 0
2075.2139524206514 3148.4911547543866 2647.297575909787 2121.578783020254 2453.1361101403836 2013.4131810305255 1881.052486651248 3040.325552764659 box 0
1442.8090859214344 2845.4946843041707 2025.9140892990945 1768.4622429986193 1829.8626784523449 1662.3200747595502 1246.7576750746848 2739.3525160651016 box 0
1656.2465885001334 2953.1618238794895 2232.8586754547005 1884.4027437646068 2036.276979462513 1778.3438722264675 1459.6648925079458 2847.1029523413504 box 0
833.6862811788399 2499.560246265045 1425.324692038507 1409.4054842810292 1230.822824885003 1303.8472831844178 639.1844140253359 2394.0020451684336 box 0
629.9487179487181 2384.6666666666665 1216.0403042098321 1308.8987687967451 1035.0769230769233 1210.3076923076924 448.9853368158095 2286.0755901776142 box 0
614.5641025641027 966.7179487179486 801.74358974359 1064.1538461538462 212.0000000000001 2156.4615384615386 0.0 2046.9999999999998 box 0
817.1282051282052 1097.4871794871794 1019.6923076923077 1205.1794871794873 429.9487179487181 2266.7179487179487 240.2051282051283 2169.2820512820513 box 0
