1486.9721176682203 2550.4120492637026 1489.0670902977024 2148.3639214583923 1099.7141704024582 2146.3351003945004 1097.6191977729761 2548.3832281998107 box 0
1888.3230874450499 2549.463288276544 1890.4469174937442 2149.1775318242885 1497.809960803241 2147.094284660467 1495.6861307545466 2547.3800411127227 box 0
2288.077431460974 2556.2726487918394 2294.077722781644 2156.626018377639 1900.6647392543575 2150.7193189815976 1894.6644479336876 2550.365949395798 box 0
1092.0567700137697 2553.415459959102 1094.1276689416447 2149.9409739324074 699.689042593042 2147.9164530352828 697.6181436651669 2551.3909390619774 box 0
2280.221791029196 2974.88563179209 2289.8897976620196 2567.0119062339863 1901.827630662698 2557.813501508691 1892.159624029874 2965.6872270667945 box 0
1885.5465316003151 2968.567317478648 1890.1480269491758 2560.9065328232155 1498.7064835364035 2556.488113124379 1494.1049881875429 2964.1488977798117 box 0
1488.3977976586784 2971.1462943274114 1489.7974623581053 2560.5175386710066 1100.2272385809456 2559.1896538537408 1098.8275738815187 2969.8184095101456 box 0
1094.7488188488437 2970.2258743539705 1095.2153062260054 2559.6438315407568 701.0189751880213 2559.1959609731775 700.5524878108598 2969.7780037863913 box 0
686.2167120468787 2570.1046554387763 687.5923479936357 2164.251145146772 299.2678439605065 2162.934923571233 297.8922080137495 2568.788433863237 box 0
700.2181488365218 2975.564517587677 694.8367899776554 2570.8056358648128 301.30003105697176 2576.0377941188653 306.6813899158383 2980.7966758417297 box 0
