1930.1347188896339 3167.583909104755 2535.0075445832686 2495.597464986787 2346.702679639419 2326.099260450909 1741.8298539457842 2998.0857045688767 box 0
108.3366023699578 2035.2268330930265 914.9666322263547 1133.9638021305134 721.0330124952716 960.3932948538765 -85.59701736112521 1861.656325816389 box 0
492.090082377145 2395.821074275296 1315.439405123749 1494.7390798071067 1124.8205128205127 1320.5641025641025 301.4711900739086 2221.646097032292 box 0
296.64019102144505 2215.930941231337 1109.4358974358975 1320.5641025641025 918.6516835313266 1147.3740946070138 105.85597711687404 2042.7409332742482 box 0
706.871794871795 2571.846153846154 1519.7285650327317 1664.0510401298814 1322.2564102564102 1487.2307692307693 509.39964009547333 2395.0258829470417 box 0
1101.7435897435898 2902.6153846153848 1923.8669518706997 2005.9247369627928 1725.1881944708948 1823.7677707399814 903.0648323437846 2720.4584183925726 box 0
1306.871794871795 3061.5897435897436 2122.5362948429415 2174.8421789866925 1932.5128205128203 2000.0512820512822 1116.8483205416737 2886.798846654333 box 0
906.5058726718026 2726.489604826074 1714.5641025641025 1833.3846153846155 1526.4393563580495 1663.174224427925 718.3811264657488 2556.2792138693826 box 0
-52.40470589068593 1830.6158311624695 701.2422297265941 963.1095020628132 501.74358974358995 789.7948717948718 -251.90334587369009 1657.301200894528 box 0
1605.9623148373262 3143.771925317329 2348.005922869594 2342.286637146565 2148.6034970828396 2157.672773779351 1406.5598890505717 2959.1580619501146 box 0
