2723.5964106480164 1449.2423257984792 3876.688230103376 1413.5528863998047 3871.372470577569 1241.805755408796 2718.2806511222093 1277.4951948074704 box 0
2733.8196671836286 2567.2834356909516 3885.630821651097 2529.4284437534952 3879.9326597817035 2356.0508767480133 2728.121505314235 2393.9058686854696 box 0
2698.046879839523 1267.243996287049 3865.424126918406 1222.696240026662 3858.6451565984653 1045.052821492492 2691.2679095195826 1089.600577752879 box 0
2724.404642876018 2387.770492383214 3893.669966123966 2340.8670956692927 3886.2829883495674 2156.7154657161514 2717.0176651016195 2203.6188624300726 box 0
2725.5135182611107 1633.3391194477167 3884.9527581512216 1603.9076475187512 3880.6089213140845 1432.7842020854864 2721.1696814239735 1462.215674014452 box 0
2719.310924534124 2745.833567840736 3886.3515896040135 2716.4172601910855 3882.2355781514225 2553.1216895750354 2715.194913081533 2582.537997224686 box 0
2729.7960699719624 1814.473382861936 3910.273450776541 1794.6328783041427 3907.4077416735454 1624.1279011651636 2726.930360868967 1643.968405722957 box 0
2709.4358974358975 2010.3076923076924 3909.214580844874 1980.8723503552835 3904.554529965104 1790.9296033612268 2704.7758465561274 1820.3649453136354 box 0
2733.3192599265917 2187.790352907669 3885.015790500692 2159.5165237786637 3880.7695042053942 1986.5497433752903 2729.0729736312937 2014.8235725042955 box 0
2714.3719313949796 2933.0860143025466 3909.1349586241386 2912.218553679053 3906.019418397501 2733.8388102213794 2711.256391168342 2754.706270844873 box 0
