940.1680615799306 853.5156861725288 950.5064907413947 3.6627613323306605 783.6734034164073 1.633243041948731 773.3349742549432 851.4861678821468 box 0
1109.7149044958867 864.6552370584249 1119.9771659216683 15.514272563457498 957.0564581902706 13.54530043241999 946.7941967644892 862.686264927387 box 0
764.8550168788906 866.360542941969 775.5481613681961 1.5220001062588722 611.4427173816684 -0.5070528754408201 600.749572892363 864.3314899602693 box 0
592.8683298432941 871.1877777600055 606.2550075568299 0.4939960418946612 435.30475918411076 -2.1343170666459628 421.9180814705748 868.5594646514646 box 0
1284.540454504478 866.6792147607491 1290.1427945281816 16.686507382249488 1124.1766570830464 15.59261713317187 1118.5743170593428 865.5853245116714 box 0
1460.0778049378378 869.8551594649563 1467.3344259608243 -2.0153037277951853 1297.5151592345255 -3.428717890859616 1290.258538211539 868.4417453018918 box 0
1628.8709489979292 865.4270926537804 1635.107301501906 -0.2012125920613812 1471.8399545512652 -1.377459627657288 1465.6036020472884 864.2508456181845 box 0
412.6675058300654 870.1545451340298 431.753349124478 8.800886632968627 267.99830952332815 5.172408372440032 248.91246622891558 866.5260668735011 box 0
1801.6622253132539 864.5459662406766 1813.9007665882207 9.13133209864418 1648.7304237651153 6.768216040817492 1636.4918824901486 862.1828501828498 box 0
1991.4871794871797 900.051282051282 1993.8864348542318 29.377235202966677 1810.8847243997386 28.872950232515283 1808.4854690326858 899.5469970808307 box 0
