3514.142857142857 365.71428571428567 3377.0 618.5714285714286 2339.857142857143 1.4285714285714284 2888.4285714285716 1.4285714285714284 box 0
3361.285714285714 629.9999999999999 3215.5714285714284 881.4285714285714 1884.1428571428569 91.42857142857142 2311.285714285714 1.4285714285714284 box 0
3204.142857142857 895.7142857142857 3061.285714285714 1148.5714285714284 1729.8571428571427 341.4285714285714 1875.5714285714284 91.42857142857142 box 0
3044.1428571428573 1151.4285714285713 2909.8571428571427 1411.4285714285713 1572.7142857142856 612.8571428571428 1721.2857142857142 345.71428571428567 box 0
1568.4285714285713 618.5714285714286 1425.5714285714284 864.2857142857142 2754.1428571428573 1674.2857142857142 2892.714285714286 1418.5714285714284 box 0
1421.2857142857142 882.8571428571428 1264.142857142857 1135.7142857142856 2591.285714285714 1924.285714285714 2745.5714285714284 1685.7142857142856 box 0
1261.2857142857142 1147.142857142857 1124.142857142857 1378.5714285714284 2441.285714285714 2191.428571428571 2591.285714285714 1947.1428571428567 box 0
1112.7142857142856 1399.9999999999998 971.2857142857143 1637.1428571428569 2292.714285714286 2462.8571428571427 2438.4285714285716 2210.0 box 0
2271.285714285714 2468.5714285714284 2134.1428571428573 2724.285714285714 815.5714285714287 1909.9999999999998 965.5714285714287 1651.4285714285716 box 0
2122.714285714286 2734.285714285714 1966.9999999999998 2988.5714285714284 658.4285714285716 2172.8571428571427 809.8571428571429 1917.1428571428569 box 0
