1154.1265726062527 1792.4651717625427 1155.3065773206208 1588.847115145498 -8.512820512820326 1582.102564102564 -9.692825227188573 1785.7206207196089 box 0
1166.9191569392149 1992.5457851047136 1168.240301614505 1789.7000157247612 1.7435897435898369 1782.102564102564 0.4224450682998362 1984.9483334825163 box 0
1164.989853485111 972.4915711678254 1168.7012463307317 784.5644319118584 -7.540215309146861 761.3347155295622 -11.25160815476731 949.2618547855292 box 0
1164.5711561496396 1168.9272376032309 1168.0903556813691 981.1889616686491 4.701699036822775 959.3809590367838 1.1824995050930187 1147.1192349713656 box 0
1139.1755710960633 1577.8242972453995 1139.8061829846665 1373.2762084945698 6.778087002989473 1369.7831375408832 6.147475114386175 1574.331226291713 box 0
0.6948521572219306 2532.787215651229 1153.6657954431716 2537.0314886338897 1154.3775639918185 2343.6771831290066 1.4066207058692726 2339.432910146346 box 0
1176.1025641025644 2146.2051282051284 1178.5629355599383 1988.4071186350684 -4.826059111168092 1969.9558307297764 -7.286430568542045 2127.7538402998357 box 0
1156.9551735310233 771.3894025521341 1159.766622738653 581.8093741394471 0.6443223567330256 564.6197286887104 -2.167126850896691 754.1997571013976 box 0
2.827625925994133 2325.990813166199 1168.4102564102564 2335.948717948718 1169.9906896658756 2150.9574379935984 4.4080591816132255 2140.9995332110802 box 0
1144.1498335913145 1366.2421549408832 1145.3154168686672 1176.188302377525 2.1372875456675473 1169.1772931682794 0.9717042683148094 1359.2311457316378 box 0
