3421.8307851057125 232.894259685948 1873.5968968408831 248.37711466720305 1871.1304347826087 1.7391304347826084 3419.3643230474377 -13.743724546472443 box 0
1873.405564816566 262.30541969435524 3424.5002623529635 246.7939556667433 3427.4425236233533 541.0102751028228 1876.3478260869565 556.5217391304348 box 0
1876.895387981853 573.0268281165494 3433.152523946438 557.463737983774 3436.083222921107 850.5238663889635 1879.8260869565217 866.086956521739 box 0
1882.7647846775978 876.0027623316229 3429.6439592352044 860.5334549390294 3432.5395631484894 1150.0841941901158 1885.6603885908828 1165.5535015827093 box 0
1886.2258067053137 1175.1637183453936 3439.1916334393695 1159.6335424020704 3442.1220193816425 1452.662368611128 1889.156192647587 1468.1925445544512 box 0
1889.6910460529575 1475.168131315865 3443.526394526506 1459.629259865295 3446.4828669905205 1755.2666512928304 1892.647518516972 1770.8055227434008 box 0
1891.4345242413638 1784.5159356638721 3445.2698727149123 1768.977064213302 3448.2176496716797 2063.744933901344 1894.3823011981312 2079.283805351915 box 0
1892.3433279361134 2088.885304868403 3450.5262851071257 2073.302955881597 3453.395802498669 2360.2451299142053 1895.2128453276569 2375.8274789010115 box 0
1901.565217391304 2385.2173913043475 3455.478260869565 2385.2173913043475 3455.4782608695655 2686.95652173913 1901.5652173913045 2686.95652173913 box 0
1903.304347826087 2698.260869565217 3452.869565217391 2698.260869565217 3452.869565217391 3001.739130434782 1903.304347826087 3001.739130434782 box 0
