2386.5561798448634 2605.053892862777 2458.548954475932 1868.4162995196275 1806.02147215998 1804.6437410736899 1734.0286975289116 2541.2813344168394 box 0
1680.952380952381 2528.5714285714284 1771.3792557020663 1803.383434435457 1134.082990689515 1723.916165257354 1043.6561159398304 2449.1041593933255 box 0
3090.8514502095964 2646.5769538906857 3160.286541930977 1915.4711379302073 2505.22152532451 1853.2578460665898 2435.7864336031294 2584.363662027067 box 0
2479.8605490836044 1843.4357329144325 2543.7180859228283 1109.759752312645 1898.7781717598589 1053.6256066997996 1834.9206349206347 1787.3015873015872 box 0
2074.780103092128 1051.7969393099809 2139.177629692134 418.2031577153753 1613.5862642479603 364.78283554658657 1549.1887376479535 998.3766171411921 box 0
1525.3968253968253 996.8253968253969 1595.3330359663034 378.2262398661771 1082.7632542543183 320.2772630819685 1012.8270436848403 938.8764200411881 box 0
3144.172931685455 1894.2637928287918 3211.726402521201 1169.5875330432327 2574.2812660074164 1110.1656451900071 2506.72779517167 1834.8419049755662 box 0
1790.4761904761904 1785.7142857142858 1877.2197284914937 1064.1905789731754 1246.0273077499435 988.3069132917492 1159.2837697346404 1709.8306200328595 box 0
2617.223952245807 1083.5165289549966 2682.2486862263254 453.3870115066341 2153.2774843691827 398.801072058187 2088.2527503886645 1028.9305895065495 box 0
1002.3061651289789 940.5705993079641 1072.1937691590715 332.7470597033204 565.189199441639 274.4516296959422 495.3015954115464 882.2751693005857 box 0
3169.84126984127 1130.1587301587304 3240.591846553918 510.26137004168265 2703.696425621053 448.9840310670376 2632.945848908406 1068.8813911840853 box 0
3713.3892522873375 1170.7275215728464 3768.45061188495 548.5910206781759 3243.710858048239 502.1496300193475 3188.6494984506267 1124.286130914018 box 0
4246.812549777946 2429.2492361881277 4257.473596890717 1548.319267701461 3709.657130523782 1541.6895725315687 3698.9960834110116 2422.6195410182354 box 0
