1866.1348393105939 3197.3132288992892 2394.8453608247423 2393.773195876289 2157.576500895592 2237.655843265659 1628.8659793814434 3041.19587628866 box 0
2214.4896634015613 3187.522501717503 2628.8659793814436 2551.505154639175 2396.5640861395623 2400.1564482573226 1982.1877701596802 3036.173795335651 box 0
1517.1730528886892 3185.1298806877817 2151.9131604555632 2228.2111103113302 1924.3679127689534 2077.2765697169284 1289.6278052020793 3034.19534009338 box 0
1263.1133323474896 3057.747873140338 1915.892541898862 2073.6337907237016 1682.6761167678676 1918.9374639751168 1029.8969072164948 2903.0515463917527 box 0
1023.9999302856338 2888.737563861987 1676.7791398370061 1904.623481445351 1443.5627147060118 1749.9271546967661 790.783505154639 2734.041237113402 box 0
794.4137233890822 2733.8640006435962 1447.1929329404543 1749.7499182269603 1213.9765078094601 1595.0535914783754 561.1972982580874 2579.1676738950114 box 0
551.0344130442547 2570.944460413711 1203.8136225956277 1586.8303779970752 970.5971974646332 1432.1340512484903 317.8179879132599 2416.2481336651263 box 0
316.8505049982776 2409.174345471183 969.6297145496508 1425.060263054547 736.413289418656 1270.3639363059622 83.63407986728276 2254.478018722598 box 0
81.51717166494424 2246.2548052412985 734.2963812163171 1262.140722824662 501.0799560853227 1107.444396076077 -151.69925346605058 2091.558478492713 box 0
-0.7793401593979317 1836.3286721100897 481.54022988505756 1109.1954022988505 251.60882232553138 956.6780822446925 -230.71074771892407 1683.8113520559316 box 0
