636.5192307692308 1031.7307692307693 351.90384615384613 1031.7307692307693 351.90384615384613 0.0 636.5192307692308 0.0 box 0
946.1346153846154 1028.0769230769229 643.25 1028.0769230769229 643.25 5.000000000000114 946.1346153846154 5.000000000000057 box 0
1251.9038461538462 1021.1538461538461 954.7884615384615 1021.1538461538461 954.7884615384615 0.9615384615384615 1251.9038461538462 0.9615384615384615 box 0
1555.8050358792277 1012.9218276947882 1260.6274876793084 1015.8737015732393 1250.5026564284647 3.424326151365676 1545.680204628384 0.47245227291455194 box 0
1570.4399635609193 1010.8688699227981 1864.6560213758225 1007.9266112687067 1854.5215749006193 -5.484254538182768 1560.3055170857156 -2.5419958840914205 box 0
2172.2518162506144 993.6242086204636 1863.6134026604707 996.7106956399515 1853.6712606724627 2.5296375333825267 2162.309674262606 -0.5568494861054774 box 0
2478.9684030274557 991.7492799339692 2179.9448932874725 994.7396147098594 2170.031596972544 3.443027758338417 2469.055106712527 0.452692982448184 box 0
2774.6751829148707 986.1822845788017 2477.574653944919 989.1533889059724 2467.7863555466674 10.356176959659763 2764.886884516619 7.385072632489084 box 0
3082.5596540699185 980.191900444184 2779.690182789871 983.2206961175133 2769.9018843916197 4.423484171200585 3072.771355671667 1.3946884978712433 box 0
3094.2957117982833 980.2880526876216 3387.550279228171 977.3554092578898 3377.781211278639 0.4811780816092437 3084.5266438487515 3.4138215113408137 box 0
