2286.4341265016737 1114.1070534610208 2437.9328481846965 969.2847185002927 1876.5828338325553 382.0561697121691 1725.0841121495328 526.8785046728971 box 0
2447.7223540033415 968.9111718496657 2603.588785046729 820.3364485981308 2037.025309548061 225.96733282323132 1881.1588785046729 374.5420560747663 box 0
2138.9964423574856 1268.2491087436172 2281.6929138581254 1130.3627615586927 1708.9020789772753 537.590288329094 1566.2056074766356 675.4766355140187 box 0
3189.7387512513933 1403.2597348986767 3336.2990654205605 1262.392523364486 2766.1859917755864 669.2385148812814 2619.6256776064197 810.1057264154723 box 0
2610.241856321327 810.0302120931103 2762.467289719626 662.3925233644859 2191.598931671349 73.7848042541703 2039.3734982730502 221.4224929827946 box 0
3029.5364053886465 1563.2357680172104 3183.96261682243 1415.663551401869 2614.8734207463026 820.1429952052627 2460.4472093125187 967.7152118206036 box 0
2880.2242990654204 1708.1869158878503 3026.6819836264667 1563.50550016389 2447.791633566245 977.5080528738251 2301.3339490051985 1122.1894685977857 box 0
2722.2803738317757 1854.9158878504672 2863.501502257979 1718.1139573847568 2293.487977039731 1129.6869302552254 2152.266848613528 1266.4888607209361 box 0
2760.816336963918 641.7862226499035 2908.2616822429904 498.84112149532706 2337.5257393383263 -89.86291582425386 2190.0803940592546 53.082185330322226 box 0
3338.4771059144023 1243.1140729851625 3487.700934579439 1102.5794392523364 2927.6693266148786 507.9213219316925 2778.445497949842 648.4559556645185 box 0
