2271.428571428571 1867.1428571428567 2357.977278856492 1155.2648625738552 1713.032653829679 1076.8537807810394 1626.4839464017582 1788.7317753500408 box 0
2951.428571428571 1941.4285714285716 3022.1236829304435 1221.7171233748725 2380.0602757496754 1158.6491476122726 2309.365164247803 1878.3605956659715 box 0
1826.1928367828066 1061.0775889102135 1891.2810186206063 436.4866387575267 1378.6289851929016 383.06353238190087 1313.5408033551018 1007.6544825345877 box 0
1584.2857142857142 1797.1428571428569 1677.1381202421862 1087.5178269529667 1045.062974084949 1004.8126015605038 952.2105681284771 1714.437631750394 box 0
2913.7771613839664 1161.8443419703808 2967.241523613526 529.4864900523285 2439.186243462225 484.84066381706026 2385.721881232665 1117.1985157351126 box 0
3676.007413245098 1984.1655953083937 3742.1714593478264 1253.5246080887698 3087.3022092742585 1194.2221599493491 3021.1381631715303 1924.863147168973 box 0
2372.408491419557 1109.642206973996 2434.8717300023495 484.14526192706325 1906.786740426844 431.40975465232935 1844.3235018440514 1056.906699699262 box 0
3452.854447818335 1186.8448792684017 3516.6454853114224 552.2373214296416 2992.529213833276 499.5529177984222 2928.738176340188 1134.1604756371826 box 0
772.1659135600858 906.5205832283402 844.4435736105737 211.93782786883202 212.90856220514252 146.22085964275362 140.6309021546545 840.8036150022617 box 0
1621.4285714285713 2447.142857142857 1696.4463274974696 1913.9172641277714 830.7932645718996 1792.1313799438371 755.7755085030014 2325.356972958922 box 0
937.0731450861235 1701.6022772734834 1025.7160882609978 984.2024976418948 400.06074991596915 906.8956288936832 311.4178067410948 1624.2954085252718 box 0
3995.45632907535 1234.5036606147605 4047.3369929154974 613.3361664955696 3520.8363840899333 569.3621959373636 3468.955720249786 1190.5296900565545 box 0
749.9999999999999 2350.0 848.5127405050061 1723.977818120027 144.5846671744423 1613.2055713380455 46.07192666943597 2239.2277532180183 box 0
1304.8108877662062 956.3679286068934 1378.0705184964268 331.6782133115448 860.0791045934998 270.93147973356076 786.8194738632792 895.6211950289094 box 0
3986.288081879092 2957.232012735278 4024.343772714228 2061.2341521203793 3499.9662020259375 2038.962278951734 3461.910511190801 2934.9601395666327 box 0
2862.8571428571427 2667.142857142857 2939.037226780774 2167.9479655772247 2034.6530641995898 2029.9336097240264 1958.4729802759582 2529.1285012896583 box 0
