2287.5826152828536 2236.444007625747 2339.109071068018 1511.8910331321756 1703.1746031746031 1466.6666666666667 1651.6481473894391 2191.219641160238 box 0
1630.925962946105 2200.0125962277725 1676.4369401869155 1479.1537149893857 1030.616194036317 1438.380223749034 985.1052167955066 2159.239104987421 box 0
2948.466644695084 2304.084109671674 3006.1783470757505 1582.3080861298267 2353.968253968254 1530.1587301587301 2296.256551587588 2251.9347537005774 box 0
3609.120386851027 2359.166439953853 3665.164640528513 1629.6202272041373 3023.7673328755363 1580.3476344746446 2967.7230791980496 2309.8938472243603 box 0
2892.946594255207 3069.6919965125467 2957.295218361432 2345.403654078405 2310.1023489767695 2287.9044949226713 2245.7537248705444 3012.192837356813 box 0
1539.0079580993436 1417.9321299427381 1581.4927776697652 778.2350165076296 1075.1205483703832 744.6048306815076 1032.6357287999617 1384.3019441166161 box 0
2597.383609457597 1472.1222657124354 2635.478397153776 843.200476060021 2113.3329142850794 811.5732981761143 2075.2381265889003 1440.4950878285288 box 0
2073.8840563915255 1441.313365869883 2112.35514481638 807.2995047926324 1593.7480151371888 775.8311379816153 1555.2769267123347 1409.844999058866 box 0
3126.58110929029 1532.0563610052257 3163.2941176470586 908.2352941176471 2645.6076374510403 877.768499899798 2608.894629094271 1501.5895667873765 box 0
2077.777777777778 3007.936507936508 2123.6142350409086 2266.5740108993423 1478.0149506480645 2226.6583365478014 1432.1784933849335 2968.0208335849675 box 0
3661.2774501396293 1550.3507049116806 3682.3142804349877 920.2612760179413 3164.149687123052 902.9612863423408 3143.112856827693 1533.0507152360801 box 0
