1925.265943413734 2439.29983422959 2077.4205607476633 2297.9065420560746 1520.1352664073506 1698.2067302565208 1367.9806490734213 1839.6000224300358 box 0
1024.0683584393394 2140.959368037223 1176.4859813084113 1998.841121495327 622.8727839687061 1405.107314748781 470.4551610996346 1547.2255612906772 box 0
869.517780521641 2298.154723673024 1026.018691588785 2153.9813084112157 472.72065298438616 1553.3737208333819 316.2197419172423 1697.5471360951908 box 0
1196.1274023318897 1989.1425917906556 1350.3177570093458 1843.7009345794388 787.6287198677845 1247.164674792633 633.4383651903283 1392.606332003849 box 0
1462.866691285322 2897.107006180075 1611.0654205607477 2753.0467289719627 1042.1294195232856 2167.7667751440936 893.93069024786 2311.827052352206 box 0
1766.3355735423145 2588.8755681502184 1923.4024907224425 2442.10173247998 1367.4115713279086 1847.1198047360826 1210.3446541477806 1993.893640406321 box 0
717.6074766355141 2444.6355140186915 868.884886470138 2305.1417676807127 317.54063402357747 1707.2229890478793 166.2632241889536 1846.7167353858586 box 0
1357.2394986728327 1831.9539077338636 1504.9637372207876 1687.9345866056472 928.8224299065421 1096.9719626168223 781.0981913585874 1240.9912837450393 box 0
1608.0662429604588 2735.4459727385906 1756.8598130841121 2593.233644859813 1195.487146180274 2005.8820099884758 1046.6935760566205 2148.0943378672528 box 0
1303.77333503132 3047.638454867904 1449.820685767891 2904.1684459092676 876.7389395216185 2320.791673284355 730.6915887850469 2464.261682242991 box 0
