-4.401733135136396 895.1268488552801 720.0180315247634 878.7428348569379 714.385358165654 629.693980917669 -10.034406494245786 646.0779949160112 box 0
8.457405592084285 2743.5110105867 777.02208853103 2719.0126211176607 769.1253830660578 2471.2767877226256 0.560700127111943 2495.775177191665 box 0
7.412699832781013 2223.1134284532354 753.0256410256412 2202.6153846153848 745.9838369527531 1946.4709306556026 0.37089575989278956 1966.9689744934533 box 0
7.001736971542392 1682.6546241589422 742.7692307692308 1661.5897435897436 735.7422158619889 1416.1457150705164 -0.02527793569959158 1437.2105956397147 box 0
-2.5772225705395044 634.8803966141527 719.6041369723685 621.0947678541734 714.623501810194 360.1765365981274 -7.557857732713899 373.96216535810686 box 0
10.185769317303652 1956.2134813461566 756.5078559876854 1932.7813849011004 748.3574627421751 1673.18794611356 2.0353760717933937 1696.6200425586162 box 0
-9.941800558744092 1424.4598912320412 747.0456455563462 1406.2293778800072 740.9370693804603 1152.5823527254784 -16.050376734629992 1170.8128660775124 box 0
-0.05657512086509087 3016.988946942621 792.2888690740552 2994.1970505220875 784.7646715125917 2732.6232196724 -7.580772682328643 2755.4151160929337 box 0
-6.1392874715409675 2485.65948889079 761.5227157718352 2468.7064666862098 755.5897435897438 2200.051282051282 -12.072259653632315 2217.0043042558623 box 0
-6.782121614549055 1161.035860380167 732.5475439599262 1148.8205973650574 728.4400173703168 900.2122574482023 -10.889648204158448 912.4275204633117 box 0
