1382.9680913243703 3053.012733941879 1419.491525423729 2339.8305084745766 1206.1360459753275 2328.904163825052 1169.6126118759692 3042.086389292354 box 0
1603.5845476152354 3050.637491276149 1638.1355932203392 2355.084745762712 1424.23780135664 2344.459538099908 1389.6867557515366 3040.012283613345 box 0
2253.2836965098936 3076.9953027643837 2296.30256008185 2382.758325225377 2082.2033898305085 2369.491525423729 2039.1845262585518 3063.728502962734 box 0
1169.7007015650204 3051.3667875120896 1203.1193446403738 2328.60233447414 988.7535626522921 2318.6906495182498 955.3349195769383 3041.455102556199 box 0
2472.5704812293925 3049.6603046535024 2515.2542372881358 2397.4576271186443 2300.3108747028114 2383.3905428041253 2257.627118644068 3035.5932203389834 box 0
1817.8523500439685 3052.333673219964 1851.6949152542375 2364.406779661017 1641.6027633418785 2354.0712957341184 1607.7601981316097 3041.9981892930655 box 0
2039.0923115219498 3051.0768616178634 2076.9928745322486 2373.1868397615835 1859.322033898305 2361.0169491525426 1821.4214708880063 3038.9069710088215 box 0
511.7542341658003 3047.1462228664295 550.4406809500719 2299.7530228736914 342.37288135593224 2288.983050847458 303.6864345716607 3036.376250840195 box 0
955.8117394231288 3058.7027144650633 995.7074451241485 2316.1639300055826 773.728813559322 2304.237288135593 733.8331078583025 3046.7760725950734 box 0
729.2010200867577 3051.2039957921825 770.0488834740788 2309.150825911481 557.6271186440679 2297.4576271186443 516.7792552567468 3039.5107969993464 box 0
