1529.063373398148 1814.94220313394 2236.366622226589 429.3869742581577 1973.333931136764 295.11309395468277 1266.0306823083233 1680.668322830465 box 0
1261.1838067052734 1680.7410246019003 1952.8639749024862 309.81420632339507 1683.0355429651365 173.67639597610253 991.3553747679236 1544.6032142546078 box 0
2340.818948549077 2231.0718768130973 3052.882685908818 831.6651146450646 2783.196522337153 694.4400113094613 2071.132784977412 2093.846773477494 box 0
2617.9340057303675 2351.140168016822 3331.8465862646112 957.4339828639199 3067.4841430733436 822.0168655219964 2353.5715625391 2215.7230506748983 box 0
3180.0191921634205 2603.0957564493096 3878.3780414213506 1234.6854287274755 3609.5674624996655 1097.4997887472236 2911.2086132417353 2465.910116469058 box 0
2905.485844897126 2465.6682035127546 3600.052168857515 1097.2709487519178 3330.4385416995533 960.4214006742568 2635.872217739164 2328.8186554350937 box 0
720.7973581347271 1405.5870491021926 1416.4439543473243 33.82665745064969 1143.421639439125 -104.62831268251487 447.77504322652806 1267.132078969028 box 0
1796.941873399633 1945.4320594833814 2509.4145777364515 547.6101667987873 2246.561503370386 413.6334121657888 1534.0887990335677 1811.4553048503826 box 0
991.1351347785996 1548.0612474016727 1675.6631774423702 161.25985528824822 1413.0693600791885 31.64300255255057 728.541317415418 1418.4443946659753 box 0
2076.539562121126 2087.533444804891 2763.1402316082854 711.4769490831048 2496.414372357634 578.3907319834387 1809.8137028704746 1954.447227705225 box 0
