-5.513459505595807 1679.5528827263513 660.1694915254237 1672.8813559322034 657.9353847185959 1449.962845975487 -7.747566312423658 1456.6343727696346 box 0
-5.452733642113174 977.940205373085 665.8327546028377 974.0545046769465 664.5450053887324 751.5856560631448 -6.740482856218364 755.471356759283 box 0
-23.756196117598318 1916.9748515831238 666.9491525423729 1906.7796610169494 663.7072452656246 1687.1464249949586 -26.99810339434663 1697.3416155611324 box 0
-27.76263787251503 1208.064205290581 657.5644293827063 1208.3767407148723 657.6645264127508 988.8841689630311 -27.66254084247072 988.5716335387399 box 0
-4.1358417958215625 754.7534486561193 668.6440677966102 742.3728813559322 664.3695318762459 510.0877347771644 -8.410377716185792 522.4683020773515 box 0
-7.33337024060742 1442.9442139796527 666.949152542373 1435.5932203389832 664.5949724258003 1219.6520039970103 -9.687550357180157 1227.0029976376793 box 0
-65.33022435174773 2145.9406616301535 661.0169491525425 2146.6101694915255 661.2300014472142 1915.470341310508 -65.117172057076 1914.8008334491358 box 0
-14.952264393589795 2636.421907939447 669.4915254237288 2615.2542372881358 662.7628270654936 2397.6858576250256 -21.680962751825064 2418.853528276336 box 0
-33.538908022934955 2405.1672469355353 663.5505367606735 2383.820720644339 656.7796610169491 2162.7118644067796 -40.3097837666592 2184.0583906979764 box 0
-55.17211488031209 2869.0163465072155 661.0169491525425 2858.4745762711864 657.7210346862721 2634.5560271205986 -58.46802934658251 2645.097797356628 box 0
