1652.0783557710497 601.596975456831 1674.7318394447284 8.686295867602439 1490.9488350095899 1.6644535669115612 1468.2953513359112 594.5751331561402 box 0
1462.4055239223264 581.948720276363 1484.8722452328113 9.484338104264054 1305.0765141941285 2.4281426310466827 1282.6097928836436 574.8925248031455 box 0
1838.6150774319456 617.0540177198517 1857.5978204855508 7.214939877626989 1674.0151487033083 1.5004771379364001 1655.0324056497032 611.3395549801611 box 0
1276.2722618206585 573.1775553592987 1295.5966299170518 0.8959718191263163 1118.262668980733 -5.092106140548708 1098.9383008843397 567.1894773996237 box 0
2763.23928765848 656.4806999632601 2786.1542601525052 8.638074044563837 2603.026834778043 2.160636859249621 2580.1118622840177 650.0032627779459 box 0
2022.7062810910077 617.316010704099 2039.664950849007 2.730185333081238 1860.5353059756428 -2.212656440793296 1843.5766362176435 612.3731689302244 box 0
2405.719776548502 634.9530637954642 2415.4910086875166 8.492302228045446 2235.212379060629 5.680403306586527 2225.4411469216143 632.1411648740053 box 0
2579.087173024762 654.7371260253981 2598.7135567915193 10.2657580597118 2424.5428585609316 4.9616574676438745 2404.916474794174 649.4330254333302 box 0
2208.619769056106 629.6462074431014 2226.0232909982083 0.3449255859512732 2048.422979967331 -4.5666660460067305 2031.0194580252285 624.7346158111434 box 0
2949.714331567369 668.6341374699834 2965.6419262942277 12.504427254903476 2790.4431360839985 8.251464336657136 2774.5155413571397 664.3811745517371 box 0
