3208.6053877841973 2917.084997859639 3229.424567135849 1743.314813014168 3022.153225039289 1739.6384381144815 3001.334045687637 2913.4086229599525 box 0
1921.0652601827612 2929.452987526103 2142.769230769231 2930.8205128205127 2150.1479110137716 1734.584717701866 1928.4439404273019 1733.2171924074564 box 0
3433.5472016557737 2933.214366038237 3446.9501030971383 1734.3525646971962 3233.5759611860226 1731.9671082659618 3220.173059744658 2930.828909607003 box 0
2368.4102564102564 2933.3846153846152 2365.5158632878024 1736.5552013372312 2142.0155068232925 1737.0957110264353 2144.909899945746 2933.925125073819 box 0
2991.487179487179 2935.948717948718 3004.2094622094633 1745.4374841409838 2793.394880180216 1743.1846345765339 2780.6725974579326 2933.695868384268 box 0
3849.7216902348996 2928.5983115870986 3858.377363033697 1758.0865469845605 3661.607335033655 1756.6314766209089 3652.951662234858 2927.143241223447 box 0
3633.206497246618 2925.568802549917 3651.762020815936 1760.4972459289243 3450.7053084784793 1757.295114228647 3432.149784909161 2922.36667084964 box 0
1720.3535482956481 2929.9991918900923 1932.4298698782331 2927.7374353226646 1919.6923076923076 1733.3846153846155 1707.6159861097221 1735.6463719520427 box 0
2583.7948717948716 2930.8205128205127 2586.5674874156107 1740.7131026737152 2358.493538038102 1740.1817545035108 2355.720922417363 2930.289164650309 box 0
2783.7948717948716 2941.076923076923 2781.0362560909925 1731.010153186655 2571.8760214772415 1731.486980352056 2574.6346371811205 2941.553750242324 box 0
