3884.897196261682 2108.1869158878503 3898.6558754553284 1280.2455504349393 3686.062000388536 1276.7126783649733 3672.303321194889 2104.6540438178845 box 0
3670.4510577462997 1269.5800937674403 3674.6168224299063 446.50467289719626 3474.9070914042723 445.4938982787542 3470.7413267206657 1268.5693191489984 box 0
3666.2056074766356 2100.7102803738317 3672.9222531085634 1289.6376665670382 3461.747214726813 1287.8888861557975 3455.030569094885 2098.9614999625915 box 0
3455.237185954625 1277.2652947765712 3469.0093457943926 441.83177570093454 3254.038770439438 438.28797591670883 3240.266610599671 1273.7214949923455 box 0
3893.72008673755 1272.5727457458374 3893.308411214953 451.1775700934579 3689.204318911097 451.27986514138854 3689.6159944336937 1272.675040793768 box 0
3222.5668130292397 1280.3624586429476 3238.1682242990655 447.4392523364486 3034.3798270598363 443.6221098036496 3018.7784157900105 1276.5453161101484 box 0
3450.3177570093458 2101.644859813084 3448.336645897123 1287.7214173785785 3236.5004663428995 1288.2370322231768 3238.481577455122 2102.160474657682 box 0
3221.007279445207 2105.471018206869 3222.5187826842407 1289.462865629003 3020.6018009802856 1289.0888519982607 3019.0902977412525 2105.097004576126 box 0
3006.392523364486 1271.7383177570093 3020.6755820926473 449.96841476884134 2813.6152069189507 446.3695296209102 2799.3321481907897 1268.139432609078 box 0
3012.0 2107.2523364485983 3005.7195019702613 1275.297842779415 2798.885921671193 1276.8592477642273 2805.1664197009322 2108.813741433411 box 0
