1657.5350142261116 1051.9836210139727 1957.125759720637 767.0663841004213 1297.7500130871206 73.73215962567573 998.1592675925951 358.64939653922704 box 0
1353.4806907216093 1330.9601701556192 1648.2197616103217 1049.8955234279417 987.7396248301483 357.281549662496 693.0005539414361 638.3461963901734 box 0
1044.4135186412107 1623.0360096412649 1346.0672221513203 1338.4795631895513 687.1507033131351 639.972779421235 385.49699980302523 924.5292258729487 box 0
1971.7318318308312 2055.958711309727 2282.5967427701657 1773.3115473858384 1653.7732951222938 1081.710250787441 1342.9083841829593 1364.3574147113295 box 0
728.7578562080544 1908.472072687111 1034.5524122451511 1626.5008823298886 379.4451991737206 916.0445441341781 73.65064313662384 1198.0157344914005 box 0
1348.462619713938 2626.756287188919 1650.9128085202608 2355.947783085721 1022.2109722813013 1653.7874513669892 719.7607834749786 1924.5959554701876 box 0
1655.9630546637231 2339.0606665807145 1965.5976070820107 2061.2723727422554 1346.189252465183 1370.8536873621565 1036.5547000468955 1648.6419812006152 box 0
2285.8898843558627 1778.3846439327467 2594.6678349334343 1500.4203217128843 1963.621986982028 799.4201282535322 1654.8440364044563 1077.3844504733947 box 0
1048.1205433062794 2907.1510164136553 1347.5969987684273 2634.930969252171 702.9002368756053 1925.6830534105632 403.4237814134574 2197.903100572047 box 0
2601.4946273690834 1500.8131591057258 2899.5434949947035 1233.4240796391277 2264.8005012625085 525.8991841102167 1966.7516336368888 793.2882635768145 box 0
1978.921202531707 757.5824958561369 2259.751111107045 475.8147356203004 1595.0574321118474 -186.66653954967953 1314.2275235365096 95.10122068615699 box 0
410.07962264548934 2178.3082579564452 716.2215921405852 1903.9666745337418 85.75675659645398 1200.421320443213 -220.38521289864187 1474.7629038659165 box 0
