3884.193951732724 282.70913392920073 3887.3076774211345 46.13751645303442 2670.489492481143 30.121909504942305 2667.3757667927325 266.6935269811086 box 0
3860.709315836844 977.2081751304843 3862.596794307202 764.0650405774479 2677.9900425729215 753.5748141649123 2676.102564102564 966.7179487179486 box 0
3857.620747232353 2409.4421697190046 3859.419968109975 2180.1249230679136 2662.517169595572 2170.7340354001917 2660.7179487179487 2400.051282051282 box 0
3878.761309824804 521.7575565433708 3881.8307165597153 296.4774696542864 2679.940086354395 280.10189360616533 2676.870679619484 505.3819804952497 box 0
3891.82246951317 775.0723197915809 3897.4143557006955 553.7227212401431 2686.358974358974 523.1282051282051 2680.7670881714484 744.4778036796429 box 0
3869.7033323180653 1216.494074360275 3871.3303140738903 997.9045309497294 2695.678263807107 989.1540463330447 2694.051282051282 1207.7435897435898 box 0
3850.4615384615386 1935.948717948718 3852.7793588014315 1709.624705317239 2644.3836217558314 1697.2493316863151 2642.065801415938 1923.573344317794 box 0
3867.0952661029132 1462.0980714063003 3869.612664684081 1236.6727483667191 2676.05586011963 1223.3439077296493 2673.5384615384614 1448.7692307692307 box 0
3856.5419966448376 2168.2139014546465 3859.7987527938108 1956.33695926063 2647.4376541949437 1937.7017815874399 2644.1808980459705 2149.5787237814566 box 0
3852.658130291376 1686.3344555609374 3854.677203404672 1477.968144847042 2659.203232928839 1466.3839816338868 2657.184159815543 1674.7502923477823 box 0
