887.8635529214251 1168.8046141350517 921.7071143103291 465.09965267384075 298.3141496241981 435.1185679505536 264.4705882352938 1138.8235294117646 box 0
987.9999999999997 2329.4117647058824 1065.7784734435675 1616.617944714533 432.3588867387329 1547.5006107514587 354.58041329516504 2260.294430742808 box 0
1962.592013304979 1112.1274250327624 1988.1391135604983 493.8852706255252 1464.1658945624526 472.2335662544689 1438.6187943069333 1090.4757206617062 box 0
1422.649124994257 1109.8015163454836 1459.5028018989 483.3713316087863 943.9002993679253 453.03778686191396 907.0466224632822 1079.4679715986113 box 0
2496.7077011378415 1111.9140566298447 2528.2780294057575 489.4849151640313 1997.6136764256353 462.56900344400793 1966.043348157719 1084.9981449098213 box 0
3025.676225312659 1176.1893613367142 3062.1199752504103 544.8015287253895 2542.9721168199094 514.8362779616688 2506.528366882158 1146.2241105729934 box 0
3568.2644399212686 1270.7698423547413 3599.0475229450713 645.8253702230804 3065.2852678729205 619.5336778478954 3034.502184849118 1244.4781499795563 box 0
4119.793358669172 1283.5473584401843 4139.689451856626 656.2774251206324 3598.6363364602216 639.1160044443372 3578.7402432727686 1266.3859377638892 box 0
2695.0027994280813 2636.444762148997 2760.0735906616014 1748.8487370087144 2214.6034532416747 1708.8596288662322 2149.532662008154 2596.4556540065155 box 0
3268.1666447843786 2744.253786994996 3356.7922433951962 1846.3707512893427 2813.0961868461122 1792.705199588464 2724.470588235294 2690.5882352941176 box 0
295.74330109630637 2271.4960686919258 388.34591307751924 1547.597570311158 -31.578770201970737 1493.8799253733032 -124.18138218318367 2217.778423754071 box 0
1980.941176470588 2428.2352941176473 2043.7885118931758 1938.8448022810855 1152.9617064153886 1824.445172575995 1090.114370992801 2313.835664412557 box 0
233.88235294117615 1124.7058823529412 261.0151067894854 410.5152841326843 -36.601648891815586 399.2085514577427 -63.73440274012484 1113.3991496779995 box 0
