3903.5664027539524 1167.99076162849 3937.549620776699 542.708414794744 3418.520788670501 514.4999261801657 3384.537570647755 1139.7822730139114 box 0
2950.6315789473683 1891.2280701754385 3008.727538043691 1174.1028577712457 2359.402081010585 1121.4995124425725 2301.306121914263 1838.6247248467653 box 0
3645.955065400007 1941.0723975120088 3694.6285999400548 1218.6151970593667 3058.9542362944335 1175.7884135824454 3010.2807017543864 1898.2456140350873 box 0
3363.9874224686027 1159.9305676999834 3410.1613975101823 530.7172755088983 2885.2996224714752 492.20099684522955 2839.125647429896 1121.4142890363146 box 0
2827.5863990555367 1092.3441932270975 2883.6988795317066 454.06450608646907 2355.5773285140435 407.63625399328635 2299.4648480378737 1045.9159411339147 box 0
684.9279051959222 872.2183418718739 762.0613339513786 166.136133385199 128.90657200450232 96.96940303169066 51.773143249045916 803.0516115183652 box 0
2288.499145557354 1035.8564226674043 2345.179943481647 410.8713130858744 1820.9698330099366 363.32994468205294 1764.2890350856435 988.3150542635829 box 0
1211.8385666961485 913.4762072371584 1281.7838932164204 289.5481146168335 769.5713889007752 232.12664043435026 699.6260623805034 856.0547330546751 box 0
949.9684888075204 1639.4188722204685 1025.8158930513855 926.2844537735789 409.45954609869966 860.7301518126592 333.6121418548347 1573.8645702595488 box 0
1747.344502318651 1013.2412819868113 1803.2290343207685 394.0833460942631 1287.217865335451 347.5087307741186 1231.3333333333333 966.6666666666666 box 0
654.0606060606061 2426.9090909090905 1544.5409693298704 2396.9831948037963 1526.9602579907096 1873.848376559919 636.479894721445 1903.774272665213 box 0
3967.8682241956235 2973.1152639209517 4024.656227997497 2077.4960905968715 3499.265978380061 2044.1829767406693 3442.477974578187 2939.8021500647496 box 0
2017.9976416332381 1787.575601496941 2305.568472306092 1311.0597848607758 1431.5620800390186 783.6087843632808 1143.9912493661652 1260.1246009994459 box 0
1589.3535554948385 1753.3958079048273 1652.3859649122808 1071.9298245614034 1031.6779889337101 1014.5172460514704 968.6455795162678 1695.9832293948944 box 0
