11.993530650407365 1617.1686056599349 1156.382472910397 1540.7394733253134 1142.1508911177812 1327.647104789284 -2.2380511422084055 1404.0762371239055 box 0
20.89422467771442 1395.6078060934992 1150.4141858747814 1329.20327831117 1138.0834440844926 1119.4612704445867 8.563482887425607 1185.865798226916 box 0
52.558111342400935 2907.8273506613687 1250.1210549745454 2816.1004017777404 1234.2531744394594 2608.9335227517167 36.69023080731495 2700.660471635345 box 0
31.25873910320729 2256.5067691252143 1195.7329764865358 2182.623525891596 1182.3364051686433 1971.480085428008 17.862167785314796 2045.3633286616266 box 0
-2.738085944106615 1829.3342104666199 1156.9228183515902 1757.1786634853834 1143.9393873280787 1548.5131070382627 -15.721516967618072 1620.6686540194992 box 0
17.819251874190172 1180.7749415637754 1142.2924870247589 1116.2454683659253 1130.2660062282266 906.6752503154969 5.792771077657903 971.2047235133474 box 0
3.742833192807325 2038.4577506461123 1172.9151927093958 1971.6709281728754 1161.0923341198145 1764.6995682320612 -8.080025396773749 1831.4863907052982 box 0
17.353429607634098 964.6846051361604 1118.8538390746103 906.9152612343576 1107.703629489656 694.311835369821 6.203220022679716 752.0811792716238 box 0
43.16216108756862 2688.27370401664 1230.5144361459081 2605.0972623511 1216.0478669886031 2398.5854970331643 28.695591930263618 2481.761938698704 box 0
23.499832900852084 2469.228004157102 1203.1743509925327 2395.202193494113 1189.9698223268092 2184.774967492068 10.295304235128356 2258.800778155057 box 0
