2044.0677966101696 2730.5084745762715 2272.746483970886 2349.1690781450616 1692.356042946013 2001.1249855273797 1463.677355585297 2382.46438195859 box 0
2283.898305084746 2333.898305084746 2513.3607264609714 1947.3136616325635 1931.1234114189604 1601.719012729606 1701.6609900427347 1988.3036561817885 box 0
1453.3693691778292 2374.277088351404 1680.4974864631527 1992.140526556233 1099.1525423728815 1646.6101694915255 872.0244250875577 2028.746731286696 box 0
1685.730810966555 1984.836843560159 1919.944173698245 1593.191298881845 1338.9830508474577 1245.7627118644068 1104.7696881157674 1637.408256542721 box 0
2991.5254237288136 1134.7457627118645 3222.3094962219807 755.7935029517092 2637.037270017261 399.3594023445357 2406.253197524095 778.3116621046911 box 0
2522.8813559322034 1936.4406779661017 2754.2961367299504 1547.7608664459933 2170.846074554722 1200.382473632999 1939.4312937569744 1589.0622851531075 box 0
2403.6787978404855 775.3472990778893 2632.513041372692 388.17509267448196 2045.7339542651139 41.36520731077036 1816.899710732908 428.537413714178 box 0
2757.627118644068 1538.1355932203392 2993.94199488655 1150.7437704721356 2402.3988106664683 789.8934732733921 2166.0839344239866 1177.2852960215957 box 0
1926.3882971593919 1583.1321358467385 2159.6928616433233 1192.6456220688794 1576.271186440678 844.0677966101697 1342.9666219567468 1234.5543103880284 box 0
2167.057855259817 1175.1258148793206 2396.445954555716 782.32581850351 1809.5677300351672 439.5995413063995 1580.1796307392685 832.3995376822112 box 0
