527.7142857142858 2052.8571428571427 791.2857142857143 2042.142857142857 833.4285714285714 2769.285714285714 567.7142857142858 2786.428571428571 box 0
802.7142857142858 2040.7142857142856 1065.5714285714284 2024.285714285714 1107.7142857142856 2750.7142857142853 847.0000000000001 2771.428571428571 box 0
1070.5714285714284 2026.4285714285713 1338.4285714285713 2012.8571428571427 1382.0 2739.285714285714 1117.7142857142856 2754.285714285714 box 0
1343.4285714285713 2011.4285714285713 1610.5714285714284 1998.5714285714284 1656.9999999999998 2727.8571428571427 1391.2857142857142 2742.8571428571427 box 0
1619.142857142857 1999.9999999999998 1886.2857142857142 1977.1428571428569 1926.9999999999998 2708.5714285714284 1665.5714285714284 2724.9999999999995 box 0
1891.2857142857142 1981.4285714285713 2160.5714285714284 1965.7142857142856 2201.285714285714 2692.8571428571427 1939.8571428571427 2710.7142857142853 box 0
2164.857142857143 1967.8571428571424 2432.0 1949.9999999999998 2479.1428571428573 2678.5714285714284 2212.714285714286 2693.5714285714284 box 0
2448.4285714285716 1957.1428571428569 2707.714285714286 1943.5714285714287 2751.285714285714 2662.8571428571427 2489.8571428571427 2680.7142857142853 box 0
2722.0 1938.5714285714284 2986.285714285714 1924.285714285714 3026.285714285714 2646.428571428571 2760.5714285714284 2664.9999999999995 box 0
3000.5714285714284 1918.5714285714284 3259.142857142857 1904.285714285714 3303.4285714285716 2629.285714285714 3035.5714285714284 2644.9999999999995 box 0
