2938.588235294117 1938.8235294117649 3014.2137662651035 1214.7969807636596 2376.90173478279 1148.2288958432366 2301.276203811804 1872.2554444913424 box 0
3655.0588235294117 1965.8823529411766 3712.869102364607 1234.3012563189054 3067.359122138534 1183.2924042311938 3009.548843303338 1914.873500853465 box 0
3448.2538970522296 1176.5774086119532 3507.9128135250667 540.3546825009411 2984.831437007541 491.305085764734 2925.1725205347047 1127.527811875746 box 0
1606.8630751713197 2444.617092477367 1686.183827707978 1910.8091556139016 823.7913407719519 1782.6626513718295 744.4705882352938 2316.470588235294 box 0
931.0857974931345 1699.5576096376406 1034.9470466963603 983.3442246647309 408.51982948826424 892.5032620700506 304.65858028503817 1608.7166470429606 box 0
1272.5646005225835 939.0501349733861 1342.1247371533118 319.49228589528315 843.912891517013 263.5561306111955 774.352754886285 883.1139796892984 box 0
730.3529411764703 2343.529411764706 831.323861355754 1713.4825012397673 129.46260821302533 1601.0026598435743 28.49168803374163 2231.049570368513 box 0
2893.8823529411766 1151.764705882353 2938.0438508088714 523.3803031276403 2433.6216432456595 487.93060045191027 2389.4601453779646 1116.315003206623 box 0
3984.9755746075803 1196.2302539262157 4034.9274360331956 575.0201641907505 3517.8651007464236 533.4428837385792 3467.9132393208083 1154.6529734740443 box 0
2190.66228370857 1415.1087600200299 2381.2890170039295 608.4629050283143 1679.4504968740096 442.6042651242018 1488.8237635786502 1249.2501201159175 box 0
4232.502143293884 2119.452747108435 4286.163967602665 1241.6159917954678 3748.636132121874 1208.7571212889973 3694.9743078130928 2086.593876601964 box 0
2851.529411764706 2662.3529411764707 2929.386315511807 2169.978570729763 2033.0607933951715 2028.2467217746837 1955.20388964807 2520.6210922213913 box 0
