655.5897435897438 2946.205128205128 654.9665632870871 2683.858606298138 -19.74671691050125 2685.4613263308015 -19.12353660784461 2947.8078482377923 box 0
642.7692307692308 2438.5128205128203 642.2016426568465 2159.4429896688166 -42.36308741328041 2160.835296396385 -41.79549930089604 2439.905127240389 box 0
642.7692307692308 2682.102564102564 642.4199156082877 2448.7735924263975 -26.379761947647825 2449.7748477155537 -26.03044678670469 2683.10381939172 box 0
622.3382846854776 1896.6189304925151 622.2564102564103 1630.820512820513 -22.06246950965994 1631.0189836800473 -21.980595080592586 1896.817401352049 box 0
596.6153846153846 1623.128205128205 596.0247087747019 1369.313261679002 -16.3091661107125 1370.7382795341812 -15.718490270029761 1624.5532229833846 box 0
606.871794871795 1359.025641025641 606.432824083486 1105.688324125109 -23.53617641571483 1106.7799042844895 -23.097205627405884 1360.1172211850217 box 0
617.1282051282052 2161.5897435897436 616.4457379221689 1900.0932147569047 -44.462760342312855 1901.8180880401924 -43.78029313627647 2163.314616873032 box 0
608.7098787019972 836.4388533750584 612.3756851766102 577.2959412385965 -3.456023282838318 568.5844551881739 -7.121829757451392 827.7273673246359 box 0
609.4358974358976 1094.923076923077 611.2679925739446 845.271112628599 -13.489922553757978 840.6862661123835 -15.322017691805042 1090.3382304068616 box 0
609.1596234217589 567.7968643873248 610.1006761320666 306.28193186468525 -24.655352677435232 303.99778359241145 -25.59640538774302 565.512716115051 box 0
