3894.0468408165116 2692.7469762878027 3932.2768614888178 1965.141823344807 3287.9332201175794 1931.2865508387565 3249.703199445273 2658.8917037817523 box 0
1802.5454545454547 2353.246753246753 1848.3101293937661 1624.3400780508796 1208.6979246233082 1584.1817895121364 1162.9332497749965 2313.0884647080097 box 0
1130.9564861589947 2361.7917848961383 1185.823270332803 1634.5131957833346 556.1135374205617 1587.0071251729105 501.2467532467533 2314.285714285714 box 0
2486.2664956250146 2393.591722227286 2531.571539835155 1663.7465776030335 1880.6478617510834 1623.340573356464 1835.342817540944 2353.185717980716 box 0
2951.896103896104 1306.4935064935064 2967.7450518831147 673.5099812169808 2444.523002527583 660.4092942089421 2428.674054540573 1293.3928194854675 box 0
453.0707569393771 2391.393206115991 494.71403892778835 1658.8968524644492 -25.650698983301794 1629.313503128125 -67.2939809717131 2361.8098567796665 box 0
3509.0389610389616 1424.6753246753246 3621.5266695330824 808.95884916897 3107.3654567038284 715.024678282675 2994.877748209707 1330.7411537890298 box 0
1898.8975893893073 1255.340667238852 2405.1428571428573 1255.844155844156 2405.7579196124448 637.4141430866679 1899.512651858895 636.9106544813637 box 0
1356.884737714379 1268.5847644136786 1863.5844155844152 1263.6363636363635 1857.485975842935 639.1765448836089 1350.7862979728984 644.1249456609238 box 0
1320.3914766491055 1357.6600259908644 1311.3521273085344 728.7511773976537 805.1944168931952 736.0262163418541 814.2337662337663 1364.935064935065 box 0
