4029.32151407328 2548.2905464030086 4038.069867510512 2286.211522373064 3222.7471458998643 2258.9955658101258 3213.998792462632 2521.0745898400705 box 0
3220.996554254031 2526.8316601234933 3227.5238638678534 2262.790605399234 2403.937794043088 2242.4308879416917 2397.4104844292656 2506.471942665951 box 0
4022.0088919627515 2814.566668224833 4031.0391073851843 2558.885967328234 3217.2667931568776 2530.1448880190637 3208.236577734445 2785.8255889156626 box 0
3200.9294944317176 2798.15423541699 3210.0976542074227 2542.2787611443787 2411.019232222335 2513.647339290041 2401.85107244663 2769.5228135626526 box 0
1586.833639569666 2493.929365303709 1591.935281523794 2237.659509310704 792.4537967248893 2221.743988272951 787.3521547707614 2478.013844265956 box 0
2403.968487332418 2774.8283597872132 2407.684809835018 2527.491084127206 1585.8739321011756 2515.143110091937 1582.1576095985754 2762.4803857519446 box 0
1587.5153342771493 2762.943094354278 1590.5363413853217 2506.619422573564 779.5691559267082 2497.0614382690133 776.5481488185358 2753.3851100497272 box 0
779.8295180558653 2749.750495091704 781.6136413858862 2490.95112927557 8.93695399766246 2485.624414118501 7.1528306676414495 2744.423779934635 box 0
2413.474213920396 2506.348451285891 2415.172408084523 2246.444506293368 1594.0556368486468 2241.079386848875 1592.3574426845198 2500.983331841398 box 0
780.375080755565 2473.9959991433047 780.46091850478 2214.4241320418846 7.103401681568704 2214.1683906577205 7.017563932353704 2473.7402577591406 box 0
