701.8058252427186 1941.7475728155339 1209.5728155339807 1941.7475728155339 1209.5728155339807 2434.9514563106795 701.8058252427186 2434.9514563106795 box 0
1219.0267457991874 1920.3357542021029 1716.3090638122626 1910.388781543452 1726.272609275211 2408.4996292830965 1228.990291262136 2418.4466019417473 box 0
1727.88615946256 1898.3413096540546 2236.522279358955 1888.1672306760868 2246.599277430644 2391.9499524818675 1737.9631575342491 2402.124031459835 box 0
1744.993293259909 2421.9636955289334 2251.7640701701025 2416.895818829482 2256.6766096527126 2908.1333918497076 1749.9058327425191 2913.2012685491586 box 0
698.8932038834953 2452.4271844660193 1209.5728155339807 2444.660194174757 1232.873786407767 2935.9223300970875 735.7864077669905 2954.368932038835 box 0
1225.106796116505 2444.660194174757 1248.4077669902913 2942.7184466019417 1747.4368932038835 2930.0970873786405 1728.990291262136 2420.388349514563 box 0
2780.4466019417478 2389.3203883495144 2759.087378640777 1886.4077669902913 3261.0291262135925 1879.611650485437 3285.3009708737864 2363.106796116505 box 0
2750.349514563107 1887.378640776699 2763.9417475728155 2389.3203883495144 2262.0 2394.1747572815534 2244.5242718446602 1898.0582524271845 box 0
2264.9126213592235 2417.4757281553398 2771.7087378640776 2417.4757281553398 2771.7087378640776 2914.5631067961162 2264.9126213592235 2914.5631067961162 box 0
2783.359223300971 2396.116504854369 3289.1844660194174 2396.116504854369 3289.1844660194174 2900.9708737864075 2783.359223300971 2900.9708737864075 box 0
