2994.026762617416 2493.0295474639424 2996.5377645797657 2099.178194194461 2588.391360246353 2096.576054037522 2585.8803582840033 2490.4274073070037 box 0
3407.2952030158663 2493.874369821693 3408.3900485086974 2097.249384326058 3003.8329959892603 2096.1326431177595 3002.738150496429 2492.7576286133944 box 0
3411.735576877098 2089.4504903241755 3411.1285969905352 1696.8525845032 3003.8350110440447 1697.4822847917912 3004.4419909306075 2090.0801906127667 box 0
2994.5170381263 2089.882107721141 2996.745496637383 1699.5440516665258 2584.806839589764 1697.1922742979016 2582.578381078681 2087.530330352517 box 0
3412.2770649281315 1686.6360301147902 3409.8132153611555 1293.5005345006332 3001.710902753753 1296.0581837523976 3004.174752320729 1689.1936793665545 box 0
2990.6705057200584 1690.1791143935106 2989.893801579015 1298.999858046176 2578.21897715958 1299.81725706645 2578.9956813006233 1690.9965134137847 box 0
3381.8239026401743 885.4211774040567 3382.4627332467553 492.3369075193599 2969.90422998922 491.66642788158777 2969.265399382639 884.7506977662845 box 0
3403.166727422889 1284.3613706003187 3399.169923666565 891.7738900555917 2996.5519462831658 895.8728109945298 3000.5487500394897 1288.4602915392568 box 0
2987.1143919166825 1289.511408112543 2985.362355645164 898.3808040768571 2575.324109822819 900.2175355214898 2577.0761460943377 1291.3481395571757 box 0
2972.2610887257492 888.0674166424532 2968.518992853949 491.029320399716 2556.54097655135 494.91222546264953 2560.2830724231503 891.9503217053866 box 0
