2597.4576271186443 1742.3728813559323 2742.4989534179717 1527.659093591438 2103.4016402714196 1095.942421372956 1958.3603139720917 1310.65620913745 box 0
2466.725215255785 1960.2301843216467 2606.2827560394394 1746.1661901916173 1967.227441147578 1329.53849652699 1827.6699003639228 1543.6024906570192 box 0
1817.2568676140493 1545.5089937459682 1960.478309829662 1326.4905496061947 1318.6440677966102 906.7796610169491 1175.4226255809974 1125.7981051567226 box 0
2322.8813559322034 2180.5084745762715 2461.257186686784 1964.4197538163085 1823.129574427217 1555.784642444893 1684.7537436726366 1771.8733632048563 box 0
1682.7855979756328 1763.981039712131 1824.4688867716022 1548.6079391850365 1187.4460006603763 1129.5421537101943 1045.7627118644068 1344.9152542372883 box 0
1953.0220528931845 1312.6586432681815 2096.308963559467 1090.141023849749 1460.1694915254238 680.5084745762712 1316.8825808591414 903.0260939947038 box 0
2733.898305084746 1513.5593220338983 2880.63352252878 1293.699626096696 2248.370961935206 871.725130430521 2101.6357444911728 1091.5848263677233 box 0
2169.9998512193297 2395.6712559653124 2310.1486119175834 2176.272984315723 1678.418461810331 1772.7319857126988 1538.2697011120779 1992.1302573622888 box 0
1533.2730389205929 1989.4156453195533 1679.0949020891421 1772.5070972488807 1052.8723589426274 1351.5142926222088 907.0504957740786 1568.4228406928814 box 0
2094.242391876236 1085.2349144546215 2237.529302542519 862.7172950361895 1601.3898305084747 453.08474576271175 1458.1029198421923 675.6023651811444 box 0
