2698.824497692954 1958.3384834158142 3398.879934363728 957.2842641158906 3217.591350848306 830.505857862262 2517.535914177532 1831.5600771621855 box 0
2507.5520105031155 1826.739253415014 3201.4468558604276 828.0972778400227 3018.0583349558683 700.6718816863045 2324.163489598556 1699.3138572612959 box 0
1931.7400125180525 1414.6611515925863 2636.098512401 426.7574484776369 2446.60574248683 291.65233374371746 1742.2472426038826 1279.5560368586669 box 0
2121.36661575238 1550.4044506161708 2830.0627564813817 553.0225277008793 2641.233500214417 418.84868506498145 1932.537359485415 1416.230607980273 box 0
2874.5137875416694 2104.615344654197 3583.9006389699225 1106.0615688368325 3402.2037486216605 976.9815051688009 2692.8168971934074 1975.5352809861656 box 0
2313.628962166204 1700.4093802697287 3027.721032207223 673.2117601169605 2837.147910850153 540.7282418005836 2123.055840809134 1567.9258619533518 box 0
3248.941985541555 2397.7361672583447 3973.759814541499 1387.3689509946669 3790.473784416941 1255.8831106957566 3065.6559554169967 2266.2503269594345 box 0
3081.2188816912067 2231.0275088930484 3782.209214896984 1240.163907842546 3596.019388877641 1108.443186602557 2895.0290556718637 2099.3067876530595 box 0
1763.0788021858637 1243.8132863726478 2456.248868154704 277.4176841010089 2267.483852690845 142.0215193066735 1574.3137867220053 1108.4171215783124 box 0
1559.688316735879 1108.1597541130977 2270.115828929681 139.18365604047523 2083.38220633541 2.2755287848515877 1372.9546941416081 971.2516268574741 box 0
