951.3304885870629 690.163032027025 1122.4811595289673 685.730061260069 1104.8195888512914 3.842038468580451 933.6689179093871 8.275009235536434 box 0
257.90286549001814 704.6569535568735 426.1386734702013 702.3399492886026 416.4791435393703 0.9692850753285505 248.24333555918713 3.2862893435993987 box 0
781.0899693634942 695.9960073321622 943.0673279301213 692.9025353252805 930.0653975340888 12.108160224600555 768.0880389674617 15.201632231482291 box 0
1468.9588682143465 679.2299098978343 1637.7125412272392 676.6114789091738 1627.3860143692716 11.083403395622652 1458.632341356379 13.701834384283204 box 0
1298.9299924303343 688.7248231194874 1463.4496316190082 685.5951780292921 1450.5944483350465 9.822029755268398 1286.0748091463727 12.951674845463717 box 0
436.88951839086064 709.3676136817638 604.4554384782435 705.126134799248 586.8165252340171 8.274680629759594 419.2506051466343 12.5161595122754 box 0
1642.9610330399753 672.4888644130423 1823.9027581998273 669.6816221202063 1813.404050273013 -7.016049853105797 1632.462325113161 -4.208807560269706 box 0
1121.5125384537196 684.243713710924 1296.828100872346 680.6684102210648 1283.1864292892 11.7469234961072 1107.8708668705735 15.322226985966298 box 0
607.7021957911818 717.1667040759796 778.8618994944675 712.1174020422557 758.0121493778856 5.358917719674643 586.8524456746 10.408219753398619 box 0
95.02796644168144 707.7726371236315 262.91512348988454 704.1716261901763 248.46269842190497 30.367352347804083 80.57554137370188 33.96836328125935 box 0
