-12.443330569492229 1344.8876126026005 696.6153846153846 1323.128205128205 691.2785648817589 1149.220963032997 -17.780150303117978 1170.9803705073923 box 0
724.8665639776077 2733.472017060742 727.0235574805663 2558.21067407863 -6.303584946998614 2549.185398710742 -8.460578449957223 2724.446741692854 box 0
-6.684655192445437 1871.3031762387227 724.820512820513 1859.025641025641 721.9070976875886 1685.4420846102912 -9.598070325369918 1697.7196198233726 box 0
-18.251707817139515 1694.5144077992056 712.0000000000001 1682.102564102564 709.0943910207532 1511.1508528819331 -21.157316796386397 1523.5626965785743 box 0
723.6388570816432 2902.901446551566 725.3275611866973 2733.665757477332 -4.619972899666946 2726.3820373351523 -6.308677004721007 2895.6177264093863 box 0
706.870966929031 2549.9198027627035 706.9687911746196 2378.4109294701593 -1.3052662072904022 2378.0069481833416 -1.403090452878927 2549.515821475886 box 0
1.3718655808616518 2028.9115346484105 720.7972933886356 2028.8825784738628 720.7907206312966 1865.5803179211694 1.3652928235225659 1865.6092740957172 box 0
-0.3697502599334824 1520.0016369757284 712.0000000000001 1512.871794871795 710.11561705511 1324.5958992380383 -2.2541332048235176 1331.7257413419723 box 0
-12.814990347953483 2205.4928404499515 714.8682636248509 2201.5407448819906 713.9748054906586 2037.0319390605464 -13.708448482145798 2040.984034628507 box 0
707.8284102358474 2380.7920605348027 707.9891831646406 2205.535063378724 5.641593369041599 2204.8907611204704 5.4808204402483245 2380.147758276549 box 0
