792.2077922077922 2086.8311688311687 650.6493506493506 2333.5844155844156 1783.1168831168832 3030.9870129870133 2122.077922077922 2886.8311688311687 box 0
794.8051948051948 2079.038961038961 941.5584415584416 1824.4935064935066 2275.3246753246754 2623.194805194805 2127.272727272727 2879.038961038961 box 0
949.3506493506493 1815.4025974025976 1094.8051948051948 1555.662337662338 2420.779220779221 2358.2597402597403 2274.025974025974 2618.0 box 0
2422.077922077922 2342.6753246753246 1094.8051948051948 1543.974025974026 1257.142857142857 1286.831168831169 2580.5194805194806 2094.6233766233768 box 0
1396.103896103896 1034.883116883117 1258.4415584415583 1282.9350649350652 2581.818181818182 2089.4285714285716 2728.5714285714284 1833.5844155844156 box 0
1545.4545454545455 776.4415584415586 1398.7012987012986 1025.792207792208 2731.1688311688313 1827.0909090909092 2875.3246753246754 1560.8571428571427 box 0
1694.8051948051948 515.4025974025975 1546.7532467532467 771.2467532467534 2881.8181818181815 1554.3636363636365 3027.272727272727 1299.818181818182 box 0
1844.155844155844 250.46753246753264 1701.2987012987012 512.805194805195 3036.3636363636365 1295.922077922078 3181.8181818181815 1033.5844155844156 box 0
2041.5584415584415 5.012987012987178 1848.051948051948 245.27272727272742 3188.311688311688 1030.987012987013 3340.2597402597403 760.857142857143 box 0
2057.142857142857 6.311688311688477 3350.6493506493507 755.6623376623378 3488.311688311688 501.1168831168833 2612.987012987013 3.7142857142858796 box 0
