2079.9714652737985 2837.360124730278 2075.9732569230628 2634.27351348471 1257.4680091350722 2650.3875965193106 1261.4662174858079 2853.474207764879 box 0
2070.6905441049416 2622.9016187483894 2066.4742168481507 2413.695400856916 1250.0131488973466 2430.1502992323353 1254.229476154138 2639.3565171238088 box 0
2908.740373852518 2388.232785352909 2908.16036283634 2185.771482274375 2084.635845502985 2188.130714803671 2085.215856519163 2390.592017882205 box 0
2897.5338327569616 2168.9514450831953 2897.0467289719627 1967.0654205607475 2075.3415001905437 1969.0480031988445 2075.8286039755426 2170.9340277212923 box 0
2099.306730411673 2835.0291755875173 2923.5982743791096 2810.7644593022023 2917.607476635514 2607.2523364485983 2093.3159326680775 2631.5170527339137 box 0
2070.1203245091083 2167.8936890707287 2063.5312750576213 1967.0858285116778 1238.1682242990655 1994.168224299065 1244.7572737505532 2194.976084858116 box 0
2070.878504672897 2396.03738317757 2066.328866761662 2191.7146389399045 1251.7192837961234 2209.85348420328 1256.2689217073582 2414.176228440945 box 0
2901.665319917606 2603.427928477051 2900.785046728972 2401.644859813084 2083.0045915757214 2405.2124049675263 2083.8848647643554 2606.995473631492 box 0
2094.8543491735 3034.706518210031 2094.1789994691576 2859.238159366322 1274.6168224299065 2862.392523364486 1275.2921721342486 3037.8608822081947 box 0
2921.276878268236 3028.9870601808275 2916.6728971962616 2831.551401869159 2105.076631405926 2850.4769286850155 2109.6806124779005 3047.9125869966847 box 0
