1125.3333333333333 2033.3333333333333 1299.0527793824403 1817.9855521824932 251.3353941155023 972.7997656751163 77.61594806639528 1188.1475468259566 box 0
1481.6808510638298 1589.2765957446811 1656.143964399528 1378.472377095114 626.0149584136138 525.9300765993643 451.5518450779157 736.7342952489311 box 0
1841.2553191489362 1145.659574468085 2017.8104872158915 934.8922837696651 990.8448436047056 74.62553551886379 814.2896755377508 285.392826217284 box 0
1301.8936170212767 1814.808510638298 1477.8439859302784 1601.486355265133 443.2851869065492 748.171320885078 267.33481799754725 961.4934762582421 box 0
1661.4680851063831 1369.063829787234 1839.8011522367062 1154.073941319829 805.0399282634801 295.74453739230694 626.7068611331573 510.734425859712 box 0
1369.9787234042553 3.106382978723482 2212.5319148936173 714.8085106382979 2391.2553191489365 503.10638297872345 1803.0 0.0 box 0
1004.0212765957448 66.93617021276603 2023.1702127659578 924.3829787234041 2200.8297872340427 714.8085106382979 1345.0 0.0 box 0
74.66666666666667 1208.0 1116.0 2041.3333333333335 950.6666666666666 2250.6666666666665 1.3333333333333333 1494.6666666666667 box 0
1.3333333333333333 1516.0 1.3333333333333333 1860.0 770.6666666666666 2477.3333333333335 936.0 2262.6666666666665 box 0
3.9999999999999996 1882.6666666666667 2.6666666666666665 2222.6666666666665 588.0 2693.3333333333335 766.6666666666666 2484.0 box 0
