697.7917498030879 1943.476670253597 1209.3777272402717 1933.2435862572681 1219.065393054055 2417.5622907853635 707.4794156168712 2427.7953747816923 box 0
1215.850459318075 1924.672707441944 1730.0333198894577 1914.3876788568014 1739.967722500107 2411.0415782723417 1225.784861928724 2421.3266068574844 box 0
1236.0962650246852 2442.526967653525 1735.401588003774 2427.543312597907 1750.5864591918375 2933.5538277097776 1251.2811362127486 2948.537482765396 box 0
711.6753246753248 2451.2987012987014 741.5454545454546 2956.4935064935066 1242.844155844156 2940.2597402597403 1216.2207792207791 2438.311688311688 box 0
1744.4152649501007 2418.36108492894 2257.299683954384 2408.102028638204 2267.2470727122363 2905.405148837294 1754.3626537079535 2915.6642051280296 box 0
2270.7662337662337 2418.181818181818 2777.25974025974 2418.181818181818 2777.25974025974 2920.779220779221 2270.7662337662337 2920.779220779221 box 0
1727.7014354976855 1901.3288740978317 2245.130399986817 1890.9789147766714 2255.1297333334833 2390.878918109961 1737.700768844352 2401.228877431121 box 0
2247.6035851821257 1900.407924188899 2758.8831168831166 1885.064935064935 2773.7173188822544 2379.389984114929 2262.437787181264 2394.732973238894 box 0
2786.3506493506493 2393.5064935064934 3293.493506493506 2393.5064935064934 3293.493506493506 2898.7012987012986 2786.3506493506493 2898.7012987012986 box 0
2766.220779220779 1887.012987012987 3265.5714285714284 1880.5194805194806 3294.7922077922076 2386.3636363636365 2778.5584415584412 2388.311688311688 box 0
