3019.4971527934053 872.4884681024861 3038.8847012969077 5.886282679973419 2812.9553961873075 0.8318119725871611 2793.567847683805 867.4339973950998 box 0
2317.157391695354 842.0714795736475 2335.6610242047027 5.550461504266934 2108.1247196632885 0.5174162240819555 2089.6210871539397 837.0384342934626 box 0
2075.060241114704 829.5061796062275 2098.253672635984 5.702403986526633 1876.6826299790462 -0.5357232921406876 1853.4891984577655 823.2680523275602 box 0
2782.5538593237907 859.8043780218368 2807.0824251195827 12.113525437405542 2580.497901540467 5.557133590101671 2555.969335744675 853.2479861745329 box 0
1612.478779997302 789.7127944583957 1630.363002844162 5.223796752603732 1403.9290057998173 0.061715353005809 1386.0447829529571 784.5507130587976 box 0
2550.258674619591 837.5879341940648 2570.708416860238 0.20859130579526663 2344.517861940467 -5.315235600925234 2324.0681196998203 832.0641072873443 box 0
3492.594629477713 909.0395715752406 3515.2233922359173 3.970190208757742 3284.7271020896696 -1.7927335778040856 3262.0983393314655 903.2766477886788 box 0
1844.162889631893 801.6686362498134 1865.5463463589685 -1.5412270309223004 1641.7542879498942 -7.499131702694285 1620.3708312228187 795.7107315780414 box 0
3253.441329558851 888.4914915616507 3274.9154337272494 -0.30869190775246125 3046.9894146122915 -5.81556191992712 3025.515310443893 882.9846215494762 box 0
1370.2947237878523 774.7854684597895 1404.6043176786386 7.9829412900194265 1179.0729645818985 -2.1081693417476117 1144.7633706911122 764.6943578280226 box 0
