1873.5830973685063 253.30046556499906 3416.0802267241147 237.87498008516562 3413.5456155027814 -15.57769328777128 1871.048486147173 -0.1522078079379412 box 0
1873.7962126306525 264.14593508707367 3424.213738029165 248.64124300657372 3427.1938863792484 546.6461441208471 1876.7763609807357 562.1508362013471 box 0
1875.3835831069482 575.9915205963331 3422.2978945473265 560.5218618231991 3425.132133222556 843.9362818209254 1878.2178217821781 859.4059405940594 box 0
1878.811186804544 873.0812564593941 3434.1789597298716 857.5270602534775 3437.0303973538716 1142.6613177980316 1881.662624428544 1158.215514003948 box 0
1884.711954793196 1176.007197794374 3431.1692821702563 1160.5421090142072 3434.0999263949225 1453.5967626016654 1887.6425990178625 1469.0618513818322 box 0
1890.6526478616775 1481.9675935039465 3441.07017326019 1466.4629014234465 3444.0008174848567 1759.517555010905 1893.583292086344 1775.022247091405 box 0
1893.6229943959186 1782.967593338931 3446.0206188051575 1767.443099608264 3448.951263029824 2060.4977531957225 1896.5536386205852 2076.022246926389 box 0
1893.5983413422862 2085.957815780145 3449.956163772977 2070.3937187491456 3452.9363121230604 2368.398619863419 1896.5784896923694 2383.962716894419 box 0
1897.5635887853557 2393.8587814569173 3449.9612131945946 2378.3342877262507 3452.9314607195947 2675.349139335162 1900.5338363103558 2690.8736330658285 box 0
1902.4646539662508 2700.8045732865394 3457.832426891579 2685.2503770806225 3460.9016826674124 2992.165723743163 1905.5339097420842 3007.71991994908 box 0
