3120.9011447005487 683.7793347365553 3118.630295721776 -3.3469970000061267 2865.9654812760136 -2.5119778639966626 2868.2363302547865 684.6143538725647 box 0
2317.128205128205 689.7948717948717 2315.9405550314445 3.34375322511998 2071.963425592198 3.7658655264149274 2073.1510756889584 690.2169840961667 box 0
3379.107739604102 693.8521979959618 3378.4277115067816 0.07263110110761772 3125.274169575586 0.3207668630469698 3125.954197672906 694.1003337579011 box 0
1798.0925968605961 709.5764884202027 1798.5554189502645 -0.45888911295821805 1555.8143275778802 -0.6171149460816423 1555.3515054882118 709.4182625870793 box 0
3903.815709539914 684.0275664643286 3913.6774206310297 1.0451033365058606 3653.0071237120387 -2.718763668918484 3643.1454126209233 680.2636994589043 box 0
1542.769230769231 692.3589743589743 1542.6352431359264 -0.9950091149535656 1278.8711220855748 -0.9440378489444469 1279.005109718879 692.4099456249833 box 0
3634.2498324274525 676.4137223427903 3642.011234432524 9.831362024731334 3396.1552868962776 6.968719750105266 3388.393884891206 673.5510800681642 box 0
2585.601787543927 676.2148990089117 2588.765462146625 5.245246114981853 2335.898542808856 4.052958733397816 2332.734868206158 675.0226116273277 box 0
2062.032454233618 687.8671411497875 2065.7089654240176 -1.9780716380539618 1807.0399998374269 -3.3566408140941353 1803.3634886470272 686.4885719737473 box 0
2849.486394708145 675.9641574066753 2855.2217439041033 8.570282390236343 2600.776798040878 6.383671649110738 2595.0414488449196 673.7775466655497 box 0
