3985.1280927003118 2051.509464352715 4008.158891022719 1791.9800054976706 2822.1145250975396 1686.7297240322948 2799.083726775132 1946.259182887339 box 0
3953.2293609892486 2842.974964768985 3977.3268711489773 2588.216206735611 2756.8678512299894 2472.7735665725677 2732.7703410702607 2727.5323246059415 box 0
4015.024185834549 1786.995503430632 4037.7362514250235 1530.3846230880204 2842.755594744064 1424.6195089289872 2820.0435291535896 1681.2303892715984 box 0
3955.568192477928 2571.4221405138414 3976.3433643276417 2317.3289689342273 2770.7259328882833 2218.7552482495857 2749.9507610385695 2472.8484198292 box 0
4039.2061177925975 1255.1560330633736 4060.7867109320764 991.9995888786679 2848.142258672246 892.5546118493461 2826.561665532767 1155.7110560340518 box 0
4031.5487242881413 1525.5296309206265 4054.8476340267516 1265.6855456131325 2851.3910340126404 1157.7776566770299 2828.0921242740296 1417.6217419845239 box 0
4035.092730249733 742.8331739524434 4063.7543051577704 473.2276974233242 2884.171309362083 347.82703112568163 2855.5097344540454 617.4325076548008 box 0
3960.178766471234 2314.542527527896 3983.326018215975 2064.8423709498975 2789.533840340289 1954.177610258969 2766.386588595548 2203.8777668369676 box 0
4026.571093471974 1003.8051259185551 4053.517592714185 743.8982713749872 2863.6746600070296 620.5383017395259 2836.7281607648188 880.4451562830939 box 0
4034.488181088635 470.91429673100674 4059.8807478452622 212.13032622290757 2904.699834658435 98.78092364405428 2879.3072679018087 357.56489415215344 box 0
