3094.68085106383 377.57446808510645 2596.276595744681 419.5957446808511 2617.5531914893613 920.6595744680851 3113.2978723404253 886.6170212765958 box 0
3611.702127659574 372.2553191489362 3114.3617021276596 372.7872340425532 3131.382978723404 885.5531914893616 3637.7659574468084 870.1276595744681 box 0
3144.68085106383 898.3191489361702 3653.723404255319 886.6170212765958 3664.3617021276596 1391.936170212766 3165.9574468085107 1408.9574468085107 box 0
3122.8723404255315 898.8510638297872 2620.2127659574467 929.7021276595743 2639.3617021276596 1434.4893617021276 3144.68085106383 1405.7659574468084 box 0
3134.574468085106 1418.0 2632.446808510638 1448.851063829787 2658.510638297872 1955.2340425531913 3159.0425531914893 1925.978723404255 box 0
3154.787234042553 1421.191489361702 3656.914893617021 1398.3191489361702 3679.255319148936 1903.6382978723402 3175.0 1929.7021276595744 box 0
3166.4893617021276 1933.4255319148936 2664.3617021276596 1960.5531914893618 2688.2978723404253 2464.808510638298 3197.8723404255315 2443.0 box 0
3711.702127659574 2413.7446808510635 3213.2978723404253 2445.659574468085 3179.787234042553 1938.7446808510635 3686.1702127659573 1905.7659574468082 box 0
3207.446808510638 2458.9574468085107 3223.404255319149 2965.872340425532 2730.31914893617 2978.6382978723404 2706.382978723404 2470.127659574468 box 0
3745.2127659574467 2919.595744680851 3239.8936170212764 2966.936170212766 3213.829787234042 2458.4255319148933 3717.5531914893613 2421.191489361702 box 0
