2437.5312076187815 2932.6452894076915 2724.7031271688065 2664.2984218878087 2449.121544303826 2369.3842577114488 2161.949624753801 2637.7311252313316 box 0
2739.2530831727872 2079.3151409399647 3023.227853631218 1802.5969839873385 2736.7817984190096 1508.6392123925546 2452.807027960579 1785.357369345181 box 0
2153.9568108874328 2640.327295709788 2439.3995113267274 2367.593458813856 2159.242861048602 2074.382056402028 1873.8001606093076 2347.1158932979597 box 0
3311.3607341184525 1521.9892600278872 3592.302339024067 1243.75053074929 3304.347226391801 952.9981552858333 3023.4056214861866 1231.2368845644307 box 0
2728.557551355656 2656.9350856635588 3017.8548040695055 2387.71153590717 2734.428905621341 2083.1529865410307 2445.1316529074916 2352.3765362974195 box 0
2445.1626955394972 2354.449841537778 2734.6629904054257 2079.1096859607824 2451.6478782079253 1781.5397283169584 2162.147583341997 2056.8798838939542 box 0
3027.008708511453 1795.671719246232 3309.8173986200227 1518.6881591574195 3024.901153243918 1227.7799546429283 2742.092463135348 1504.763514731741 box 0
3018.7315990433726 2383.364025722136 3306.471798551176 2104.012662661114 3024.3602588667836 1813.4293992656567 2736.62005935898 2092.7807623266785 box 0
3305.166335027515 2099.1520781099425 3590.553151027127 1823.6704676456443 3305.831373102368 1528.7112451017272 3020.444557102756 1804.1928555660256 box 0
3601.426021660155 1807.4142586693595 3876.3593223349308 1521.6746961568786 3585.8557532421883 1242.1575568213632 3310.9224525674126 1527.897119333844 box 0
