1978.506694175177 1987.0084459018174 1979.3622835920269 1736.54158634155 1220.3231218843823 1733.9487248553166 1219.4675324675325 1984.4155844155841 box 0
1975.9610389610389 1728.5714285714284 1981.6012629877837 1475.633513393239 1216.8365530960245 1458.5801416656386 1211.1963290692797 1711.518056843828 box 0
1987.6493506493507 2253.246753246753 1988.6310168038387 1997.2625861722927 1225.9005826837665 1994.337613660396 1224.918916529279 2250.321780734857 box 0
1990.480297596585 2512.4162358446147 1989.5974025974026 2259.7402597402597 1229.934586497453 2262.394657327795 1230.8174814966353 2515.0706334321503 box 0
1970.1168831168832 1466.8831168831168 1975.7727117067332 1213.2454093490976 1210.9404491999205 1196.1905312760282 1205.2846206100705 1449.8282388100474 box 0
455.8311688311688 1203.2467532467533 1196.090909090909 1203.2467532467533 1196.090909090909 1456.4935064935064 455.8311688311688 1456.4935064935064 box 0
438.2987012987013 1466.8831168831168 1198.0389610389611 1466.8831168831168 1198.0389610389611 1722.077922077922 438.2987012987013 1722.077922077922 box 0
1201.935064935065 1731.8181818181818 457.1298701298701 1731.8181818181818 457.1298701298701 1981.168831168831 1201.935064935065 1981.168831168831 box 0
1213.5724236122642 1994.7141789435009 452.5482583369548 1987.1036836058786 450.00180875066457 2241.740154013027 1211.025974025974 2249.3506493506493 box 0
1212.9496952356596 2257.6364559948215 464.89858279853587 2250.155695510105 462.3255109394996 2507.4543044503484 1210.3766233766235 2514.935064935065 box 0
