10.281690485501258 1501.7001956044667 839.7979433399946 1472.1833526670273 832.2164464163542 1259.1194104135996 2.7001935618608286 1288.636253351039 box 0
10.377307214451605 2591.749061175859 857.8478457927984 2560.5117561268394 849.9740447142592 2346.8949146542186 2.5035061359125734 2378.132219703238 box 0
-12.488554542752809 2813.2534066663356 868.4317616913514 2781.1582485194376 860.5937875444617 2566.028270579758 -20.326528689642487 2598.123428726656 box 0
-24.915044477455524 1716.1471900406439 832.8207147175675 1693.8578319713497 827.3846153846156 1484.6666666666667 -30.35114381040739 1506.9560247359611 box 0
1.2675738448380116 1935.9401655113354 841.5662505071472 1910.31913913403 835.0769230769232 1697.4871794871797 -5.221753585385938 1723.1082058644852 box 0
2.9263166727048997 2375.1935092256017 844.0609254611079 2346.0155066470134 836.5687177358643 2130.0324146940757 -4.565891052538689 2159.210417272664 box 0
-24.722914719637743 1275.2539471035434 816.4262242762385 1259.375907312749 812.3070746660794 1041.161367380099 -28.842064329796813 1057.0394071708934 box 0
-4.33179900188145 2157.6766533603145 834.62089802322 2131.8863464436886 827.8048182203263 1910.1608527432008 -11.147878804775132 1935.951159659827 box 0
-24.273405389974755 1056.2059271627522 813.7849296689012 1044.0886213960725 810.6138998319608 824.7735329812906 -27.444435226915175 836.8908387479704 box 0
14.027535721129254 834.1937121495456 819.6015581043835 827.0063366836781 817.6970597302256 613.5467194453031 12.123037346971557 620.7340949111706 box 0
