2267.341643314018 1194.95280311963 3014.934941501166 503.34681069139276 2868.5814714625935 345.1456462059315 2120.988173275445 1036.7516386341686 box 0
2868.0237348512946 1865.1920225805811 3628.287739284885 1180.934075898153 3483.7258882566157 1020.3145722680515 2723.4618838230253 1704.5725189504794 box 0
2572.9019271183934 1538.468430687421 3324.887419425172 840.541077747106 3175.0592705439603 679.1079517588677 2423.0737782371816 1377.0353046991827 box 0
46.3347876263274 2750.743104947239 1060.0024926277692 2647.694325030121 1038.0175782489166 2431.433659731716 24.34987324747476 2534.482439648834 box 0
36.91316567972939 2525.204739025082 1037.7020787927822 2425.9411355429556 1016.354374298298 2210.7107265205723 15.565461185245056 2309.9743300026985 box 0
-17.887664396909884 934.2080320034962 913.680625084962 856.3185292048693 895.1801332308332 635.050310357954 -36.38815625103865 712.9398131565808 box 0
1976.1046294424805 853.830130263256 2716.072821432459 156.24406032012013 2565.193062665674 -3.8024588307609406 1825.2248706756955 693.783611112375 box 0
3163.609002603088 2200.7155988177374 3928.1516959777946 1523.0730688725262 3787.780999838318 1364.70138268861 3023.2383064636115 2042.343912633821 box 0
3023.2954114290924 2037.7790979757074 3789.794104126613 1351.052064151458 3641.123788705185 1185.111891709351 2874.625096007664 1871.838925533601 box 0
-18.968059604340027 1621.545421021163 955.5897435897438 1528.25641025641 934.4007280587394 1306.9021450706227 -40.157075135344314 1400.1911558353756 box 0
2718.0442679264124 1704.544793536801 3457.040859306687 1019.4586364015614 3309.5168816707555 860.3257806514314 2570.520290290481 1545.4119377866707 box 0
2.1113339180898834 706.7633434849563 913.706887892602 626.5161197320097 894.4534890418099 407.80060571853477 -17.142064932702226 488.0478294714815 box 0
2129.0598710154154 1017.0217907580221 2874.8594848884777 322.2041916354372 2723.0208411122703 159.22443688785194 1977.221227239208 854.0420360104367 box 0
2423.590333586039 1361.5311552452417 3172.710225684485 671.0582420845299 3022.039358491598 507.58978210217026 2272.9194663931517 1198.0626952628822 box 0
23.16529898570613 1835.280176894614 981.2307692307694 1746.2051282051282 960.6846416622103 1525.2169203927856 2.6191714171470153 1614.2919690822712 box 0
-12.301985836675499 2314.16990254778 1002.8549473790832 2209.2307935648396 979.7910483366754 1986.1159105930892 -35.365884879083296 2091.0550195760297 box 0
-1.3196536852486815 1157.210699179163 942.6284136042965 1080.8091716238628 924.7835521532662 860.3342280364132 -19.164515136278965 936.7357555917134 box 0
7.183846460996733 1397.282634857044 955.8109615580898 1309.425002114452 934.3174711354388 1077.352873870983 -14.309643961654274 1165.2105066135753 box 0
18.2826728987468 2070.727356959005 994.0512820512821 1979.5384615384614 973.2262765191696 1756.7000710749069 -2.542332633365845 1847.8889664954509 box 0
1830.0233025346088 680.6775019572283 2544.939658440855 8.922937039812041 2396.6691344465926 -148.8743124888446 1681.7527785403463 522.8802524285717 box 0
