1586.1379905545487 940.6067776621894 1948.0690479227665 472.2399455988383 1802.097902097902 359.44055944055947 1440.1668447296838 827.8073915039106 box 0
1379.7202797202797 1538.4615384615386 1739.3538096785694 1067.1587781971925 1592.778671920215 955.3127661632433 1233.1451419619254 1426.6155264275897 box 0
2086.857898203011 1280.0746383570056 2442.6573426573427 811.888111888112 2293.8269106668263 698.7840774352064 1938.0274662124941 1166.9706039041 box 0
1539.86013986014 1651.0489510489508 1905.0611659920596 1186.082414005859 1760.246487105716 1072.3398860713037 1395.045460973796 1537.3064231143958 box 0
1223.076923076923 1423.7762237762238 1581.811110414394 956.2136422910432 1431.1575051701936 840.6256958068109 1072.4233178327222 1308.1882772919912 box 0
1751.751966245496 1052.9543820900358 2118.212350318387 583.8129390065297 1970.6293706293707 468.53146853146853 1604.1689865564788 937.6729116149743 box 0
1427.4760251641237 821.0250169613013 1788.9862998799956 357.6991238681758 1637.0629370629372 239.16083916083915 1275.5526623470653 702.4867322539649 box 0
1917.5622429398634 1162.4536196561382 2276.2237762237764 702.7972027972028 2130.5865666586506 589.1591397353118 1771.9250333747375 1048.8155565942475 box 0
1068.5314685314686 1303.4965034965035 1418.8553539116806 829.36006896914 1267.3534437277638 717.4202686223041 917.0295583475516 1191.5567031496676 box 0
1714.6853146853148 1751.7482517482517 2080.2183784479857 1295.8907253562854 1931.780085911964 1176.8642736492293 1566.2470221492936 1632.7218000411958 box 0
