3100.0 384.9291338582678 2597.6377952755906 418.0000000000001 2622.834645669291 921.1496062992128 3120.472440944882 892.0157480314962 box 0
3109.890766087791 383.2755877491167 3625.297749848041 367.80873790292844 3640.3282436027694 868.6748824372762 3124.9212598425197 884.1417322834646 box 0
3125.984251968504 901.4645669291339 3148.818897637795 1406.976377952756 2642.51968503937 1432.9606299212599 2620.472440944882 932.96062992126 box 0
3155.11811023622 900.6771653543308 3166.9291338582675 1413.275590551181 3671.6535433070867 1384.9291338582677 3656.6929133858266 888.0787401574804 box 0
3662.9921259842517 1402.251968503937 3159.8425196850394 1424.2992125984251 3181.102362204724 1931.3858267716535 3680.314960629921 1905.4015748031497 box 0
3139.3700787401576 1421.1496062992126 2634.6456692913384 1450.283464566929 2664.566929133858 1950.283464566929 3165.3543307086616 1925.8740157480313 box 0
3170.0787401574803 1929.8110236220473 2667.716535433071 1965.2440944881891 2692.9133858267714 2466.818897637795 3200.0 2432.9606299212596 box 0
3189.763779527559 1943.1968503937007 3219.685039370079 2451.8582677165355 3725.1968503937005 2411.700787401575 3688.9763779527557 1903.8267716535436 box 0
3211.023622047244 2455.007874015748 2707.8740157480315 2476.267716535433 2740.1574803149606 2970.755905511811 3229.9212598425197 2958.1574803149606 box 0
3726.771653543307 2422.7244094488187 3221.259842519685 2459.732283464567 3248.031496062992 2967.6062992125985 3747.244094488189 2922.7244094488187 box 0
