3108.9241309020135 384.2645828890021 3623.692398282742 368.81690028471684 3638.647297669415 867.163988539569 3123.8790302886864 882.6116711438544 box 0
2594.8571428571427 419.99999999999994 2617.714285714286 920.7142857142857 3119.142857142857 889.2857142857142 3102.0 372.85714285714283 box 0
2617.0 927.8571428571427 2643.4285714285716 1432.142857142857 3145.5714285714284 1405.7142857142856 3123.4285714285716 897.1428571428571 box 0
3140.2640361077742 893.4780962261564 3652.9886645448673 878.0917411895548 3668.296057008521 1388.1850735348266 3155.5714285714284 1403.5714285714284 box 0
2627.714285714286 1449.9999999999998 2657.0 1949.285714285714 3150.5714285714284 1924.285714285714 3137.714285714286 1418.5714285714284 box 0
3151.285714285714 1424.2857142857142 3660.5714285714284 1402.142857142857 3674.142857142857 1901.4285714285713 3174.8571428571427 1925.7142857142856 box 0
2661.285714285714 1962.857142857143 3167.0 1934.9999999999995 3191.285714285714 2439.9999999999995 2687.0 2462.8571428571427 box 0
3179.8571428571427 1942.857142857143 3212.714285714286 2447.142857142857 3715.5714285714284 2407.8571428571427 3687.0 1902.142857142857 box 0
3219.142857142857 2462.142857142857 3721.285714285714 2420.7142857142853 3737.0 2929.285714285714 3234.8571428571427 2965.7142857142853 box 0
3204.8571428571427 2462.142857142857 2704.8571428571427 2473.5714285714284 2733.4285714285716 2975.7142857142853 3224.8571428571427 2964.285714285714 box 0
