1.4230769230769411 1759.3461538461538 1049.5 2543.961538461538 876.4230769230769 2782.4230769230767 1.4230769230769411 2170.8846153846152 box 0
3.3461538461538645 1378.576923076923 1230.2692307692307 2295.8846153846152 1059.1153846153845 2543.961538461538 0.0 1740.0 box 0
172.5769230769231 1115.1153846153845 1.4230769230769411 1359.3461538461538 1234.1153846153845 2288.1923076923076 1409.1153846153845 2055.4999999999995 box 0
347.57692307692304 880.5 178.34615384615387 1107.423076923077 1412.9615384615383 2038.1923076923076 1584.1153846153845 1797.8076923076924 box 0
522.5769230769231 634.3461538461539 349.5 876.6538461538463 1597.576923076923 1795.8846153846155 1766.8076923076922 1549.7307692307693 box 0
1770.6538461538462 1542.0384615384614 1939.8846153846152 1303.576923076923 701.4230769230769 388.19230769230774 520.6538461538462 628.5769230769231 box 0
874.6582278481013 146.83544303797467 706.3037974683544 381.0126582278481 1946.8101265822784 1294.9367088607594 2126.5569620253164 1063.2911392405063 box 0
2301.240506329114 810.126582278481 2132.886075949367 1058.2278481012659 878.4556962025316 140.50632911392404 1192.379746835443 0.0 box 0
2308.8354430379745 808.8607594936708 2482.253164556962 560.7594936708861 1727.8227848101264 1.2658227848101264 1206.3037974683543 1.2658227848101264 box 0
2489.8481012658226 549.367088607595 2658.2025316455697 301.2658227848101 2230.3544303797466 0.0 1736.6835443037974 5.063291139240506 box 0
