-25.750744200732925 913.7458887273075 783.0792808584536 891.9866741318448 774.9430757055546 589.5489648646113 -33.88694935363185 611.308179460074 box 0
-27.474704250721516 605.9678322391487 770.2662643994595 588.4706191388868 763.5757845729871 283.43519281578284 -34.165184077193885 300.93240591604473 box 0
-15.135192897352056 2108.8817933652 823.4335189309882 2095.1766832828707 818.7163277888621 1806.5479254153172 -19.85238403947818 1820.2530354976464 box 0
-23.977488047609995 1211.1749986386696 783.9439250463745 1196.2654405257178 778.4219389982326 897.0392168306904 -29.499474095751907 911.9487749436422 box 0
-16.90615166760591 1502.8394163668029 791.2404303471712 1486.6654170091276 785.4259546194187 1196.1405702054628 -22.720627395358463 1212.314569563138 box 0
-14.523643629689275 1810.5493257419384 802.2980049719763 1792.4073978416313 795.7963666368914 1499.677817354985 -21.025281964774138 1517.8197452552922 box 0
-10.542220373414068 2406.039173402287 823.3737259533207 2404.770034669382 822.9331562712412 2115.283886442684 -10.982790055493467 2116.553025175589 box 0
-15.100836812099317 291.2850520890398 756.4311605351681 280.46531677417613 752.5008918391075 0.2063299376325256 -19.031105508160124 11.026065252496203 box 0
-0.6315449829300519 3024.4886615712676 839.6666728586331 3011.1208055161824 835.039476120015 2720.2570232431854 -5.25874172154812 2733.6248792982706 box 0
-18.75392280334529 2726.47314838883 821.0661761775747 2723.878412928484 820.1243686270147 2419.0500701475466 -19.69573035390522 2421.6448056078925 box 0
