1434.1176470588236 298.58823529411757 1.1764705882352942 329.17647058823525 1.1764705882352942 0.9411764705881818 1422.3529411764707 2.117647058823476 box 0
-6.397588313363826 337.95563127011377 1434.1867328128842 309.1401026746505 1440.0 599.7647058823529 -0.5843211262480336 628.5802344778161 box 0
-2.667346772312385 635.685978689832 1441.0341821749573 606.808097624064 1447.0588235294117 907.9999999999999 3.357294582141972 936.8778810657682 box 0
-0.3732252037627859 950.098331611401 1441.111561660125 921.2647912995584 1447.0588235294115 1218.5882352941178 5.5740366655240905 1247.4217756059597 box 0
-2.6079389487041453 1260.4500924350084 1449.4790789312246 1231.4044792257052 1455.2941176470588 1522.1176470588236 3.2070997671301025 1551.163260268127 box 0
1454.8079687567356 1536.4543785924213 3.333606137256538 1565.487737062507 9.309678302087832 1864.25150376052 1460.7840409215669 1835.218145290434 box 0
1459.3010221254724 1845.4653268550248 -2.7594582116526 1874.7104359136283 3.051919050998322 2165.2405554979164 1465.1123993881233 2135.9954464393127 box 0
1468.5527053039323 2151.809668499224 -2.933857658947659 2166.525024643994 -0.01597472758578533 2458.3035914388884 1471.4705882352941 2443.5882352941176 box 0
1480.8276721714437 2446.478152878549 -1.451151975613243 2461.3014352327255 1.5252690050270985 2758.933611827333 1483.8040931520839 2744.1103294731565 box 0
1482.1099939364035 2750.0011529809994 -1.3452419758494898 2764.836199844981 1.4194178283024712 3041.292964666059 1484.8746537405555 3026.4579178020776 box 0
