1983.898305084746 1988.9830508474577 1987.2986130968648 1737.375789041338 1220.698708107917 1727.0156914022168 1217.2984000957983 1978.6229532083366 box 0
1983.0508474576272 1729.6610169491526 1986.4514711842687 1467.6736499209953 1220.47096086112 1457.7311419020127 1217.0703371344787 1719.7185089301697 box 0
1988.1355932203392 2261.0169491525426 1991.6636708089632 2004.498552420263 1227.706494975991 1993.9913130757973 1224.1784173873673 2250.5097098080764 box 0
1994.0677966101696 2515.2542372881358 1995.4900374487675 2258.7593047576574 1232.7959952000733 2254.5302363564233 1231.3737543614754 2511.025168886901 box 0
1975.4237288135594 1466.1016949152543 1979.7044761530071 1204.477103475585 1206.601459753799 1191.827456657758 1202.320712414351 1453.4520480974272 box 0
1212.779065001051 2519.5963876918368 1216.7661413045626 2263.1285019724596 454.1525234193626 2251.2728317154347 450.165447115851 2507.7407174348114 box 0
458.4745762711865 1988.1355932203392 1207.6271186440679 1988.1355932203392 1207.6271186440679 2245.762711864407 458.4745762711865 2245.762711864407 box 0
446.6101694915254 1728.813559322034 1209.322033898305 1728.813559322034 1209.322033898305 1968.6440677966102 446.6101694915254 1968.6440677966102 box 0
455.08474576271186 1465.2542372881358 1199.1525423728815 1465.2542372881358 1199.1525423728815 1718.64406779661 455.08474576271186 1718.64406779661 box 0
452.54237288135596 1206.7796610169491 1196.6101694915255 1206.7796610169491 1196.6101694915255 1451.6949152542375 452.54237288135596 1451.6949152542375 box 0
