1630.7217186783757 923.8706883903967 1817.128205128205 912.8717948717947 1763.0244946437153 -4.064309496860822 1576.6180081938862 6.934584021741101 box 0
1831.719307550539 904.9975436200599 2017.1282051282049 894.9230769230768 1968.4658863253853 -0.6505702165395861 1783.0569887477188 9.423896480443542 box 0
2227.7370257428706 883.7297076457509 2412.0 874.4102564102564 2367.9382674370763 3.2274273135962166 2183.675293179947 12.546878549090724 box 0
1439.0819488142672 933.4578874235567 1617.128205128205 923.1282051282051 1563.8008551020619 3.958112591047377 1385.7545987881242 14.287794886398958 box 0
1236.5364599570516 950.7141712446045 1427.3846153846152 938.5128205128204 1367.7455247392404 5.664425998812256 1176.897369311677 17.865776730596263 box 0
2027.0373018023888 890.5313446004538 2206.871794871795 882.102564102564 2165.6397322759585 2.3849018637048998 1985.8052392065526 10.813682361594893 box 0
2426.296959292837 868.4961954535971 2611.4738372302795 857.9266780794134 2562.4996532559912 -0.09608368296721892 2377.322775318549 10.473433691216542 box 0
2625.8911431927036 840.7219448281799 2806.7922829054924 831.7330048366794 2765.602882228439 2.8021705435240953 2584.70174251565 11.79111053502469 box 0
1043.9782913962854 970.7330877642285 1236.2085076545093 958.8729938550241 1176.1025641025644 -15.333333333333382 983.8723478443407 -3.4732394241290807 box 0
868.382234090596 988.6778659201098 1043.4741779319572 977.5570524942508 982.1106797277633 11.417816986994694 807.0187358864023 22.538630412853593 box 0
