2051.6949152542375 2733.898305084746 2276.560942935519 2336.44733011727 1692.519244124317 2006.0137796079287 1467.6532164430357 2403.4647545754046 box 0
2291.1994427925374 2338.303180581984 2518.560496321327 1951.407186605144 1936.4406779661017 1609.322033898305 1709.079624437312 1996.2180278751453 box 0
1456.7796610169491 2388.983050847458 1683.7658044593065 1998.0017531571393 1101.7514891988956 1660.1104380747386 874.7653457565378 2051.091735765057 box 0
1701.6949152542375 1987.2881355932207 1930.624473836019 1602.0964705304382 1343.3630799590392 1253.0715464047667 1114.4335213772576 1638.2632114675494 box 0
2526.1784618204715 1938.630939509799 2759.4429361978473 1542.579681591506 2172.0338983050847 1196.6101694915255 1938.7694239277087 1592.6614274098185 box 0
2995.762711864407 1132.2033898305085 3221.675187707048 740.7014253224327 2636.80084346428 403.20526146346737 2410.8883676216396 794.7072259715433 box 0
2766.0042566508296 1529.7659768730625 2989.8305084745766 1148.3050847457628 2404.9280962601983 805.107348593761 2181.1018444364518 1186.5682407210613 box 0
2396.6101694915255 775.4237288135594 2625.6923109132363 393.3792225254367 2045.875704183098 45.70865609818864 1816.7935627613874 427.75316238631143 box 0
2170.283814062339 1173.3467582441865 2395.5341200833136 789.0305707881421 1812.2698562224543 447.1754571760365 1587.0195502014797 831.4916446320807 box 0
1935.2329666047117 1578.9738768882542 2160.4832726256864 1194.65768943221 1577.219008764827 852.8025758201045 1351.9687027438524 1237.1187632761487 box 0
