1945.1852231480984 1940.406560748575 2129.201479448585 387.22192021169315 1835.7440332911106 352.45403800630777 1651.727776990624 1905.6386785431896 box 0
1041.796224794421 1836.8012693768258 1224.4031430756572 286.57092179428196 932.3565481090211 252.169757615972 749.7496298277852 1802.4001051985156 box 0
2850.9243538497135 2035.7808373465668 3045.1847485006097 490.28063130918275 2750.3485938431572 453.2214400277007 2556.088199192261 1998.7216460650848 box 0
1633.9679829802044 1895.1161825414117 1830.5006496337282 368.6123095609215 1539.718253592061 331.1749727015082 1343.1855869385372 1857.6788456819988 box 0
1340.2033289552605 1861.4087258587374 1526.7164638812842 328.9429718057072 1241.6238084196175 294.2449534167754 1055.1106734935938 1826.7107074698056 box 0
742.0089205951649 1786.3487805894222 930.6651029752702 273.3065972625333 635.182107618336 236.46380829302439 446.5259252382307 1749.505991619913 box 0
2551.7618247757587 1989.274148539724 2740.7602276157463 468.02138455920255 2447.5190712203353 431.58949663239554 2258.5206683803476 1952.8422606129168 box 0
2246.5794465370896 1983.3232204864169 2435.6527465741797 433.60661568970363 2141.3748549155466 397.70321765445215 1952.301554878457 1947.4198224511656 box 0
3151.651922462427 2076.250095994624 3349.4950322378463 530.1701825728364 3055.833653404272 492.59199537500444 2857.9905436288527 2038.6719087967922 box 0
3465.805715119757 2101.68261875549 3651.0524881893934 572.8729973093228 3354.606728422723 536.9524879034458 3169.3599553530867 2065.7621093496127 box 0
