1243.430550518115 1309.9963807790455 1411.0987084064907 1221.4934955626084 864.7111345862548 186.36568281958716 697.0429766978795 274.86856803602467 box 0
1083.7142126061735 1408.3863557281938 1241.4757232701584 1321.313426197091 670.944790460843 287.60728669734283 513.183279796858 374.6802162284459 box 0
1766.07495513 1026.645555072163 1925.3484827341294 943.4707326151714 1404.950107812505 -53.0530047944531 1245.6765802083755 30.121817662538596 box 0
1576.5417118166747 1124.344881609254 1742.794870595496 1041.356453856751 1221.012797155493 -3.944924333863177 1054.7596383766718 79.04350341863966 box 0
741.9031592661139 1587.55664270176 896.6153846153846 1500.051282051282 327.7906040945891 494.35120866152516 173.0783787453184 581.8565693120031 box 0
1931.8296849256003 918.3569814351324 2096.0097512273596 830.8626029433118 1610.825809764341 -79.56767899067454 1446.6457434625818 7.92669950114616 box 0
1404.5528282065077 1197.3336795535324 1561.4106194555668 1117.9847977126356 1043.2026970010118 93.58535769317147 886.3449057519525 172.93423953406824 box 0
906.0587774574483 1500.8703702543928 1063.2820512820513 1415.4358974358975 495.27192907737685 370.13874708936476 338.048655252774 455.5732199078604 box 0
2106.2080182215977 827.501823128948 2274.2888270384574 738.2417107973704 1825.9075220921222 -106.08046654630645 1657.826713275263 -16.820354214728752 box 0
544.8840858116748 1683.3740750374468 727.3846153846156 1582.102564102564 166.24166297552443 570.8716163720464 -16.258866597416272 672.1431273069288 box 0
