4037.7481277913494 1907.629262715671 4045.6055306326907 1693.975308791328 2863.4471464310855 1650.4998922295033 2855.5897435897436 1864.1538461538462 box 0
4030.0837443995756 2115.771928004258 4036.906143570996 1908.3400253977152 2857.283937632959 1869.542456367816 2850.4615384615386 2076.974358974359 box 0
4033.5425592728056 1704.308140525406 4042.0336084100536 1471.1881708647136 2869.208997855197 1428.4697739290516 2860.7179487179487 1661.5897435897436 box 0
4033.549197040449 810.3408899705689 4040.177175836821 594.3747826336385 2891.6631000176553 559.1269975263792 2885.035121221284 775.0931048633097 box 0
4009.939690762619 1459.307396164088 4016.148646518336 1246.5640218534522 2864.3628019095636 1212.948933381672 2858.153846153846 1425.6923076923076 box 0
4022.3802011378225 585.762981591132 4028.604329964599 368.9310741144634 2895.315033542353 336.4001672888729 2889.090904715577 553.2320747655415 box 0
4020.0296340556524 1243.6650377580927 4025.697233434232 1025.9363406632133 2876.259548988781 996.0158368756962 2870.5919496102015 1213.7445339705755 box 0
4026.547893097857 2342.7820820764 4033.815246533605 2125.7873095077857 2851.3439053030215 2086.185262589127 2844.0765518672733 2303.1800351577413 box 0
4028.694444264996 1028.552337984404 4034.549345889083 808.2540488612015 2883.466992197406 777.661555524507 2877.612090573319 997.9598446477096 box 0
4002.816789175725 2564.065673758984 4010.9051184128075 2345.811720425168 2830.6127442105053 2302.0709625935547 2822.5244149734226 2520.3249159273705 box 0
