3912.5850053981826 1021.8034853509394 3916.1964635837376 835.0120523550868 2717.361458185555 811.8335670041475 2713.75 998.6250000000001 box 0
3914.899744398833 827.2537287526787 3917.703836791987 649.1004025529566 2696.25 629.8750000000001 2693.445907606845 808.0283261997225 box 0
3870.0 2368.625 3873.320477405285 2195.5868532160907 2688.8036873440747 2172.8568291683246 2685.4832099387895 2345.894975952234 box 0
3913.3438959454274 1231.8185672050363 3919.350971535172 1042.7535118215073 2717.257075589745 1004.559944616471 2711.25 1193.625 box 0
3906.226860970278 1424.4269743710931 3911.66332128245 1237.3908781911848 2722.936460312172 1202.838903820092 2717.5 1389.875 box 0
3907.0692247240386 1616.6511737490575 3912.0584955107 1427.7144722331113 2708.739270786662 1395.9382984840538 2703.75 1584.875 box 0
3825.5 2552.875 3828.820477405285 2379.8368532160907 2644.3036873440747 2357.1068291683246 2640.9832099387895 2530.144975952234 box 0
3879.75 2170.875 3883.070477405285 1997.8368532160907 2698.5536873440747 1975.1068291683246 2695.2332099387895 2148.144975952234 box 0
3879.0 1977.625 3882.320477405285 1804.5868532160907 2697.8036873440747 1781.8568291683248 2694.4832099387895 1954.8949759522338 box 0
3887.0 1793.125 3890.320477405285 1620.0868532160907 2705.8036873440747 1597.3568291683246 2702.4832099387895 1770.3949759522336 box 0
