838.2987012987013 1448.051948051948 1473.3636363636363 1417.5324675324675 1481.155844155844 1727.922077922078 844.7922077922078 1754.5454545454547 box 0
1487.6493506493507 1418.8311688311687 2126.6103896103896 1420.1298701298701 2138.9480519480517 1721.4285714285713 1499.3376623376623 1733.7662337662337 box 0
846.7402597402597 1760.3896103896104 1485.7012987012988 1738.9610389610389 1492.844155844156 2044.155844155844 859.0779220779222 2061.038961038961 box 0
1513.6233766233765 1741.5584415584415 2148.0389610389607 1730.5194805194806 2158.428571428571 2038.311688311688 1520.1168831168832 2050.0 box 0
1520.7662337662339 2061.688311688312 2155.8311688311687 2050.6493506493507 2164.272727272727 2351.9480519480517 1522.7142857142858 2369.4805194805194 box 0
863.6233766233767 2067.5324675324673 1502.5844155844156 2053.246753246753 1506.4805194805194 2357.142857142857 865.5714285714286 2368.181818181818 box 0
881.1558441558442 2374.6753246753246 1514.922077922078 2372.077922077922 1513.6233766233765 2679.87012987013 877.9090909090909 2676.6233766233768 box 0
1534.4025974025974 2375.974025974026 2175.961038961039 2358.4415584415583 2177.25974025974 2664.285714285714 1540.2467532467533 2681.1688311688313 box 0
903.8831168831169 2689.6103896103896 1537.0 2689.6103896103896 1542.844155844156 3002.5974025974024 901.2857142857143 2992.8571428571427 box 0
1549.987012987013 2697.402597402597 2188.9480519480517 2669.4805194805194 2190.896103896104 2977.9220779220777 1559.7272727272727 2998.051948051948 box 0
