2418.181818181818 1474.8181818181818 2435.03750097994 1214.6251054141217 1659.2945054003662 1164.3713552103738 1642.438822602244 1424.5644316144337 box 0
2417.0454545454545 1211.181818181818 2436.481674954037 949.6792014991622 1689.282832233684 894.1435377250056 1669.8466118251024 1155.6461544076615 box 0
1642.56478461224 1422.6919568681092 1656.483161104762 1169.8608461647627 890.054740128886 1127.668889296654 876.1363636363636 1380.5 box 0
2429.0817923511386 942.9592159079543 2447.7272727272725 691.8636363636363 1695.4909789314977 636.0051975984504 1676.8454985553635 887.1007771427687 box 0
2400.0 1730.4999999999998 2414.6946622258697 1476.7357483688972 1638.3776925007596 1431.7817582895352 1623.6830302748897 1685.546009920638 box 0
1615.2311887782275 1690.077908836942 1629.5002845093754 1432.5292203611682 875.0 1390.7272727272727 860.7309042688519 1648.2759612030468 box 0
1655.0553388194708 1165.9203536650264 1668.3059864821103 911.358076619641 922.3415567535486 872.5286320455234 909.0909090909091 1127.090909090909 box 0
2379.5454545454545 1989.5909090909088 2392.018556443387 1738.2082860158655 1620.6056221161593 1699.9323223969552 1608.132520218227 1951.314945471999 box 0
1672.5507216440353 890.6633276001232 1683.2891241624147 635.1723913260597 927.7838570638336 603.4181546350272 917.0454545454545 858.9090909090909 box 0
1600.7311887782275 1957.3960906551238 1615.0002845093754 1699.8474021793497 860.5 1658.0454545454545 846.2309042688519 1915.5941430212285 box 0
