637.4675324675325 1034.883116883117 356.94805194805195 1034.883116883117 356.94805194805195 1.1168831168832822 637.4675324675325 1.1168831168832822 box 0
944.1558441558441 1027.0909090909092 648.051948051948 1027.0909090909092 648.051948051948 -0.18181818181801646 944.1558441558441 -0.18181818181801646 box 0
1246.5584415584415 3.714285714285836 962.142857142857 3.7142857142857792 962.1428571428571 1018.0000000000001 1246.5584415584412 1018.0000000000001 box 0
1539.0773897774452 1.0188871262351995 1254.6760260225753 3.8629955680306693 1264.8187141186586 1018.0979959906482 1549.2200778735285 1015.2538875488527 box 0
1860.8755004960906 1007.3774279154584 1559.5918640069135 1010.3903647122463 1549.5141098935196 2.6485461105160653 1850.7977463826967 -0.3643906862718609 box 0
2172.5378061240644 1000.8775578927306 1869.9555332707102 1003.9034814860563 1859.9297263434678 1.3562083410360515 2162.511999196822 -1.6697152522896772 box 0
2472.687482203606 994.4492126527466 2183.0915729920266 997.3452682806937 2173.1566736405493 3.88844968491594 2462.752582852129 0.9923940569689194 box 0
2772.4274832880164 981.4105771522014 2472.4424831630167 984.4105271524513 2462.637451776918 3.9400721984483766 2762.622451901918 0.9401221981983666 box 0
3087.985600606737 974.852266545053 2775.014236839963 977.982084510682 2765.261152640016 2.7061750133888722 3078.23251640679 -0.42364295223995896 box 0
3100.9616398756752 975.2549438169481 3387.9602763588996 972.3848617820769 3378.259139345104 2.3034977414938567 3091.2605028618796 5.173579776365045 box 0
