8.579009543967913 1501.0378975605568 842.5959967075439 1472.0400041700814 835.2004011997454 1259.3330947184959 1.183414036169438 1288.3309881089713 box 0
9.93487983265726 2591.026583906269 858.5082869662899 2560.833348292324 850.9181404539029 2347.514160875225 2.344733320270109 2377.70739648917 box 0
-11.684032970471264 2813.0263577918945 868.9938863653445 2781.1005548687576 861.201593357129 2566.1490183372557 -19.476325978686702 2598.0748212603926 box 0
-0.3401775452484799 1710.7221929539326 831.5906013456414 1690.0296978948224 826.3150609328876 1477.9293962098232 -5.6157179580022785 1498.6218912689337 box 0
0.7168469776403299 2374.270846908322 843.86568603313 2346.9765922417755 836.8513357768762 2130.29577983118 -6.297503278613476 2157.5900344977263 box 0
0.5352847250568402 1935.7832293748852 838.736900025923 1911.0588374346826 832.5128205128207 1700.0512820512818 -5.688794788045375 1724.7756739914853 box 0
-24.716765933621446 1277.5134146449907 819.7011149319897 1258.8780078371167 814.864337020505 1039.7112466098922 -29.553543845106105 1058.3466534177662 box 0
-2.5369598650036664 2156.5278303605646 834.7412438132931 2131.078322908489 828.0393902086316 1910.5901284712222 -9.238813469665104 1936.0396359232973 box 0
13.456158742720845 838.1375608466233 822.863237582093 824.8754654943281 819.352842416947 610.6303842522536 9.945763577574894 623.892479604549 box 0
9.636389574632574 1053.2964588680788 810.5267346580968 1045.4150873010635 808.4126823095228 830.5890128573849 7.522337226058596 838.4703844244003 box 0
