2311.5169082125603 800.8502415458936 2935.671497584541 923.0724637681159 2875.768115942029 1222.589371980676 2244.8502415458934 1101.3333333333333 box 0
2251.1304347826085 1111.478260869565 2880.599033816425 1235.6328502415458 2821.1787439613527 1537.5652173913045 2191.2270531400964 1409.5458937198066 box 0
2190.260869565217 1420.6570048309177 2824.07729468599 1547.2270531400966 2764.6570048309177 1845.7777777777776 2137.6038647342993 1718.724637681159 box 0
2131.323671497584 1725.0048309178744 2766.1062801932367 1858.338164251208 2704.7536231884055 2154.9565217391305 2083.4975845410627 2021.623188405797 box 0
2084.463768115942 2035.6328502415456 2714.8985507246375 2166.5507246376815 2655.9613526570047 2468.0 2031.806763285024 2332.2512077294687 box 0
2729.391304347826 2175.729468599034 3354.9951690821254 2291.1884057971015 3287.845410628019 2591.671497584541 2669.004830917874 2481.04347826087 box 0
2792.6763285024153 1868.0000000000002 3413.932367149758 1988.7729468599032 3356.927536231884 2289.2560386473433 2726.009661835749 2163.169082125604 box 0
2851.613526570048 1558.821256038647 3474.31884057971 1686.3574879227053 3409.5845410628017 1985.391304347826 2787.845410628019 1856.888888888889 box 0
2908.135265700483 1246.2608695652173 3529.391304347826 1385.8743961352657 3460.309178743961 1681.0434782608697 2838.5700483091787 1542.87922705314 box 0
2952.096618357488 928.8695652173914 3568.0386473429953 1076.695652173913 3501.855072463768 1374.7632850241546 2883.9806763285023 1228.8695652173913 box 0
