2756.4003705020496 2318.5391909561286 3975.82216830323 2268.3256111568844 3966.8206164364265 2049.7256108322017 2747.3988186352462 2099.939190631446 box 0
2755.203709926282 1617.8972619331369 3969.2972291742003 1561.9495377192175 3958.9191294291863 1336.7395971977223 2744.825610181268 1392.687321411642 box 0
2748.716092385464 911.0531173087237 3961.5759130466927 860.6665634384823 3952.151726828403 633.8160263680342 2739.291906167174 684.2025802382756 box 0
2757.2774853574438 2092.9327415639304 3979.039254495764 2033.9021592596905 3968.11710997947 1807.8454597300147 2746.35534084115 1866.8760420342544 box 0
2768.4102564102564 2564.153846153846 4000.9622567792876 2511.1920060098273 3990.795730769679 2274.591994834386 2758.2437304006476 2327.5538349784047 box 0
2745.27467804888 1385.8721092169042 3974.4695114225356 1328.63009083273 3963.9237716581506 1102.174609380508 2734.728938284495 1159.416627764682 box 0
2726.004888393332 1144.4225219586028 3969.9732130738444 1096.229795124018 3961.0698811989528 866.4137302539216 2717.1015565184402 914.6064570885065 box 0
2737.4026588439424 686.5886475276669 3963.2820512820513 635.9487179487179 3953.586459658347 401.24013782590697 2727.7070672202385 451.88006740485605 box 0
2745.3333333333335 1856.4615384615386 3985.5089392191567 1802.6466016814795 3975.3639014778414 1568.8522486565698 2735.1882955920178 1622.6671854366286 box 0
2723.84190324401 421.856026407565 3958.153846153846 376.9743589743589 3950.403524927073 163.82911284841444 2716.091582017237 208.71078028162069 box 0
