3262.3133943131675 2533.382458406001 3417.352068057616 2382.803998588017 2703.248876042057 1647.548690885991 2548.2102022976082 1798.1271507039755 box 0
3601.3206169288105 2232.073970924316 3756.499652983879 2081.144515677058 3030.6786613304666 1334.8872549667972 2875.499625275398 1485.8167102140555 box 0
3093.373156595869 2702.3968380231695 3255.566398074707 2549.575421024813 2553.572430562334 1804.5314388017816 2391.379189083496 1957.3528558001387 box 0
2780.1825318605647 3024.853472202345 2938.597548086995 2873.6615472865606 2219.8263540952453 2120.5515487021958 2061.411337868815 2271.7434736179803 box 0
3761.703057071818 2058.568142733595 3915.579160416538 1907.034886778058 3192.1867485312096 1172.4581443452628 3038.3106451864896 1323.9914003007996 box 0
2938.433982554348 2853.286312357678 3092.850998164235 2705.646194543603 2382.648792561619 1962.8446667988155 2228.2317769517317 2110.484784612891 box 0
3423.815877121444 2377.5471394545293 3580.1784302807764 2226.3019549488017 2872.2826168360752 1494.454543589904 2715.9200636767428 1645.6997280956316 box 0
3925.4129488454164 1911.0458638106936 4082.462907042914 1757.600252752499 3363.9601117624934 1022.2202494705565 3206.910153564996 1175.665860528751 box 0
2608.337678030848 3161.0829275391347 2764.847675139811 3012.776900798398 2059.0035893641716 2267.887038586353 1902.4935922552088 2416.19306532709 box 0
2331.9099225317714 3206.797230744617 2493.7243330449946 3051.938675331584 1875.6632799828767 2406.115881132824 1713.8488694696534 2560.9744365458573 box 0
