851.25 683.6250000000001 859.0787048665891 389.66707499915475 -4.662911637814283 366.6638571182825 -12.491616504403368 660.6217821191278 box 0
848.75 968.6250000000001 855.9070992257351 680.1823829617834 -3.3562946770649784 658.8615620846475 -10.513393902799905 947.3041791228644 box 0
830.0 2686.125 834.0644721093394 2401.6506871813367 -0.741388927386879 2389.7232653158003 -4.805861036726372 2674.1975781344627 box 0
854.4914777883482 1256.201581857382 860.8684224522294 968.3642961056793 -3.6660682805968126 949.2108059905183 -10.04301294447797 1237.0480917422212 box 0
846.0634389188514 390.54685136978065 852.5 108.6250000000001 -17.682996961457455 88.75784183363002 -24.119558042605988 370.6796932034106 box 0
837.7252508139703 1536.9117566825776 842.5587228309878 1260.946477480205 -6.391641400580056 1246.0772959613914 -11.22511341759764 1522.0425751637638 box 0
825.0 2992.375 826.7401825496576 2686.5256818751363 -1.4438826920444967 2681.813585516466 -3.184065241702135 2987.6629036413287 box 0
823.75 2111.125 825.6754190593791 1829.739510019036 8.830285422782083 1824.1501344297997 6.9048663634030065 2105.5356244107634 box 0
833.75 1829.875 835.97464980211 1548.3979972329294 -19.61750416489309 1541.6358358581172 -21.842153967003004 1823.1128386251874 box 0
832.7051920009071 2394.36691442114 834.1950177184181 2112.0994207755452 -20.360018950870483 2107.5890251426113 -21.849844668381422 2389.8565187882064 box 0
