1015.9235410744419 966.5625666079593 1026.3779513563409 192.98890274793789 819.6851795126682 190.19556690920936 809.2307692307692 963.769230769231 box 0
1875.0325995082553 970.344443752718 1882.4571030121701 205.26692385148036 1680.5014265808377 203.30709548337788 1673.076923076923 968.3846153846156 box 0
800.0136019014352 966.7162773794715 815.2054168683864 191.67903289546211 607.6418205146648 187.6104958385365 592.4500055477137 962.647740322546 box 0
1236.028341881492 970.1209510257363 1245.262060437592 202.3439338813451 1036.9260262484079 199.8383674709935 1027.6923076923076 967.6153846153846 box 0
1448.884849879589 972.7004156999736 1459.3198690524114 202.32888519835177 1254.2811730189765 199.55154642145504 1243.8461538461538 969.923076923077 box 0
1666.3934921789148 974.9196155818439 1670.7119056967058 200.1419613245265 1464.3184135177912 198.99157651191348 1460.0 973.769230769231 box 0
2097.6866861377985 970.718725859748 2100.62780674527 194.47336759503673 1890.6334282997789 193.6777186583657 1887.6923076923076 969.923076923077 box 0
2308.8940626404988 969.5827357024488 2316.2119697121175 195.4259576142081 2108.0871378408488 193.45860652714367 2100.7692307692305 967.6153846153846 box 0
2523.457808694699 965.6557372381483 2527.6974074303034 190.6986711082781 2323.470367966373 189.58139540859133 2319.230769230769 964.5384615384614 box 0
2740.7692307692305 959.1538461538461 2746.2548178080765 178.633430992535 2533.829645736371 177.14048250841336 2528.3440586975253 957.6608976697244 box 0
