3067.142857142857 1707.1428571428569 3123.2853883899625 984.6833014211131 2473.458440049001 934.1850701173593 2417.315908801895 1656.644625839103 box 0
2627.217955645804 914.2238269000815 2682.4291857838807 288.7092728753705 2165.211230138076 243.05687454671735 2110.0 868.5714285714284 box 0
2387.142857142857 1648.5714285714284 2440.686173437192 931.7349313806425 1793.445542458283 883.3900020154947 1739.9022261639489 1600.226499206281 box 0
1724.4345797695355 1619.878590881367 1776.6176697859573 908.4459843456834 1131.823007281856 861.1507414703174 1079.6399172654342 1572.583348006001 box 0
1067.5954271310727 1581.4240613949999 1138.910150259529 859.5742646131137 511.96431617794826 797.6355222689406 440.6495930494921 1519.4853190508268 box 0
2087.142857142857 879.9999999999999 2141.0163246074394 253.46653172009695 1622.0170115245537 208.83955802581966 1568.143544059971 835.3730263057225 box 0
3745.669202226185 1739.937868804553 3790.154390325677 1013.0936120842847 3145.123932081677 973.6156895450562 3100.6387439821847 1700.4599462653246 box 0
1547.5269415148387 857.8211487300865 1612.6543389884487 236.07445517782264 1099.729796003472 182.3460784427652 1034.602398529862 804.0927719950291 box 0
3167.582329954257 949.1108352485699 3219.2091843276744 320.30805541696077 2694.4352229937413 277.2223221000629 2642.8083686203236 906.025101931672 box 0
1016.5958831321888 795.1105593055809 1079.4780043089663 162.77137420449924 569.3204660127283 112.03944283247364 506.4383448359506 744.3786279335553 box 0
3713.790341017454 962.7900146063918 3748.970098087272 346.1314794515264 3225.4563363812276 316.26553921135735 3190.2765793114095 932.9240743662227 box 0
2701.428571428571 2631.428571428571 2743.083177783518 1733.1248781621498 2199.0531809074514 1707.898047264067 2157.3985745525047 2606.201740530488 box 0
471.4285714285714 809.9999999999999 545.2178160069308 88.89390143861239 -8.88875869389279 32.19336091531608 -82.67800327225221 753.2994594767035 box 0
372.85714285714283 1579.9999999999998 476.34429546395 862.8246539581666 -1.8513014146393516 793.8218626837559 -105.33845402144651 1510.997208725589 box 0
3291.616997789802 2663.653098477416 3319.934900843086 1761.639511017585 2794.0321887675686 1745.1292696830255 2765.7142857142853 2647.142857142857 box 0
1869.9999999999998 2382.8571428571427 1908.803665811273 1892.660525089466 1017.0238271649727 1822.0677760132926 978.2201613536994 2312.2643937809694 box 0
