1140.5594405594406 346.8531468531469 0.0 500.0 0.0 723.0769230769231 1169.2307692307693 554.5454545454546 box 0
1164.3356643356644 563.6363636363636 0.0 727.2727272727273 0.6993006993006994 939.1608391608391 1200.0 775.5244755244755 box 0
2.097902097902098 942.6573426573427 1.3986013986013988 1150.3496503496503 1233.5664335664337 986.0139860139861 1206.9930069930072 781.8181818181818 box 0
1.3986013986013988 1157.3426573426575 1.3986013986013988 1383.916083916084 1260.839160839161 1207.6923076923078 1235.6643356643358 997.2027972027973 box 0
0.0 1389.5104895104896 0.6993006993006994 1604.895104895105 1286.7132867132868 1425.8741258741259 1260.839160839161 1216.0839160839162 box 0
1.3986013986013988 1611.8881118881118 22.37762237762238 1820.2797202797206 1321.6783216783217 1638.4615384615386 1293.7062937062938 1433.5664335664337 box 0
21.566657247764624 1820.1744603789198 1330.625089096919 1649.0316718878385 1358.0419580419582 1858.741258741259 48.9835261928041 2029.884047232341 box 0
57.3288950100025 2036.356278560738 1366.3873268591565 1865.2134900696562 1393.8041958041958 2074.923076923077 84.74576395504221 2246.065865414159 box 0
90.29392997503737 2249.041593246053 1399.3523618241911 2077.898804754971 1426.7692307692305 2287.6083916083917 117.71079892007708 2458.7511800994735 box 0
118.3638600449674 2467.3213135257733 1427.422291894121 2296.1785250346916 1454.8391608391603 2505.8881118881122 145.7807289900071 2677.030900379194 box 0
