2091.356692961434 2604.2663651713756 2917.5 2594.875 2915.2223076105497 2394.510059578734 2089.079000571983 2403.9014247501095 box 0
2103.71124635091 2838.3119179334794 2923.75 2817.375 2918.4846484563923 2611.1463501546373 2098.445894807302 2632.083268088117 box 0
2904.304654570688 2161.134231435019 2903.75 1968.625 2079.3238160744686 1971.0003237582464 2079.878470645157 2163.509555193266 box 0
2921.25 2384.875 2920.29668905411 2176.4886749974444 2090.747254543701 2180.2836387795733 2091.7005654895906 2388.6699637821293 box 0
1258.27265174461 2192.854755203166 2070.4647805315203 2159.0387033149473 2062.652553690532 1971.4050561487293 1250.4604249036217 2005.221108036948 box 0
2118.0444334399485 3049.188312946945 2937.5 3021.125 2930.9249568418845 2829.1321399097924 2111.4693902818326 2857.195452856737 box 0
1260.1655201177175 2624.574541216892 2075.0138952535344 2609.4098731581953 2071.3350058456813 2411.730831012973 1256.4866307098641 2426.8954990716697 box 0
1265.0 2411.125 2078.1381972960435 2393.5588028882953 2073.68471789311 2187.40751183944 1260.546520597066 2204.9737089511445 box 0
1265.6655201177175 2838.824541216892 2080.5138952535344 2823.6598731581953 2076.8350058456813 2625.980831012973 1261.9866307098641 2641.1454990716697 box 0
1278.6655201177175 3060.574541216892 2093.5138952535344 3045.409873158195 2089.8350058456813 2847.730831012973 1274.9866307098641 2862.8954990716697 box 0
