1494.8571428571427 1057.8571428571427 1778.4285714285713 1166.4285714285713 1546.2857142857142 1763.5714285714287 1266.2857142857142 1652.8571428571427 box 0
1789.8571428571427 1174.2857142857142 2072.714285714286 1282.142857142857 1836.2857142857142 1877.1428571428569 1553.4285714285713 1764.2857142857144 box 0
2087.0 1283.5714285714284 2366.285714285714 1402.142857142857 2124.857142857143 1989.9999999999998 1848.4285714285713 1870.7142857142856 box 0
2384.1428571428573 1396.4285714285713 2659.1428571428573 1517.142857142857 2409.8571428571427 2104.285714285714 2131.285714285714 1982.142857142857 box 0
2684.1428571428573 1497.8571428571427 2966.285714285714 1618.5714285714284 2705.5714285714284 2200.0 2428.4285714285716 2077.142857142857 box 0
2920.5714285714284 895.0 3200.5714285714284 1012.8571428571428 2974.8571428571427 1602.1428571428567 2690.5714285714284 1489.9999999999998 box 0
2631.285714285714 784.2857142857142 2910.5714285714284 901.4285714285714 2677.714285714286 1493.5714285714284 2394.1428571428573 1378.5714285714284 box 0
2337.0 677.1428571428571 2614.1428571428573 792.8571428571428 2382.0 1384.2857142857142 2102.0 1264.9999999999998 box 0
2045.5714285714284 560.0 2327.0 678.5714285714286 2089.857142857143 1264.2857142857142 1801.2857142857142 1145.7142857142856 box 0
1749.142857142857 452.85714285714283 2036.2857142857142 569.2857142857142 1786.2857142857142 1155.7142857142856 1502.0 1038.5714285714284 box 0
