2534.556693859434 2237.042879523954 2626.7174416016446 1795.6373852469903 1947.683574766079 1653.862374013025 1855.522827023868 2095.267868289988 box 0
1748.4485981308412 2548.373831775701 1836.436236476868 2098.798600521641 1183.2770416640958 1970.9669696391745 1095.2894033180692 2420.5422008932355 box 0
2435.3644859813085 2687.626168224299 2523.638036903091 2250.3193931578485 1852.5309604959841 2114.8515521343716 1764.2574095742018 2552.1583272008224 box 0
1848.4485981308412 2094.1682242990655 1937.1807573515464 1642.9555675527401 1278.33145190014 1513.3911136313322 1189.599292679435 1964.603770377658 box 0
1948.0324077695236 1632.4945803852404 2033.4953271028037 1193.233644859813 1367.33415915788 1063.6248552893485 1281.8712398246003 1502.8857908147756 box 0
2612.29991655953 1779.6327621893279 2703.190399154826 1337.0818444536512 2045.8811368009033 1202.084596283015 1954.9906542056074 1644.6355140186915 box 0
2127.88785046729 718.467289719626 2216.9879805075825 279.0459486711507 1558.1962054132703 145.464742327549 1469.0960753729776 584.8860833760244 box 0
2806.392523364486 862.392523364486 2892.1610859757434 424.40871667266424 2228.109937137575 294.37031875472707 2142.341374526317 732.3541254465487 box 0
2706.3458797910093 1317.7516492929415 2796.8137187119787 888.7389932367784 2139.851016491062 750.2022972148648 2049.3831775700933 1179.214953271028 box 0
2037.6211928162522 1175.3543934693525 2123.0841121495323 736.0934579439253 1456.9229442046092 606.4846683734607 1371.4600248713293 1045.7456038988876 box 0
