4572.687821737361 1124.31389492262 4604.082700970152 508.6967436202 4087.7327083627115 482.36423221198714 4056.3378291299214 1097.9813835144073 box 0
1171.895907670451 1171.0434382142723 1203.4948645251425 467.26887886821316 565.02570296697 438.6020860420079 533.4267461122786 1142.3766453880671 box 0
2996.808510638298 1045.5744680851064 3015.1310030211466 423.63391895623204 2499.80474911108 408.4523049335182 2481.4822567282313 1030.3928540623926 box 0
2477.8143088424895 1119.9454451321453 2478.5209776857146 410.88712837623257 1836.5221368076532 410.24729302346344 1835.8154679644276 1119.305609779376 box 0
3527.143770886872 1069.8714434987737 3551.933606526741 447.6152317762744 3032.555929911001 426.9239361398982 3007.766094271131 1049.1801478623975 box 0
4048.3623726681767 1066.6426718155358 4081.0633558749064 444.10880721185777 3564.6335364504757 416.98134666285773 3531.932553243747 1039.5152112665357 box 0
5092.829547697419 1216.8188432112538 5135.37627065841 591.7060922869937 4623.989261681995 556.8998251542248 4581.442538721004 1182.012576078485 box 0
1871.2369691119277 2368.3926910007144 1909.668061702601 1898.7032184077505 1028.9018130656216 1826.6368613202856 990.4707204749483 2296.3263339132495 box 0
1825.7629781866456 1202.3014738664467 1835.6056020050803 500.33592904007196 1206.8504838800047 491.51982667261024 1197.0078600615702 1193.485371498985 box 0
2690.4255319148933 2639.191489361702 2746.1573560133793 1741.9825372380874 2203.728653245731 1708.2885566139935 2147.9968291472446 2605.4975087376083 box 0
3268.085106382979 2734.936170212766 3354.432864661773 1846.6066858464437 2810.6403937655273 1793.7487523238701 2724.292635486733 2682.078236690192 box 0
514.3543161137274 1168.319724564082 554.61720571837 467.7806429081379 -8.032801554935222 435.4428109126027 -48.29569115957784 1135.9818925685468 box 0
5500.622306775214 1257.6664471604495 5539.098972610624 635.5886238427508 5137.127594042657 610.7259493849608 5098.6509282072475 1232.8037727026594 box 0
