3624.8239808303515 2558.8615846379794 3625.463901600009 2353.8397961861683 2421.0769499715316 2350.080623900764 2420.437029201873 2555.102412352575 box 0
3650.0 1058.625 3654.7048813424376 852.0865292046255 2439.029506979322 824.3938268946113 2434.324625636884 1030.9322976899857 box 0
3638.75 2354.875 3640.560841260502 2146.911674443026 2434.1098791112345 2136.4064991907026 2432.299037850733 2344.3698247476764 box 0
3630.0 2788.625 3631.7299886848264 2580.1790790379396 2432.318992296774 2570.22461486502 2430.589003611947 2778.6705358270797 box 0
3632.5 1489.875 3634.711782917445 1286.670933504034 2430.357011812363 1273.5620850680398 2428.1452288949176 1476.7661515640057 box 0
3652.5 844.875 3656.7158791336888 631.0929198531235 2442.582924509619 607.1496698603912 2438.3670453759305 820.9317500072677 box 0
3636.25 1273.625 3639.3821453885166 1066.2464810331305 2437.773109176647 1048.0979561988288 2434.64096378813 1255.4764751656983 box 0
3633.75 1702.3749999999998 3635.1823107040454 1499.1217860842648 2427.495449091708 1490.611304081554 2426.0631383876616 1693.8645179972887 box 0
3630.0 2141.125 3633.3115185225633 1933.641715292027 2436.104486605229 1914.5337988778556 2432.7929680826655 2122.017083585828 box 0
3642.5 1931.125 3646.0677287320204 1705.2012658777844 2431.22038837633 1686.0167132762367 2427.65265964431 1911.9404473984523 box 0
