832.4142011834318 1122.4378698224853 1030.6390532544376 893.4437869822484 1514.662721893491 1304.0946745562132 1314.662721893491 1536.6390532544378 box 0
632.2205882352941 1363.2205882352941 834.1893491124258 1133.6804733727813 1319.9881656804732 1554.98224852071 1116.7794117647059 1783.8088235294117 box 0
1321.1911764705883 1545.5735294117644 1528.5441176470588 1315.4264705882351 1992.514705882353 1752.9264705882351 1792.514705882353 1978.6617647058822 box 0
1125.6029411764707 1799.9852941176468 1337.3676470588236 1573.514705882353 1807.2205882352941 2004.397058823529 1601.3382352941176 2224.9852941176473 box 0
927.0735294117648 2049.9852941176473 1132.9558823529412 1821.3088235294117 1611.6323529411766 2241.8970588235293 1402.8088235294117 2468.3676470588234 box 0
725.6029411764706 2290.4264705882356 924.1323529411766 2058.8088235294117 1406.485294117647 2479.3970588235293 1209.4264705882354 2699.25 box 0
522.6617647058824 2536.75 723.3970588235295 2297.779411764706 1210.1617647058824 2711.014705882353 1012.3676470588235 2939.6911764705883 box 0
33.69117647058835 2096.3088235294117 227.0735294117648 1861.7499999999998 705.014705882353 2288.220588235294 507.22058823529426 2524.25 box 0
230.7500000000001 1855.1323529411764 419.7205882352942 1620.5735294117649 905.014705882353 2037.4852941176468 709.4264705882354 2264.6911764705883 box 0
434.42647058823536 1609.5441176470588 628.5441176470589 1380.8676470588234 1116.7794117647059 1798.5147058823532 913.1029411764706 2024.985294117647 box 0
