2592.8441558441555 419.4805194805195 3092.8441558441555 380.5194805194805 3117.51948051948 898.0519480519481 2614.272727272727 925.3246753246754 box 0
3112.324675324675 375.97402597402595 3121.4155844155844 884.4155844155844 3633.1038961038957 869.4805194805194 3615.5714285714284 367.53246753246754 box 0
3146.7402597402593 894.8051948051948 3646.090909090909 884.4155844155844 3658.428571428571 1389.6103896103896 3158.428571428571 1400.6493506493507 box 0
3109.7272727272725 901.9480519480518 3144.142857142857 1403.8961038961038 2642.8441558441555 1431.168831168831 2612.324675324675 927.2727272727274 box 0
2630.5064935064934 1451.948051948052 2654.5324675324673 1949.9999999999998 3155.8311688311687 1924.025974025974 3136.9999999999995 1414.2857142857142 box 0
3655.181818181818 1396.103896103896 3151.9350649350645 1419.4805194805194 3174.0129870129867 1927.2727272727273 3673.363636363636 1900.649350649351 box 0
3677.25974025974 1907.792207792208 3712.9740259740256 2411.688311688312 3209.7272727272725 2443.5064935064934 3179.207792207792 1942.857142857143 box 0
3162.9740259740256 1929.2207792207791 2661.025974025974 1961.6883116883116 2683.7532467532465 2462.337662337662 3189.5974025974024 2435.714285714286 box 0
3200.6363636363635 2451.9480519480517 2701.9350649350645 2472.077922077922 2728.5584415584412 2975.974025974026 3216.8701298701294 2959.090909090909 box 0
3744.142857142857 2920.779220779221 3237.6493506493503 2963.6363636363635 3214.9220779220777 2456.4935064935066 3718.8181818181815 2416.883116883117 box 0
