1032.0000000000002 675.6521739130434 1980.695652173913 650.4347826086956 1993.7391304347825 908.6956521739129 1038.0869565217392 939.1304347826086 box 0
1033.7391304347827 958.2608695652173 1977.2173913043478 944.3478260869564 1985.0434782608695 1198.2608695652173 1038.9565217391305 1214.782608695652 box 0
1025.0434782608697 1234.782608695652 1978.0869565217392 1226.086956521739 1988.5217391304348 1480.869565217391 1029.3913043478262 1487.8260869565215 box 0
1043.304347826087 1500.869565217391 1991.1304347826087 1499.1304347826085 2001.5652173913043 1757.3913043478258 1053.7391304347827 1758.2608695652173 box 0
1046.7826086956522 1773.9130434782608 1991.1304347826087 1779.1304347826085 1996.3478260869565 2039.1304347826085 1046.7826086956522 2038.2608695652173 box 0
2000.695652173913 1779.9999999999998 2943.304347826087 1747.8260869565215 2953.7391304347825 2006.9565217391303 2010.2608695652175 2039.1304347826085 box 0
2012.0 1495.6521739130433 2953.7391304347825 1468.6956521739128 2960.695652173913 1727.8260869565215 2018.0869565217392 1756.5217391304345 box 0
2001.5652173913043 1212.173913043478 2947.6521739130435 1196.5217391304348 2956.3478260869565 1457.391304347826 2013.7391304347823 1475.6521739130433 box 0
2007.6521739130435 928.6956521739129 2950.2608695652175 919.9999999999999 2958.9565217391305 1178.2608695652173 2018.9565217391305 1192.173913043478 box 0
2004.1739130434783 643.4782608695651 2940.695652173913 645.2173913043478 2950.2608695652175 900.8695652173913 2006.7826086956522 918.2608695652173 box 0
