2026.271186440678 1893.2203389830509 2148.150882637796 1664.5165985873614 1481.3880618159606 1309.188566362357 1359.5083656188428 1537.8923067580465 box 0
2588.983050847458 2490.677966101695 2707.815128030016 2268.8425259646074 2037.1268731687478 1909.5704528555618 1918.2947959861904 2131.405892992649 box 0
2356.245341990864 2953.0710610613955 2468.4767264876164 2728.8304946032094 1781.166133399958 2384.8346661058 1668.9347489032052 2609.075232563986 box 0
2472.8813559322034 2718.64406779661 2587.831070702847 2495.526331422403 1908.7741185487462 2145.677842316991 1793.8244037781028 2368.795578691198 box 0
1901.3569184146602 2130.734256885108 2024.0654129578916 1903.1684203790182 1353.3898305084747 1541.5254237288136 1230.681335965243 1769.0912602349033 box 0
1776.0102209792333 2365.895987280118 1898.3433119859685 2139.3418290077857 1243.2203389830509 1785.5932203389832 1120.8872479763152 2012.1473786113152 box 0
2703.389830508475 2257.627118644068 2824.4038565991345 2034.101083861201 2152.393872457618 1670.2838048892836 2031.379846366959 1893.8098396721516 box 0
1663.0737540223697 2598.207930533931 1781.4290917043718 2379.2394235428364 1129.3722868345442 2026.7942048733114 1011.0169491525426 2245.762711864407 box 0
2829.249748305357 2021.7851853048332 2952.542372881356 1790.6779661016951 2284.7147950811436 1434.4008445339462 2161.4221705051436 1665.5080637370843 box 0
2147.1221603427475 1662.810583294657 2268.097586664536 1430.4820136590927 1596.7406881284985 1080.9008702729361 1475.7652618067095 1313.2294399085004 box 0
