2608.9084754968835 3031.8826126639833 2608.869785554308 1881.0506193052406 2422.183532279647 1881.0568955301464 2422.222222222222 3031.8888888888887 box 0
2415.6349983940745 3036.5627831732663 2422.2191509113 1878.796405282833 2233.3333333333335 1877.7222222222224 2226.7491808161076 3035.4886001126556 box 0
2215.0394359549564 3032.6848618311574 2226.388888888889 1891.6111111111113 2038.9934408481322 1889.7472212299976 2027.6439879142001 3030.8209719500437 box 0
2027.9603893485958 3030.999709613261 2035.777963625701 1885.571268979553 1844.387849064617 1884.2650272420449 1836.5702747875123 3029.6934678757525 box 0
2797.222222222222 3031.8888888888887 2803.0492520476864 1862.4500946677335 2616.4502275525197 1861.520316994452 2610.623197727055 3030.9591112156077 box 0
1838.888888888889 3044.3888888888887 1846.2371909526253 1884.5655613455053 1654.7299517313331 1883.3522273766407 1647.381649667597 3043.175554920024 box 0
1644.006904944276 3042.104863342587 1655.6351029825926 1887.2920892857856 1467.2977190312538 1885.3956568529238 1455.6695209929367 3040.208430909725 box 0
1266.6666666666667 3038.8333333333335 1270.8974713105272 1873.3540542767741 1079.200252537517 1872.6581744803896 1074.9694478936563 3038.1374535369496 box 0
1456.5995507968514 3061.9705833144158 1464.6459549476697 1882.2383708454122 1279.495973276787 1880.9755490242444 1271.4495691259688 3060.707761493247 box 0
1084.8855336562233 3037.1440285557387 1072.5581909930881 1840.0079552764985 908.5059906701983 1841.6972600540928 920.8333333333334 3038.8333333333335 box 0
