3017.8926708935574 2392.9327475287564 3726.953212789024 1980.3125817405135 3621.8087010279705 1799.628672741049 2912.748159132504 2212.2488385292927 box 0
2902.407687633732 2197.350703758281 3610.3092783505153 1791.7113402061855 3507.3511191136345 1612.0338945489682 2799.449528396851 2017.6732581010629 box 0
2802.691171611499 2005.0261012863518 3508.3614742741206 1597.045825347304 3406.371546301087 1420.6371419235452 2700.7012436384657 1828.6174178625924 box 0
2184.536082474227 2623.6701030927834 2891.339766893917 2201.501980150937 2790.510742543391 2032.6916838860732 2083.7070581237012 2454.8598068279193 box 0
3136.6564197954854 2574.071962526097 3850.302620984571 2152.5872505544876 3750.6907285359557 1983.9271624894236 3037.0445273468713 2405.4118744610328 box 0
2290.721649484536 2810.2680412371133 3005.374630154116 2395.6452931355166 2903.3590558757564 2219.8089827387607 2188.7060752061766 2634.4317308403565 box 0
2086.59793814433 2435.0103092783506 2796.5006764167965 2005.5802164273853 2689.870496363403 1829.306922909829 1979.967758090937 2258.7370157607947 box 0
2678.9988584317675 1814.77643152923 3389.6790512452326 1407.366847730552 3289.6907216494847 1232.9484536082475 2579.010528836021 1640.3580374069256 box 0
1967.791217967357 2247.7572879997424 2674.31611843647 1820.1264604920211 2571.712732360802 1650.6067662328503 1865.1878318916893 2078.2375937405714 box 0
2409.340206185567 2995.8969072164946 3123.9931868551466 2581.274159114898 3021.977612576787 2405.437848718142 2307.3246319072073 2820.060596819738 box 0
