2893.0379045224427 1603.747757162365 2929.7811018279926 68.84034570992321 2637.2420149111513 61.837433801380485 2600.4988176056013 1596.744845253822 box 0
3210.479100225391 1598.7187613115366 3230.6375493863293 65.56905516240113 2931.2168294926264 61.632154978746485 2911.058380331688 1594.781861127882 box 0
2600.554449085888 1597.9494296057956 2618.907012246265 61.081759471564396 2320.3418453171885 57.51643228690443 2301.9892821568114 1594.3841024211356 box 0
3520.448802873582 1611.383139043951 3537.961083265263 58.73073549220464 3236.084728315383 55.32588881859772 3218.572447923702 1607.9782923703442 box 0
1402.4688711133965 1595.077742671488 1405.2282042413829 102.3159657087507 1079.947917750739 101.71469316530386 1077.1885846227526 1594.4764701280417 box 0
776.5139158471146 1578.5040341782242 799.4776188181278 52.92809680744143 500.1371705786666 48.42228036645349 477.1734676076533 1573.998217737236 box 0
2297.3589687825174 1589.2063947984548 2307.851485606057 66.30529325891905 2012.0649028300306 64.26737648755591 2001.5723860064911 1587.1684780270916 box 0
2015.93237468485 1588.993809238356 2019.354551542637 102.32635518494556 1679.7890532326305 101.54470547111679 1676.3668763748437 1588.2121595245271 box 0
1091.673303060198 1599.0189494060671 1094.333765338922 85.1356570852405 788.2270280555248 84.59771242864997 785.5665657768005 1598.4810047494761 box 0
1701.1732751945933 1583.4325225505643 1700.2473571800679 80.70380618890783 1378.2762536902942 80.90219119455253 1379.2021717048196 1583.6309075562094 box 0
