1255.5409513127763 964.682996442497 1276.7562204624007 39.922108629399645 1087.1687013971843 35.57271377783985 1065.95343224756 960.3336015909373 box 0
1830.0 962.3750000000001 1856.1270527199397 50.55677426113596 1673.5119483363965 45.324158455699546 1647.3848956164563 957.1423841945636 box 0
1452.174988905967 961.6327906530987 1470.0845672247283 43.67984509148374 1281.6333683328025 40.003097255836735 1263.7237900140412 957.9560428174518 box 0
1058.75 958.6250000000001 1085.5750627737432 32.54942780096566 905.695851360491 27.33897707458061 878.8707885867478 953.414549273615 box 0
1642.5 966.125 1676.387236437416 56.79077706537616 1483.5623180249615 49.604966351928404 1449.6750815875455 958.9391892865525 box 0
2410.0 981.1250000000001 2429.4887920459632 -7.978467714601688 2244.7447586554017 -11.61857025796877 2225.2559666094385 977.4848974566331 box 0
2217.5 978.6250000000001 2231.101598090867 7.0359582585489475 2049.086746347924 4.487871821160809 2035.4851482570564 976.0769135626119 box 0
2598.75 1024.875 2626.168066457769 -4.519272587436715 2438.7795879775517 -9.510392018747098 2411.3615215197824 1019.8838805686896 box 0
2028.75 972.3750000000001 2058.553783421427 24.61854460211639 1863.6133694465298 18.488317954647073 1833.8095860251026 966.2447733525308 box 0
873.75 956.125 896.5012560749072 -4.669196169670867 715.0724474810957 -8.965364173327487 692.3211914061885 951.8288319963436 box 0
