2817.9306992216584 600.3122990439006 2999.7655318057964 586.5091231811809 2954.056085904074 -15.63994205690103 2772.221253319936 -1.8367661941814983 box 0
2254.008571910687 633.3668687645342 2444.5224564911673 625.6242456492904 2419.0506978036688 -1.130230504646633 2228.5368132231883 6.612392610597212 box 0
2070.376278502755 634.2994994467349 2259.8312768539076 626.161429399421 2232.5474908759065 -9.007547695025885 2043.0924925247539 -0.8694776477119674 box 0
1701.1424586549995 659.5193407541105 1895.357858064531 648.4663254091129 1858.5688008054497 2.0362584585359995 1664.3534013959181 13.089273803533668 box 0
2443.0109929566997 629.6441368042402 2632.0588204122496 619.4308453597658 2598.65641808456 1.153023153645396 2409.60859062901 11.366314598119796 box 0
1889.9528774039672 638.5646718143691 2076.2382796576208 628.047752684841 2040.1448604805541 -11.272282707618736 1853.8594582269006 -0.755363578090617 box 0
2628.176576900932 607.9673156737858 2815.118327267002 597.1820951678437 2780.3682244296338 -5.146345519977241 2593.426474063564 5.638874985964914 box 0
1512.0 664.1538461538461 1694.5326702137008 656.2031432889254 1665.979309485037 0.673529627528132 1483.4466392713362 8.624232492448872 box 0
1345.3333333333335 661.5897435897435 1509.608310339651 652.2872719529075 1473.045876859026 6.62092070696828 1308.7708998527085 15.92339234380423 box 0
1164.0697053257854 650.6154257144087 1332.5128205128203 641.076923076923 1295.42670768118 -13.837229904420802 1126.9835924941453 -4.298727266934993 box 0
