1114.5641025641025 1625.6923076923078 1247.867302634625 1466.4099269440073 345.6996373740357 711.3870787519825 212.39643730351338 870.6694595002831 box 0
1255.3160460764825 1472.5443094389548 1396.1522212382383 1305.6116195355908 476.8324482625066 530.0087064607035 335.99627310075067 696.9413963640675 box 0
829.8380118841163 1977.7352535223868 970.4791271656055 1812.8360212833195 52.41156201419905 1029.8242115044686 -88.22955326729006 1194.7234437435359 box 0
1672.3991480306468 970.3457166706993 1812.2317514226552 805.2922255240088 892.5264955087819 26.121912952713682 752.6938921167734 191.17540409940415 box 0
1815.1372365633415 812.6828212363961 1956.3500481200417 648.2280064465036 1064.6805216153693 -117.42401157453085 923.4677100586689 47.03080321536156 box 0
1542.3823365662236 1142.8554913721596 1679.9635070040956 979.8507258320037 760.3604284789424 203.6766829289879 622.7792580410703 366.6814484691437 box 0
3373.0101038393177 2709.4964241278017 3526.725089094437 2569.624601403943 2710.298882061561 1672.396411107793 2556.5838968064418 1812.2682338316522 box 0
964.6498669896962 1790.4946548068115 1104.3076923076924 1623.128205128205 209.37435046319305 876.3570059626782 69.71652514519668 1043.7234556412845 box 0
3683.922518000267 2421.5639028097034 3841.595072246644 2282.7257682639242 3040.541846623756 1373.0037485574842 2882.8692923773788 1511.841883103263 box 0
3039.2341119957196 3007.70165865619 3199.962482383526 2864.7331193013392 2387.6436025428543 1951.5064025620718 2226.9152321550478 2094.4749419169225 box 0
3205.9909833706433 2867.7369906369545 3365.5643964897827 2725.18306914513 2557.3174860202253 1820.4396794375086 2397.744072901086 1962.9936009293326 box 0
1395.156413211629 1306.111708215385 1536.572229982795 1138.3309471696016 637.1925755121259 380.27914414057176 495.7767587409597 548.0599051863553 box 0
676.1025641025643 2146.2051282051284 823.2769950852454 1981.644061193112 -29.29356585913584 1219.1515138495042 -176.46799684181687 1383.7125808615206 box 0
2871.4754823660296 3123.765531607382 3022.6222602990383 2987.0477359858437 2211.450577356871 2090.2662623684478 2060.303799423862 2226.984057989986 box 0
3522.372739002717 2569.799418085964 3687.486604826067 2422.6430074836517 2881.230769230769 1518.0 2716.116903407419 1665.1564106023125 box 0
3860.598588455455 2299.5258646639004 4022.359409303157 2158.762072602907 3229.1432770840956 1247.2258687345368 3067.3824562363934 1387.9896607955304 box 0
1946.9346913191666 645.6494465564261 2083.7948717948716 487.23076923076917 1351.326819581782 -145.55894667185044 1214.4666391060773 12.859730653806665 box 0
2626.835320446482 3178.4538756517586 2783.6972475152506 3035.4688039608477 2050.506694629202 2231.121317371923 1893.6447675604334 2374.1063890628334 box 0
2361.3580947190685 3223.974330371229 2535.8833236566115 3062.12238377125 1889.6719254225325 2365.311535412462 1715.1466964849894 2527.163482012441 box 0
4018.3517288252892 2160.6018820985487 4188.531851086791 2016.2153697059061 3411.301197810453 1100.1380615965195 3241.1210755489506 1244.5245739891616 box 0
