340.47772149769264 2092.9340773388108 550.0 2083.9090909090905 514.7363751657441 1265.2358351584974 305.2140966634367 1274.2608215882174 box 0
746.7359833442725 1230.3423786369885 954.3403423793507 1221.2288438281585 918.1818181818181 397.54545454545445 710.5774591467399 406.65898935428464 box 0
553.2752724101505 2083.5516376508945 760.2272727272727 2077.0909090909086 734.1929632214577 1243.1520771033352 527.2409629043356 1249.6128056633213 box 0
519.5442866664914 1241.4674246003474 732.0962790223663 1233.4421918700364 701.1363636363636 413.4545454545453 488.5843712804885 421.4797781848562 box 0
965.033499770554 1219.4672892409444 1167.6507415073875 1211.2983652714365 1134.486947157085 388.7228875380549 931.8697054202518 396.89181150756315 box 0
85.0461683549616 1263.3032317010807 281.4191770984248 1258.24795304247 260.22727272727275 435.0454545454545 63.85426398380952 440.100733204065 box 0
297.60718487930217 1255.836787564363 508.0605122834446 1249.5531985116031 483.1806001314152 416.2618654926945 272.72727272727275 422.54545454545445 box 0
770.3535008253521 2073.5120093466935 971.5909090909091 2069.1363636363635 953.453534301202 1234.99243676289 752.2161260356447 1239.36808247322 box 0
119.31818181818181 2096.4090909090905 319.9491994148475 2088.2304886550246 286.57826429703096 1269.6010379427662 85.94724670036524 1277.779640196832 box 0
989.158116359977 2062.632318991147 1193.1818181818182 2057.772727272727 1173.3568123892583 1225.4453827540292 969.333110567417 1230.3049744724492 box 0
