2710.91568577567 1777.4471535538078 2741.165026803781 1055.7225384516853 2094.5971671150674 1028.6232109848343 2064.3478260869565 1750.3478260869565 box 0
2032.6631099186457 1774.8720405785523 2081.0430021879242 1054.5621209490862 1444.0320661823216 1011.7770368922727 1395.652173913043 1732.086956521739 box 0
2595.652173913043 2589.478260869565 2639.7411060543486 1852.1741897984919 1999.4938452479485 1813.8890112094957 1955.4049131066429 2551.1930822805684 box 0
3382.0802806474735 1861.4830914796817 3412.3756601838695 1144.1703501950094 2778.121466492917 1117.3829108892405 2747.8260869565215 1834.695652173913 box 0
1926.086956521739 2548.6086956521735 1982.9953393131386 1818.1481889871084 1345.0062897074613 1768.4440301442964 1288.097906916062 2498.9045368093616 box 0
3731.0065068854055 879.6643161034447 3800.426951593465 269.9239183890383 3288.387867289358 211.627008632784 3218.9674225812973 821.3674063471904 box 0
1338.2608695652173 1726.0 1411.5830239929574 1013.1907986505051 795.1980696734614 949.7871939804382 721.8759152457216 1662.5963953299333 box 0
1621.880145972578 688.166855772785 1684.6075408505446 68.4316804871674 1191.8498481796673 18.556495730909887 1129.1224533017007 638.2916710165275 box 0
3214.6404981299756 798.4876437461512 3279.183730923681 183.31885471688537 2770.6301893154446 129.96164575334296 2706.086956521739 745.1304347826087 box 0
2152.173913043478 725.1304347826087 2213.36672869894 107.9922050496368 1709.9883879284612 58.07933864846081 1648.7955722729994 675.2175683814328 box 0
2680.869565217391 739.0434782608696 2745.3402108974205 125.90853346963915 2241.4753476950264 72.92754887219638 2177.004702014997 686.0624936634268 box 0
