2964.2988505747126 497.5977011494254 2661.425287356322 890.1264367816093 2258.551724137931 603.344827586207 2562.574712643678 195.87356321839087 box 0
2643.609195402299 904.4942528735634 2241.885057471264 605.0689655172415 1943.6091954022988 1005.6436781609196 2343.609195402299 1309.0919540229888 box 0
2750.5057471264367 1633.8045977011495 2350.5057471264367 1321.16091954023 2662.0 924.0344827586207 3055.103448275862 1237.2528735632186 box 0
3050.5057471264367 1220.0114942528737 3360.2758620689656 820.0114942528736 2982.114942528736 511.9655172413794 2660.8505747126437 906.793103448276 box 0
2745.9080459770116 1650.471264367816 2439.5862068965516 2045.873563218391 2037.287356321839 1738.4022988505749 2353.9540229885056 1334.954022988506 box 0
2025.2183908045977 1722.8850574712649 2336.712643678161 1326.9080459770116 1939.0114942528735 1016.5632183908046 1630.3908045977012 1414.264367816092 box 0
2416.022988505747 2046.448275862069 2022.344827586207 1737.8275862068965 1712.5747126436781 2140.1264367816093 2109.1264367816093 2443.5747126436786 box 0
2102.229885057471 2451.6206896551726 1702.8045977011493 2149.32183908046 1383.83908045977 2552.1954022988507 1793.0344827586207 2845.873563218391 box 0
1692.4597701149426 2143.0 1371.7701149425288 2542.425287356322 989.5862068965519 2217.712643678161 1310.8505747126437 1821.7356321839084 box 0
1691.8850574712644 2124.034482758621 1294.183908045977 1806.7931034482763 1616.0229885057472 1414.8390804597702 2006.2528735632184 1727.4827586206898 box 0
