3028.6537798281875 590.3788321565987 3027.65755445734 -9.653976737440018 2785.3833478573592 -9.251732547223753 2786.3795732282065 590.7810763468151 box 0
2186.0515637388335 589.7732028150033 2186.0051313240538 -8.454812754629927 1906.8253624570152 -8.433143774761467 1906.871794871795 589.7948717948717 box 0
1894.0512820512822 597.4871794871794 1894.515159504628 -21.211400898759297 1637.252428971151 -21.40428703760614 1636.7885515178054 597.2942933483326 box 0
1343.0898511702294 587.0060235942126 1619.0573562356894 584.5031942454859 1613.8441866105322 9.687569812464647 1337.8766815450722 12.190399161191392 box 0
1055.5897435897436 592.3589743589743 1333.2598125129534 589.3182538250802 1326.9067437554068 9.17383735586874 1049.2366748321967 12.214557889762734 box 0
3057.8808557552343 585.403020845364 3334.4782773454785 583.1248780892898 3329.7759031253804 12.19288484006077 3053.178481535136 14.471027596134917 box 0
2202.962816655317 594.3055641259792 2482.012221320277 595.1310234209842 2483.793946802935 -7.187513932192537 2204.744542137975 -8.012973227197614 box 0
756.1332813912239 582.7033788943895 756.7449107154547 -10.632779518151267 486.27368691627123 -10.911589648784059 485.66205759204047 582.4245687637567 box 0
1042.769230769231 587.2307692307692 1040.569392289425 -8.789727990137036 766.1832373731172 -7.777002379649737 768.3830758529235 588.2434948412565 box 0
2758.153846153846 594.9230769230768 2758.629152046971 -19.38015469882871 2492.389633307935 -19.58615265834669 2491.9143274148105 594.7170789635588 box 0
