2293.8867091951397 612.5532531292433 3509.6953437654747 575.8560479815224 3502.026269930837 321.77331471133283 2286.217635360502 358.4705198590538 box 0
2363.1472504589196 2205.981411869105 3558.9896877577035 2167.6479909545646 3550.8493842151524 1913.7045599631701 2355.0069469163686 1952.0379808777104 box 0
2331.3862505081083 1412.0097602655394 3546.607930599242 1367.1999398071455 3536.8959150192354 1103.8145530889526 2321.6742349281017 1148.6243735473465 box 0
2324.138235885578 882.1550311846642 3505.527985230383 848.2138161452975 3498.003488510174 586.3091293530555 2316.613739165369 620.2503443924221 box 0
2373.1666352589514 2719.698377370771 3581.781496797337 2692.8168020454864 3576.3986601512047 2450.800614786211 2367.7837986128193 2477.682190111496 box 0
2336.8728627794244 1142.638247199658 3535.427660173902 1106.1406201568357 3527.4162950880072 843.0533776324952 2328.8614976935296 879.5510046753175 box 0
2391.4011607974207 2986.2942989918747 3608.191138560992 2970.2642346890925 3604.83109246796 2715.2140780833206 2388.0411147043887 2731.244142386103 box 0
2365.846153846154 2464.153846153846 3592.7940915617605 2433.343436003938 3586.378522117947 2177.859342801027 2359.4305844023393 2208.6697529509356 box 0
2343.2409324331647 1936.6504368429528 3552.318033304812 1903.4282169160574 3545.2372940377827 1645.7344287271153 2336.1601931661353 1678.956648654011 box 0
2327.7180566299744 1675.648224237824 3550.4615384615386 1643.6410256410256 3543.6096233472917 1381.8832051722998 2320.866141515728 1413.8904037690986 box 0
