1269.2194803340499 1540.625051242962 2234.3335913846568 326.2250803100793 1997.575405682796 138.06741282258997 1032.461294632189 1352.4673837554724 box 0
2469.298883625144 2461.4017319288223 3448.4795342249067 1247.6416271879584 3212.483536723977 1057.2558059129747 2233.302886124214 2271.0159106538385 box 0
2008.8837430927292 2106.745550181795 2947.816646617774 861.6097864856058 2713.7659570720657 685.116668293547 1774.8330535470209 1930.2524319897357 box 0
2231.0202976388086 2284.6248865717293 3198.5088634244435 1067.439727210778 2964.132110961045 881.1436437017084 1996.64354517541 2098.3288030626595 box 0
2727.1729228489594 2642.1626614012644 3690.7862309229267 1439.5922416558956 3452.8562641627595 1248.9402194581107 2489.242956088792 2451.5106392034795 box 0
1775.9652179196758 1911.1106847252133 2710.1156262720474 686.2413878512601 2465.9747135683606 500.0465555701965 1531.824305215989 1724.9158524441498 box 0
2986.7750219386353 2817.0903911817636 3926.6867004656615 1611.5508318585314 3682.8318262058956 1421.4267978441153 2742.9201476788694 2626.966357167348 box 0
1512.0373407731993 1733.4800727306347 2466.35896392861 525.6103060850756 2231.023006211664 339.6745377124803 1276.701383056253 1547.5443043580392 box 0
1025.2238284926336 1373.9497055585257 1986.894219956185 146.14957901593732 1751.5591735978203 -38.17581830571828 789.8887821342689 1189.62430823687 box 0
773.1652782803692 1209.3412165207924 1749.779365680716 -19.090134525513008 1497.3575030917011 -219.7678091569007 520.7434156913544 1008.6635418894047 box 0
