3589.795171653563 2019.7137671120638 3741.075355284632 1863.9535451231015 3005.8314717180187 1149.8570428244595 2854.5512880869496 1305.6172648134218 box 0
3426.924563856375 2182.6988024828834 3582.2874304444845 2022.0551189663584 2855.633777360666 1319.2886479260521 2700.2709107725564 1479.9323314425767 box 0
2619.560750190861 2988.0384868943106 2774.941507172624 2831.19898007028 2052.481559379452 2115.4585658705814 1897.1008023976888 2272.298072694612 box 0
2785.2269920522394 2829.8211159200882 2938.14309947926 2675.682038157024 2210.0750953501038 1953.3906714944626 2057.1589879230833 2107.529749257527 box 0
3266.5817086522416 2341.080722960029 3420.4519732898366 2183.2079750735807 2687.9785879786173 1469.3046881117475 2534.1083233410222 1627.1774359981964 box 0
2452.8986083569866 3142.430846617726 2609.928129395272 2987.7068011062133 1886.8594574389115 2253.8639982003892 1729.829936400626 2408.5880437119017 box 0
3113.7483887455496 2507.6887494459875 3265.255794720511 2351.7764854368147 2525.365454027888 1632.7896441087005 2373.8580480529267 1788.7019081178728 box 0
2947.4854378574623 2674.7171163288303 3102.83521588704 2518.93177609334 2387.0806937343345 1805.178441074734 2231.730915704757 1960.9637813102238 box 0
3753.2607925828906 1866.2250272824306 3907.587476299067 1707.8739046259902 3183.856462055781 1002.5362634585365 3029.5297783396045 1160.8873861149764 box 0
2207.9351191485953 3212.6257235396524 2365.782322594146 3055.917568788998 1716.278448966639 2401.692712129293 1558.4312455210886 2558.400866879948 box 0
