2995.804195804196 1181.8181818181818 3425.11770723315 661.8272184586253 3072.6661380264713 370.83712161700555 2643.352626597517 890.8280849765619 box 0
1834.2657342657344 1119.5804195804196 2264.9656338657815 594.1873266964701 1914.9999770919549 307.29704344479256 1484.3000774919085 832.6901363287425 box 0
2628.712619030343 882.1604521566669 3061.538461538462 358.0419580419581 2715.177534181875 72.01129536093869 2282.351691673756 596.1297894756476 box 0
3713.9860139860143 1767.832167832168 4145.29005495125 1239.1742253294954 3797.647558795094 955.5511084733005 3366.343517829859 1484.2090509759737 box 0
2193.006993006993 1414.6853146853148 2620.783019284452 888.1941457431767 2269.1097769928647 602.4583328559934 1841.3337507154056 1128.9495017981312 box 0
2557.7684095585805 1717.0127383023116 2986.53792186807 1190.5844520981761 2627.3709109108877 898.0472382713892 2198.6013986013986 1424.4755244755245 box 0
3263.8791036785155 2301.4472486702816 3702.595261493808 1777.4996836713592 3361.793080892215 1492.1363510849937 2923.0769230769233 2016.0839160839162 box 0
2276.142499743433 588.6113129118555 2704.895104895105 58.04195804195805 2354.244463423079 -225.31850115022775 1925.4918582714076 305.2508537196702 box 0
2914.4770703215727 2006.1071268835888 3345.2315655212474 1477.13442492749 2995.09015953534 1192.0063190229218 2564.3356643356647 1720.979020979021 box 0
3373.4265734265737 1459.4405594405596 3789.7916732197264 947.2987962832611 3436.7541119141188 660.2835008745304 3020.3890121209674 1172.425264031829 box 0
