2974.31128120857 3024.8037640064526 2972.9104814096254 2352.7991600567807 2722.993788524096 2353.3201137096116 2724.394588323041 3025.3247176592836 box 0
2701.6764831568216 3054.204800519334 2700.543003239478 2338.6568068269935 2459.4092956517716 2339.038780108108 2460.5427755691153 3054.586773800448 box 0
2169.3914446052 3021.886095032104 2168.7413997642384 2370.1507694349357 1919.6241605583746 2370.3992405086674 1920.2742053993356 3022.134566105836 box 0
1379.110736914569 3033.598572780481 1387.1208968256535 2349.4153923678796 1131.2972083368957 2346.4203046304074 1123.2870484258112 3030.6034850430087 box 0
1112.5460506850563 3030.920359237628 1123.9212946840803 2341.6537291608884 874.9870395249045 2337.5454671783873 863.6117955258803 3026.812097255127 box 0
1642.697257480872 3041.3410354825455 1650.0080624878651 2349.6489445186344 1393.9418950459835 2346.942465951781 1386.6310900389904 3038.634556915692 box 0
1903.779794603798 3028.4716911859105 1911.1064973841399 2344.44424509296 1658.0129712043072 2341.733328955691 1650.6862684239654 3025.7607750486413 box 0
852.8064212260649 3035.0566328997543 860.785244997584 2336.8299458561964 604.8577185215547 2333.905393314845 596.8788947500357 3032.1320803584026 box 0
3217.8261553156644 3028.6708510608933 3225.57178778455 2317.7991921339 2980.57009941456 2315.1296623973585 2972.8244669456744 3026.001321324352 box 0
2431.9759432897417 3020.286757527389 2440.326345386632 2347.23326386262 2190.325502480522 2344.131567515335 2181.975100383632 3017.185061180104 box 0
