3860.3594272514183 1613.8727119733478 3860.169491525424 1454.2372881355932 2629.010650964114 1455.7021324826367 2629.200586690109 1615.3375563203917 box 0
3874.737193299116 2152.6921500301273 3876.2430274838775 1984.0549019049215 2659.179669014333 1973.1872221332264 2657.6738348295708 2141.8244702584316 box 0
3876.265551847538 2313.366658196358 3876.8395115692974 2155.5896312443288 2650.460491468423 2151.128321668737 2649.886531746663 2308.9053486207654 box 0
3854.2372881355936 2844.915254237288 3857.467674828739 2682.0407825552807 2631.1800024275326 2657.7190866014357 2627.949615734387 2820.5935582834427 box 0
3847.4330159437504 1447.5329081851526 3847.4576271186443 1278.813559322034 2633.8742087549736 1278.6365333083654 2633.8495975800797 1447.355882171484 box 0
3866.1016949152545 2668.64406779661 3868.7776476843437 2507.9006203547237 2644.6028309091357 2487.52135113454 2641.926878140047 2648.2647985764265 box 0
3867.4408693694445 1796.246329579278 3867.796610169492 1631.35593220339 2653.6361108425576 1628.736456270952 2653.28037004251 1793.62685364684 box 0
3869.7473132620053 1964.5420079285718 3869.491525423729 1805.084745762712 2651.901505851679 1807.0379005753753 2652.1572936899556 1966.4951627412356 box 0
3865.2542372881358 2491.5254237288136 3866.4987863025253 2333.295742510348 2652.4029490999083 2323.746321909047 2651.1584000855187 2481.9760031275127 box 0
3851.3993403109066 1259.3998662633473 3850.0 1101.6949152542375 2625.2673285414735 1112.562156810638 2626.66666885238 1270.2671078197482 box 0
