2444.092874900659 2933.0083256335583 2726.1358276723895 2658.720266417693 2444.5880409318606 2369.212333240953 2162.54508816013 2643.500392456818 box 0
2739.988658537833 2079.7213293705186 3024.0158583107445 1802.8548018951394 2737.699454865487 1509.1333215083876 2453.6722550925756 1785.9998489837667 box 0
2159.3443800414348 2640.8595415312993 2441.16622941985 2364.6736121835147 2157.4253976380082 2075.1426931183587 1875.6035482595928 2351.3286224661433 box 0
3309.867467121866 1521.844408526817 3592.80916987583 1245.1305598496424 3307.0132595016694 952.9023901792376 3024.0715567477055 1229.616238856412 box 0
2451.837888488175 2354.559490738821 2738.295749619999 2077.526041535539 2453.0257414251546 1782.5514215841768 2166.5678802933307 2059.5848707874584 box 0
2733.480797962343 2657.3989023411955 3018.0643322693486 2381.7624815715203 2728.4026035269144 2082.6983800684725 2443.8190692199087 2358.3348008381477 box 0
3027.4149305758733 2377.8290654374996 3315.790985842977 2098.4448265164683 3031.172713619683 1804.6662836835937 2742.796658352579 2084.0505226046253 box 0
3029.310763369081 1795.451086721365 3310.336286122287 1516.7548921131483 3023.7135332007433 1227.7365612888889 2742.688010447537 1506.4327558971054 box 0
3296.963621124264 2099.377304510023 3591.1373646367347 1833.8058283126015 3316.0135135803257 1529.0509112797718 3021.839770067855 1794.6223874771933 box 0
3602.173618357134 1807.2622191728922 3877.3856898017657 1521.0237455303072 3586.6654487205024 1241.5025520978595 3311.4533772758705 1527.7410257404447 box 0
