2402.3809523809523 528.0000000000001 2454.3276628248063 -8.068185058250043 2238.690912561015 -28.964071326504495 2186.7442021171614 507.1041137317457 box 0
2619.047619047619 549.904761904762 2672.753184952096 -4.347524636780525 2457.8027280219303 -25.175649682314766 2404.097162117453 529.0766368592278 box 0
3056.0828402366865 592.8520710059172 3113.8568627472177 -0.2059296171744439 2898.2294583490097 -21.211737653658304 2840.455435838478 571.8462629694334 box 0
2834.7619047619046 573.2380952380953 2892.522518600939 -0.6814380416182837 2674.8933735224487 -22.58414788172996 2617.132759683414 551.3353853979836 box 0
3273.834319526627 614.7455621301775 3336.0109758842164 -0.24251073339409154 3116.983020453875 -22.38672217165208 3054.806364096285 592.6013506919195 box 0
1962.1020685576586 503.5801340111148 2015.8520419109984 -6.576518484889703 1801.1174186375906 -29.20090301955082 1747.367445284251 480.9557494764538 box 0
3493.173800858062 634.092950068748 3555.8344019927245 -16.552764668294174 3335.6208844759726 -37.760483512880626 3272.96028334131 612.8852312241615 box 0
3726.1391700978197 651.5745308121402 3784.2442772173845 -0.7239454736012476 3556.7914976521092 -20.984866818285816 3498.6863905325445 631.3136094674556 box 0
2180.9523809523807 520.857142857143 2231.4185221830044 -5.452947968481559 2014.8707780900418 -26.216997959286523 1964.4046368594181 500.093092866338 box 0
1748.5714285714284 476.5714285714286 1795.4610387571001 0.6216511404091151 1578.644688086331 -20.738657545323434 1531.7550779006592 455.21111988569606 box 0
