1630.3741710759846 2349.2341131083163 1620.4719231287745 1717.7744152344449 989.3591003320962 1727.6712236531587 999.2613482793063 2359.13092152703 box 0
2921.5998385332377 2289.3810020689934 2897.0087828007863 1657.61289422901 2268.697256956264 1682.069405340675 2293.2883126887155 2313.8375131806583 box 0
2271.991512360455 3013.4906560869204 2258.1000933971227 2382.1440728160687 1622.4838385916928 2396.129436686517 1636.3752575550257 3027.4760199573684 box 0
1000.8041344389717 3015.449831268011 982.886709507989 2384.076353401408 353.02185070659726 2401.950966003717 370.9392756375798 3033.32444387032 box 0
2281.686603558037 2329.7209182309307 2262.8996744530514 1702.8591724453868 1622.2230674624707 1722.0601303530534 1641.0099965674563 2348.9218761385973 box 0
3542.2539825422245 2957.087650361303 3520.039978083768 2317.189633578892 2898.0103164690054 2338.783339628931 2920.224320927462 2978.681356411342 box 0
3551.7756763094803 2255.7964777116863 3525.2384607031563 1621.1472854706826 2902.5011822110273 1647.186416422835 2929.0383978173513 2281.8356086638387 box 0
998.7805964674725 2342.4886455955093 979.9134402544468 1706.2295570454576 351.8845614228472 1724.8526607094223 370.75171763587304 2361.111749259474 box 0
1622.0743154731258 3018.5930613537253 1611.397797282429 2382.962034139164 988.6323793205752 2393.4224522571144 999.3088975112719 3029.0534794716755 box 0
2919.583613048901 2985.8588126028376 2891.529611557146 2346.53382333095 2259.888037646899 2374.250671497504 2287.9420391386543 3013.5756607693916 box 0
