2876.116318376209 2668.1957393649514 2935.0291224335892 2496.6064191419364 1847.8358809804563 2123.3337567000613 1788.9230769230767 2294.9230769230767 box 0
3236.6489044192413 1547.5447477996213 3301.220059522472 1370.784497609803 2223.305726623239 977.0185151398318 2158.734571520008 1153.77876532965 box 0
2809.7686833455923 2852.2863552815074 2868.0738730786866 2677.3647024756383 1780.5615999895044 2314.8732189890025 1722.2564102564102 2489.7948717948716 box 0
3193.2226455675095 1744.7934600727517 3256.860393472632 1572.13170654995 2148.7189414991403 1163.7052604777855 2085.081193594018 1336.3670140005875 box 0
2737.38270452139 3036.1070754130237 2795.8223898671476 2863.3317080339093 1729.1772434461388 2502.5487580220342 1670.7375581003819 2675.324125401149 box 0
3299.805352055684 1365.1532985319395 3366.8288512339386 1186.5696117850148 2290.3044433239547 782.5437229524352 2223.2809441457002 961.1274096993602 box 0
3117.493069329556 1932.047126681079 3183.849560875928 1747.6210299000088 2101.473859533969 1358.1823586399657 2035.117367987597 1542.6084554210358 box 0
2932.7192587841832 2486.5800732167922 2992.260445657324 2315.7195401566782 1929.0287148486293 1945.2063617197314 1869.487527975488 2116.0668947798454 box 0
3060.392309364436 2114.436279952709 3122.991225618067 1937.7871211430252 2019.885816398503 1546.8811944125257 1957.2869001448726 1723.5303532222088 box 0
3019.9440786045643 2316.734203512306 3086.938666808048 2126.8448202416666 1971.3022805111761 1733.2388218575659 1904.3076923076924 1923.128205128205 box 0
