3502.714285714286 217.1428571428571 2887.0 1.4285714285714284 1975.5714285714284 4.285714285714286 3424.142857142857 507.14285714285705 box 0
3407.0 515.7142857142857 1938.4285714285713 2.8571428571428568 1848.4285714285713 290.0 3317.0 795.7142857142858 box 0
3307.0 802.8571428571428 3217.0 1078.5714285714284 1749.8571428571427 561.4285714285713 1841.2857142857142 287.1428571428571 box 0
3202.714285714286 1085.7142857142856 3119.8571428571427 1369.9999999999998 1648.4285714285713 845.7142857142858 1742.7142857142856 567.1428571428571 box 0
3095.5714285714284 1372.8571428571427 3018.4285714285716 1654.2857142857142 1555.5714285714284 1135.7142857142856 1651.2857142857142 855.7142857142858 box 0
3009.8571428571427 1667.1428571428569 2909.8571428571427 1948.5714285714282 1459.8571428571427 1427.142857142857 1548.4285714285713 1144.2857142857142 box 0
1452.7142857142856 1437.142857142857 1359.8571428571427 1704.2857142857144 2819.8571428571427 2241.428571428571 2911.285714285714 1959.9999999999998 box 0
1355.5714285714284 1719.9999999999998 1264.142857142857 1989.9999999999998 2717.0 2517.142857142857 2815.5714285714284 2245.7142857142853 box 0
1258.4285714285713 2009.9999999999998 1158.4285714285713 2277.142857142857 2615.5714285714284 2804.285714285714 2714.1428571428573 2531.428571428571 box 0
1162.7142857142856 2298.5714285714284 1068.4285714285713 2571.428571428571 2278.4285714285716 3034.285714285714 2624.1428571428573 2822.8571428571427 box 0
