3221.894212275245 2254.7352003774263 3876.9133795194275 1239.5782603288742 3731.56501624038 1145.7937821665193 3076.5458489961975 2160.9507222150714 box 0
2498.4981619925034 1793.9953205754466 3130.29030002062 788.399294405572 2984.057544794606 696.5247218439866 2352.2654067664894 1702.1207480138614 box 0
2647.8878489047383 1868.249308644697 3282.0131320215723 864.123943981641 3138.0335927456517 773.1979806314259 2503.9083096288177 1777.3233452944817 box 0
2352.1181188955493 1685.240858748129 2984.7675725569356 680.6933559710619 2843.2564859018134 591.5717251752108 2210.607032240427 1596.1192279522777 box 0
2206.1729024305214 1612.049236628975 2837.872851559323 590.285550779023 2692.873331700338 500.6403709912645 2061.1733825715364 1522.404056841216 box 0
2928.8568043441933 2072.169061370866 3570.679955608009 1055.1893724512856 3429.01453507231 965.7833128967118 2787.1913838084943 1982.7630018162922 box 0
3078.7512472425706 2148.6837650841594 3733.2996580340177 1143.8675093313432 3594.5473581041088 1053.482728140938 2939.9989473126616 2058.298983893754 box 0
2781.4400425606327 1977.935862552075 3432.1734920472454 980.2871945995946 3288.7413310355587 886.7311082731205 2638.007881548946 1884.3797762256006 box 0
2065.3926859349153 1504.9227081304784 2684.1535542353636 487.4931564750279 2541.7142240077114 400.86712570130874 1922.9533557072634 1418.2966773567591 box 0
1920.6273568293298 1437.5343733750133 2553.2939476715383 406.2048844024526 2397.019692883805 310.33881922142234 1764.3531020415965 1341.6683081939827 box 0
