1799.3376623376623 370.7792207792208 1946.090909090909 640.9090909090909 1390.8961038961038 951.2987012987013 1250.6363636363637 682.4675324675325 box 0
2383.7532467532465 72.72727272727272 2532.454545454545 335.7142857142857 1970.1168831168832 637.012987012987 1815.5714285714287 362.987012987013 box 0
1956.4805194805194 642.8571428571429 2109.077922077922 911.038961038961 1544.7922077922078 1220.7792207792209 1403.2337662337663 953.896103896104 box 0
2116.87012987013 916.8831168831168 2257.7792207792204 1187.6623376623377 1701.2857142857142 1485.064935064935 1554.5324675324675 1222.7272727272727 box 0
2268.8181818181815 1190.909090909091 2412.9740259740256 1466.2337662337661 1842.1948051948052 1762.3376623376623 1707.7792207792209 1490.9090909090908 box 0
2436.3506493506493 1472.7272727272727 2581.805194805195 1744.155844155844 2012.974025974026 2029.8701298701299 1874.012987012987 1755.8441558441557 box 0
3005.181818181818 1159.7402597402597 3147.38961038961 1430.5194805194806 2590.896103896104 1739.6103896103898 2449.987012987013 1467.5324675324675 box 0
2849.337662337662 887.0129870129871 2992.1948051948048 1157.7922077922078 2433.7532467532465 1464.935064935065 2294.7922077922076 1192.2077922077922 box 0
2694.7922077922076 619.4805194805194 2839.5974025974024 888.3116883116884 2281.155844155844 1187.012987012987 2135.051948051948 914.935064935065 box 0
2541.5454545454545 340.2597402597402 2685.051948051948 614.2857142857142 2125.961038961039 909.0909090909091 1981.155844155844 640.9090909090909 box 0
