694.0720334276303 1937.0296607149903 1197.52216890722 1931.99499153677 1202.3809523809525 2417.857142857143 698.930816901363 2422.8918120353637 box 0
1214.2151600126917 1922.7979931515024 1723.713493558326 1917.702839976475 1728.641982844451 2410.535340181831 1219.1436492988166 2415.630493356859 box 0
1727.3248467157528 1904.1673983837677 2234.3662786680884 1894.025217417863 2244.103724712819 2380.8326016162328 1737.0622927604827 2390.9747825821373 box 0
2242.6948538267216 1893.3113205704033 2759.2581906044534 1882.978676112181 2769.2099080780404 2380.498203239121 2252.6465713003086 2390.8308476973434 box 0
1749.869608516377 2417.929540352936 2251.094326892651 2412.9171260875837 2255.9866231381793 2902.1304428775047 1754.7619047619048 2907.1428571428573 box 0
700.0 2452.3809523809523 1210.7142857142858 2436.904761904762 1229.7619047619048 2941.666666666667 734.5238095238095 2945.2380952380954 box 0
1727.3809523809525 2429.761904761905 1220.2380952380952 2445.2380952380954 1244.047619047619 2946.4285714285716 1750.0 2927.3809523809523 box 0
2264.285714285714 2417.857142857143 2767.857142857143 2417.857142857143 2767.857142857143 2921.4285714285716 2264.285714285714 2921.4285714285716 box 0
2779.6555475134332 2395.399362495251 3285.582631057579 2390.3399230107025 3290.582547724662 2890.3149232190353 2784.6554641805164 2895.3743627035838 box 0
2765.4761904761904 1890.4761904761906 3257.1428571428573 1878.571428571429 3290.476190476191 2373.809523809524 2773.809523809524 2395.2380952380954 box 0
