472.71428571428584 161.42857142857142 975.5714285714287 161.42857142857142 975.5714285714287 669.9999999999999 472.71428571428584 669.9999999999999 box 0
995.3377810346929 149.13354308595558 1492.6075967166685 164.05611459649734 1477.1269585391183 679.9225715105415 979.8571428571429 664.9999999999999 box 0
467.0000000000001 679.9999999999999 972.0 679.9999999999999 972.0 1184.2857142857142 467.0000000000001 1184.2857142857142 box 0
996.0052250158392 673.2450055477102 1492.4089752226835 678.2092085243144 1487.280489269875 1191.040708738004 990.8767390630308 1186.0765057613999 box 0
449.85714285714295 1198.5714285714284 957.0 1198.5714285714284 957.0 1707.8571428571427 449.85714285714295 1707.8571428571427 box 0
983.4285714285714 1198.5714285714284 1489.142857142857 1198.5714285714284 1489.142857142857 1707.1428571428569 983.4285714285714 1707.1428571428569 box 0
458.42857142857156 1712.1428571428569 961.2857142857143 1712.1428571428569 961.2857142857143 2217.142857142857 458.42857142857156 2217.142857142857 box 0
986.968212372557 1718.9808671358046 1495.9372914155667 1713.8910066822282 1500.9690790430097 2217.0529966892805 992.0 2222.142857142857 box 0
489.26796755237524 2221.0774714348795 988.8696532586982 2226.0736548324994 983.7445428491801 2738.5676119690484 484.1428571428572 2733.5714285714284 box 0
991.4151835458417 2240.8203040805743 1497.6553989138495 2230.6941495832752 1507.7142857142856 2733.5714285714284 1001.4740703462776 2743.697583068727 box 0
