2727.3474745316125 835.9554693584862 2727.0097881012157 -20.139869801987857 2473.273424680714 -20.039783604918554 2473.6111111111113 836.0555555555555 box 0
3783.3333333333335 855.5000000000001 3793.459506958463 7.234926666579411 3527.050963606125 4.054671755691231 3516.924789980996 852.3197450891117 box 0
1941.0998988932645 845.264304783328 1939.3270634754515 -49.50518325679628 1680.1716090266318 -48.99171026234652 1681.9444444444446 845.7777777777778 box 0
2999.5364406829412 855.6772835477234 2999.336016557896 -17.353427699240342 2739.6278598541676 -17.293805764520357 2739.8282839792128 855.7369054824435 box 0
3516.666666666667 855.5000000000001 3526.5980796482036 0.4298007062179534 3266.6818161808537 -2.5890575761128503 3256.750403199317 852.4811417176691 box 0
3254.6819697402207 844.9570661412861 3254.2638550533 -22.854834934727023 3005.9484082199842 -22.735195718922796 3006.3665229069047 845.0767053570902 box 0
2212.5 841.6111111111112 2212.729075582978 -27.241530371681755 1950.6436271866605 -27.310629979618625 1950.4145516036829 841.5420115031745 box 0
2475.277777777778 830.5 2475.8152663001115 1.6295777089670431 2217.809800766176 1.4622717312237228 2217.272312243842 830.3326940222565 box 0
1681.2255793309594 852.1523758891368 1665.2777777777778 1.3333333333333839 1416.9871464723342 5.987307348393845 1432.9349480255157 856.8063499041973 box 0
1405.5555555555557 161.0555555555556 1420.8333333333335 784.6666666666667 1195.8333333333335 709.6666666666667 1183.3333333333335 316.6111111111112 box 0
