3794.444444444445 2099.9444444444443 3985.340370317756 1901.697338686869 3010.639919646844 963.1396519608561 2819.743993773533 1161.3867577184312 box 0
3587.7451464705914 2300.5609183474144 3779.166666666667 2101.3333333333335 2814.0513774170217 1174.0328502220982 2622.629857220946 1373.2604352361795 box 0
3381.9444444444443 2512.4444444444443 3575.625433878006 2316.349584725886 2623.724530612855 1376.1663027586685 2430.0435411792932 1572.2611624772267 box 0
3177.777777777778 2719.3888888888887 3370.466371120048 2524.592737024246 2420.5473559642714 1584.9511831878579 2227.858762622001 1779.7473350525001 box 0
2982.405982905983 2927.0811965811968 3167.1608152706895 2743.828639505863 2216.0482003498096 1784.9189547835604 2031.2933679851033 1968.1715118588947 box 0
1608.3333333333335 2394.3888888888887 1411.111111111111 2574.9444444444443 1866.6666666666667 3030.5 2247.222222222222 3034.6666666666665 box 0
1625.0 2383.277777777778 2262.5 3034.6666666666665 2652.777777777778 3031.8888888888887 1811.111111111111 2188.8333333333335 box 0
2958.3333333333335 2940.222222222222 2679.166666666667 3034.6666666666665 1833.3333333333335 2186.0555555555557 2025.0 1987.4444444444446 box 0
3994.444444444445 1894.3888888888891 3990.277777777778 1880.5000000000002 4022.222222222222 1540.2222222222224 3216.666666666667 770.7777777777777 box 0
4019.444444444445 1524.9444444444446 4022.222222222222 1141.6111111111113 3408.3333333333335 561.0555555555555 3222.222222222222 761.0555555555555 box 0
