-9.450409121864709 2098.529467409596 1113.4344384253473 2080.954895681174 1110.541938968056 1896.1456233801991 -12.34290857915596 1913.7201951086208 box 0
11.149393051082939 1543.59961790827 1123.397092485035 1521.3432781383585 1119.8671484299352 1344.936366893976 7.619448995982907 1367.1927066638873 box 0
5.9152613805933925 1733.5043082164418 1134.0102039014726 1714.0214664513253 1130.878956873496 1532.7160912586558 2.7840143526168504 1552.1989330237723 box 0
11.02954688415025 982.7672039860885 1133.1327078980719 968.5926132063319 1130.838855900148 787.004402459224 8.735694886226383 801.1789932389808 box 0
10.177993324329918 1361.9345769242739 1134.9369407708418 1333.8993079268296 1130.3827191085313 1151.1865412397885 5.623771662019408 1179.2218102372328 box 0
-7.555990049197931 1913.6073503610342 1115.7240834662007 1890.8722438797704 1111.98641769828 1706.2042951272156 -11.29365581711852 1728.939401608479 box 0
7.83002553340998 804.3484047261804 1146.7266558120532 781.9666823631809 1142.949793192176 589.7805743845372 4.053162913532788 612.1622967475366 box 0
-2.897856217414187 612.2737712993493 1143.0229541533927 606.150607232676 1142.077613526374 429.234639345182 -3.843196844432555 435.3578034118553 box 0
9.200425443483937 436.53715206276775 1123.8791758327573 426.65332276123553 1122.2564102564102 243.6410256410256 7.577659867136715 253.5248549425578 box 0
0.43183500094005467 1171.2103543441626 1127.8170232410291 1149.0525705176356 1124.2190090937513 965.9860739547875 -3.166179146337754 988.1438577813144 box 0
