1016.8673858502067 960.6409929600248 1038.7735839825048 4.2284100239309055 748.7721004626593 -2.4139429417143674 726.8659023303613 953.9986399943795 box 0
1317.8997867407659 961.6659018031739 1341.1801248415993 3.087345896173645 1052.1640129265922 -3.931789635815619 1028.8836748257588 954.6467662711847 box 0
1621.7391901956385 959.038893596181 1644.4086983544835 8.74969569203455 1353.6221653951816 1.8128729901226848 1330.9526572363366 952.1020708942692 box 0
3463.2876230879283 971.9797208649378 3473.5089643797464 8.865632842234277 3174.2892018632438 5.690072073294573 3164.0678605714256 968.8041600959981 box 0
3153.9858642742233 965.7293376907942 3165.831787914291 9.633287072260373 2868.98246305732 5.9553569808366555 2857.136539417252 962.0514075993705 box 0
713.1424102950871 953.549521950322 733.5145132014065 3.078748825816888 450.2411903213679 -2.992845848637444 429.86908741504834 947.4779272758676 box 0
1933.2208278171217 957.9284947073011 1944.8969591564062 -3.4790498811403836 1651.858790255388 -7.037948671534593 1640.1826589161035 954.369595916907 box 0
2234.01109165638 947.4282435524525 2249.138270426467 14.663809040603498 1953.740982013053 9.873180855506462 1938.6138032429665 942.6376153673556 box 0
2538.606874703882 949.7393119936428 2551.1576868444895 6.513990211224438 2253.0832902436273 2.5477313870945295 2240.53247810302 945.7730531695129 box 0
2842.080679081988 948.8509197007311 2852.485999107037 -5.15176872525069 2554.7145868787056 -8.399565483201854 2544.3092668536565 945.6031229427799 box 0
