2394.369984305163 2581.114758352597 2441.0567338534884 1846.898456174634 1788.036055983395 1805.3747079996592 1741.3493064350691 2539.5910101776226 box 0
1687.3015873015872 2530.15873015873 1763.2420922630338 1803.5275679680124 1118.220610967557 1736.1161224515836 1042.2801060061106 2462.7472846423016 box 0
2369.84126984127 1046.031746031746 2417.4223069360096 420.22421824338244 1899.0899315743757 380.8146699647829 1851.508894479636 1006.6221977531465 box 0
2477.777777777778 1823.8095238095239 2545.2363603247563 1107.3819732265129 1899.7865149059005 1046.6066280549185 1832.3279323589227 1763.0341786379297 box 0
3090.0589468778944 2615.3383014820097 3127.3404782550565 1873.7892189220272 2471.3562714753775 1840.809479127121 2434.074740098215 2582.3585616871037 box 0
2914.285714285714 1076.1904761904761 2964.1009497202463 445.3319123637687 2436.047512858105 403.63460049763785 2386.2322774235727 1034.4931643243453 box 0
1801.8938251340621 1784.4281951864837 1872.467671133031 1054.7183881153867 1233.5219045824053 992.9227815697787 1162.9480585834365 1722.6325886408756 box 0
3473.6950343997987 1089.9625514846475 3529.758681910267 469.5079203049308 3008.4445998914216 422.40251167742616 2952.3809523809523 1042.857142857143 box 0
1813.2132515274554 1035.0982707059147 1878.334346431702 406.00095944392024 1359.6489737235154 352.30917158074305 1294.5278788192688 981.4064828427377 box 0
3150.0622514383936 1858.642073930294 3206.199668917551 1143.4708190205206 2565.7153628644687 1093.1959587952072 2509.577945385311 1808.3672137049803 box 0
1075.7386582293852 1919.2865771766405 1144.0232443446948 1301.1460557261978 614.9497609340312 1242.7005039695998 546.6651748187214 1860.8410254200426 box 0
917.0795492368125 1096.2667254533003 1310.9265202690199 626.4740325083613 921.917821013829 300.35168065476876 528.0708499816211 770.1443735997076 box 0
