1814.9829660317087 1820.9289979697674 2439.8253899827864 1357.3734686577025 2285.5670103092784 1149.4432989690722 1660.7245863582004 1612.9988282811369 box 0
1649.581355360678 1600.7674420192104 2273.3842239522382 1153.8004719448584 2124.7422680412374 946.3505154639175 1500.9393994496777 1393.31748553827 box 0
878.3505154639175 1848.4123711340208 1493.1824601218623 1400.8371204417165 1339.9359551608125 1190.3231420403283 725.1040105028676 1637.8983927326326 box 0
1039.1752577319585 2059.7525773195885 1660.7622898232985 1605.2761047358042 1507.333383595383 1395.4315380478142 885.7463515040437 1849.9080106315976 box 0
1195.6430831015305 2269.486972856031 1813.5501609983992 1824.1889410561143 1660.1751191339822 1611.3617620145167 1042.2680412371135 2056.659793814433 box 0
1969.1360213872458 2033.1218616895474 2596.9553671731255 1560.9613033032658 2440.2061855670104 1352.5360824742268 1812.3868397811307 1824.696640860508 box 0
2115.6335241617803 2255.4232597482587 2728.8384364147537 1786.839325039792 2574.168961683727 1584.4335773061223 1960.964049430754 2053.0175120145896 box 0
1489.8493965977914 1386.3963079985913 2113.652265189354 939.4293379242399 1965.0103092783509 731.9793814432991 1341.2074406867912 1178.946351517651 box 0
1348.6831410996915 2486.224311695758 1961.2529588984685 2044.7726048561792 1808.4461064585712 1832.733860170731 1195.8762886597938 2274.185567010309 box 0
1497.9381443298969 2702.0206185567013 2107.2952398230436 2262.884177184362 1957.6542151822862 2055.2384171177414 1348.2971196891397 2494.374858490081 box 0
