2670.1730769230767 312.5 2502.8653846153843 563.4615384615385 1730.75 0.0 2249.0192307692305 0.9615384615384615 box 0
1954.4528301886794 1284.9056603773583 712.9433962264153 369.811320754717 882.7547169811322 141.50943396226415 2128.037735849057 1064.1509433962265 box 0
1775.2075471698115 1541.509433962264 535.5849056603776 618.8679245283018 697.8490566037738 384.90566037735846 1943.1320754716983 1303.7735849056603 box 0
529.924528301887 630.188679245283 365.77358490566064 864.1509433962265 1597.8490566037738 1788.6792452830186 1763.8867924528304 1556.6037735849056 box 0
890.3018867924529 132.0754716981132 2131.811320754717 1054.7169811320755 2314.8301886792456 811.3207547169812 1205.3962264150946 1.8867924528301887 box 0
1218.6037735849059 5.660377358490566 2316.716981132076 801.8867924528303 2492.1886792452833 566.0377358490566 1726.1509433962265 3.7735849056603774 box 0
357.6271186440678 883.0508474576271 181.35593220338984 1108.4745762711866 1420.3389830508474 2042.3728813559323 1596.6101694915255 1811.864406779661 box 0
176.27118644067798 1118.6440677966102 11.864406779661017 1352.542372881356 1247.457627118644 2284.7457627118647 1420.3389830508474 2047.4576271186445 box 0
8.474576271186441 1366.1016949152543 1240.677966101695 2296.6101694915255 1061.0169491525423 2545.762711864407 1.6949152542372883 1732.2033898305085 box 0
872.8813559322034 2789.8305084745766 1047.457627118644 2552.542372881356 0.0 1738.9830508474574 1.6949152542372883 2140.677966101695 box 0
