1272.9843659639234 946.6581431510741 1294.8097029702928 -3.4305682502011905 1108.266014972471 -7.715830045343075 1086.4406779661017 942.3728813559322 box 0
1455.9322033898306 950.0 1477.6643069977208 -1.4697981249508507 1296.7484492806911 -5.602017741343218 1275.016345672801 945.8677803836076 box 0
2233.898305084746 969.491525423729 2248.2306946725316 0.6761290321406177 2059.8674859780126 -2.1104646791797563 2045.5350963902274 966.7049317124087 box 0
1658.4745762711866 964.406779661017 1683.5936294775136 2.3836883413449095 1479.262152362498 -2.951540398683278 1454.143099156171 959.0715509209887 box 0
1076.9043180634212 949.0853142817507 1107.1504313843604 1.8133883901730572 923.4664523039902 -4.051586908526795 893.2203389830509 943.2203389830507 box 0
2428.813559322034 983.050847457627 2440.431429787366 7.975422845500519 2248.760877217127 5.691698329865801 2237.143006751795 980.7671229419923 box 0
1860.1694915254238 961.8644067796611 1877.0741894175437 3.216289781579583 1684.108526368063 -0.18644598722244154 1667.2038284759433 958.461671010859 box 0
2035.8194118777274 970.287626025594 2061.7261513564217 2.6149241479932357 1881.459172565168 -2.211221765903815 1855.5524330864735 965.4614801116973 box 0
2612.668651172597 1012.7134304969608 2633.799807869731 -9.879285271827769 2447.993281751413 -13.718845986676572 2426.8621250542797 1008.8738697821121 box 0
892.3728813559322 956.7796610169491 917.4798696076163 4.692416713054524 736.518316050909 -0.07962453246869927 711.411327799225 952.0076197714258 box 0
