3391.0370067780113 2368.91912184658 3747.299613455859 2096.825379774755 3334.4137931034484 1556.218390804598 2978.1511864256 1828.3121328764225 box 0
2974.0689655172414 1812.5402298850574 3333.250963370733 1539.4042284929671 2921.514400187479 997.9583531790217 2562.332402333988 1271.0943545711125 box 0
3773.649842341903 2083.8939262061367 4121.32080821454 1809.3484654665704 3702.229885057471 1278.6321839080463 3354.5589191848326 1553.1776446476122 box 0
3349.3563218390805 1533.8045977011498 3702.1911442729665 1266.9354629939105 3287.233485591985 718.3088412644927 2934.3986631580988 985.1779759717323 box 0
3026.5466060829867 2647.076908092521 3377.45048244294 2375.213101259475 2962.0 1838.977011494253 2611.0961236400467 2110.8408183272995 box 0
2650.5057471264367 2938.402298850575 3010.319297904616 2668.832450999552 2616.666674050722 2143.397023071816 2256.853123272542 2412.9668709228395 box 0
2616.8330135107835 2096.867066489917 2968.4786029507163 1815.975421577731 2547.057471264368 1288.4022988505749 2195.4118818244356 1569.2939437627608 box 0
2271.358758013968 3212.717829986895 2630.9655172413795 2943.5747126436786 2232.5262994572963 2411.2132044958644 1872.9195402298851 2680.3563218390805 box 0
1872.9195402298851 2664.264367816092 2226.882385951135 2394.1676436494417 1814.3794567762468 1853.5808922566132 1460.4166110549972 2123.6776164232647 box 0
2256.8275862068967 2394.1494252873567 2608.751863553122 2114.918414902099 2174.7450216996103 1567.9249274241813 1822.820744353385 1847.1559378094391 box 0
