644.5499813113684 2701.516535670993 651.6623619622744 2441.8063496533496 -15.629160789060053 2423.532013218167 -22.74154143996611 2683.2421992358104 box 0
652.7833141599293 1123.403219590795 663.1109593029292 848.7006335565698 -8.169263580858411 823.4633613723397 -18.49690872385831 1098.165947406565 box 0
649.8997780740282 1918.0545979796407 660.6043494735137 1648.702750295039 -13.158294194938822 1621.926099652195 -23.862865594424374 1891.2779473367968 box 0
658.486071631329 1653.2438688527563 667.2150605461288 1382.5779828704858 -0.44368595780594866 1361.0459535349387 -9.172674872605901 1631.7118395172092 box 0
647.5331474159752 2178.9485198135085 654.2532662600665 1906.3176131800478 -10.763505253652356 1889.925518119841 -17.483624097743625 2162.5564247533016 box 0
661.0989782820467 858.3339367165846 672.1333631734545 593.463277843667 8.583763455319097 565.8201190695482 -2.4506214360887197 830.6907779424658 box 0
669.7610218358922 1385.3032275050323 678.3627074690554 1121.437372789952 -6.39815972575422 1099.1150540501435 -14.999845358917476 1362.9809087652238 box 0
644.7068402484707 2963.8419118625134 650.1700438351801 2697.313932068092 -7.29531394994774 2683.8374216335806 -12.75851753665711 2950.365401428002 box 0
661.4157439231708 601.1597945791009 675.4841061466282 322.85362682156943 -6.012177944166808 288.4040253061531 -20.080540167624292 566.7101930636845 box 0
656.0245678740134 2435.658997624438 661.2030293906787 2174.7125915155907 0.4257475060829745 2161.5995167798587 -4.75271401058227 2422.545922888706 box 0
