1124.5454545454545 506.63636363636346 614.3181818181819 506.63636363636346 614.3181818181819 17.999999999999908 1124.5454545454545 17.999999999999908 box 0
1651.2208259683405 470.7489818567367 1135.4149134380834 481.06647580988806 1126.0519013043868 12.978290870535801 1641.8578138346438 2.6607969173844026 box 0
2165.9132573988645 457.4658667618594 1652.3025753666684 462.60214479259054 1647.723106237499 4.6704968745040105 2161.333788269695 -0.46578115622702404 box 0
2167.485916004418 474.5636172018867 1662.5819081283578 484.6630439855561 1672.7272727272727 991.8636363636363 2177.6312806033334 981.7642095799669 box 0
1135.1594788380075 514.3734662927003 1650.6277948516358 498.90477592672164 1665.4683160136283 993.4404005431117 1150.0 1008.9090909090909 box 0
1117.0454545454545 521.4090909090909 622.7272727272727 535.0454545454545 645.4545454545455 1038.4545454545455 1140.909090909091 1017.9999999999999 box 0
2179.5454545454545 494.1363636363635 2682.9545454545455 494.1363636363635 2682.9545454545455 987.3181818181818 2179.5454545454545 987.3181818181818 box 0
2702.2727272727275 472.54545454545445 3198.8636363636365 472.54545454545445 3198.8636363636365 972.5454545454545 2702.2727272727275 972.5454545454545 box 0
2680.681818181818 457.7727272727272 2173.8636363636365 467.9999999999999 2168.181818181818 3.2272727272726347 2669.318181818182 10.045454545454453 box 0
2698.8636363636365 457.7727272727272 2675.0 5.499999999999907 3181.818181818182 8.909090909090818 3211.3636363636365 458.90909090909076 box 0
