2395.671449422702 633.207468865017 2619.683782874988 622.9484884498501 2590.8164717198756 -7.390343544582336 2366.8041382675897 2.8686368705844663 box 0
1274.2734788976738 675.4608753173086 1491.3642597133041 662.0229956894602 1450.498919478791 1.8378425629403379 1233.4081386631608 15.275722190788729 box 0
2172.0097214091497 635.7473117158682 2393.3564117165884 624.6340224235149 2361.795085109405 -3.9823127076895366 2140.4483948019665 7.130976584663832 box 0
1048.0454970796034 690.725590134029 1269.5074682253787 676.9236349653062 1226.9542114775256 -5.872969055537748 1005.4922403317503 7.928986113185044 box 0
824.5775217291622 701.3622113236156 1040.6741142014705 687.7107574581655 996.6403714898319 -9.324287129279643 780.5437790175234 4.327166736170458 box 0
602.7634318654777 733.6361200827057 815.344212242185 721.4748331714502 773.5907149011848 -8.381399394839377 561.0099345244776 3.7798875164160104 box 0
1946.9386837139537 644.7095496323515 2173.057196542489 633.0945364252717 2140.28668783756 -4.874492183010689 1914.168175009025 6.740521024069014 box 0
1498.5077027919688 664.2104061195071 1721.588724659403 649.8238466432035 1679.119542157372 -8.712243659179986 1456.0385202899379 5.674315817123552 box 0
1723.8106747316751 657.4355599374553 1942.4687649265798 645.3172916866617 1906.2001612973777 -9.10159387300218 1687.542071102473 3.0166743777912814 box 0
2622.7460342715794 627.9282041742044 2841.526949282278 618.1429925083667 2813.6834304501 -4.391372127695604 2594.902515439401 5.3938395381420605 box 0
