1425.710949268662 1806.0345376294736 1958.823063078252 363.92944267869825 1681.9045380207665 261.55921961845104 1148.7924242111765 1703.6643145692265 box 0
1136.9230665444547 1712.4469628957154 1670.6414997291886 264.09907945824546 1393.3238523245636 161.9070978495239 859.6054191398298 1610.2549812869938 box 0
2860.174609635317 2314.795758025917 3392.322782452223 870.7857463186986 3113.33146259979 767.9715553590925 2581.1832897828845 2211.981567066311 box 0
3149.180133754552 2421.4119363207983 3683.2951598261798 972.927114291138 3404.431856601893 870.0989187817408 2870.316830530265 2318.583740811401 box 0
1709.807150426586 1914.0135032180208 2244.5539035683037 458.3964354978907 1966.53216842107 356.26021885839555 1431.7854152793527 1811.8772865785252 box 0
854.9352753572791 1607.1824095180982 1376.7463964513838 162.88577662632247 1101.0685965604457 63.28591705050507 579.2574754663408 1507.582549942281 box 0
2568.484240135415 2204.060335332568 3118.700067472871 776.6032754010753 2838.2070074231783 668.4867334540531 2287.991180085722 2095.9437933855456 box 0
2289.4653007121306 2118.4309600679812 2818.377127953854 651.893720835595 2537.560583534695 550.6162437589227 2008.6487562929715 2017.153482991309 box 0
2009.52901470907 2024.433438623576 2523.261774169773 551.8502839650804 2240.6122206424925 453.243740331502 1726.8794611817893 1925.8268949899975 box 0
568.8955657359136 1505.4452841864559 1101.7064478253521 38.848621843702745 823.7451977375972 -62.1340018378229 290.93431564815864 1404.4626605049302 box 0
