1280.1393441312623 3060.4595268821918 1534.3857997969255 3037.8576365661506 1444.886334884851 2031.086901035289 1190.6398792191878 2053.6887913513297 box 0
750.6582232687463 3064.4622171377964 1006.125081375893 3042.5782111292406 922.5931202676306 2067.4529233956505 667.1262621604837 2089.3369294042063 box 0
2605.6211127243123 3074.472813024084 2855.3991378650644 3052.6364647842897 2752.696218971244 1877.8552250008183 2502.918193830492 1899.6915732406133 box 0
2870.4467130992552 3061.9448136793444 3123.2407069722967 3040.927003096368 3024.675141301379 1855.418983317726 2771.8811474283375 1876.4367939007025 box 0
1813.1073689785144 3064.1736713539913 2067.835101959382 3040.4250728022134 1967.07402144147 1959.6605991819906 1712.3462884606024 1983.4091977337685 box 0
1005.6363845609808 3036.5893487357316 1257.7522835235836 3016.590291957963 1179.332226202569 2027.9965063668071 927.2163272399662 2047.9955631445755 box 0
1547.5763875735674 3048.021343235243 1788.8018620782889 3026.839842249483 1696.6153846153848 1976.974358974359 1455.3899101106629 1998.1558599601194 box 0
2077.844588541616 3061.1051174920476 2331.9102760240285 3039.204207924787 2235.562352701091 1921.5017078816752 1981.4966652186788 1943.4026174489356 box 0
3128.299225740876 3012.40313799699 3379.5738496742906 2990.1776215928285 3273.364720029387 1789.4109611241036 3022.0900960959725 1811.6364775282652 box 0
2336.9649953986727 3038.090090328499 2592.1147881472357 3016.807931470156 2499.1794871794873 1902.6153846153843 2244.0296944309243 1923.8975434737292 box 0
