3912.109448130188 1019.2910033043244 3915.591738316534 835.7926803243793 2720.431442728719 813.1118465115803 2716.949152542373 996.6101694915254 box 0
3876.678134627886 2372.4829866420837 3880.650286128354 2190.7913822313176 2697.192490483519 2164.9185650807594 2693.220338983051 2346.6101694915255 box 0
3892.909842516334 834.0448239748024 3895.984832403344 639.1628544112538 2703.074989887011 620.3402526586736 2700.0 815.2222222222223 box 0
3910.8635233207838 1212.952501398266 3913.974635914535 1032.8475034014136 2722.6026380174803 1012.2678833590797 2719.491525423729 1192.3728813559323 box 0
3910.011989647989 1402.189927823958 3913.370691135813 1223.5652223699017 2715.2231082674857 1201.0363114950962 2711.8644067796613 1379.6610169491526 box 0
3901.779502198958 1791.6003800620492 3905.7637427852287 1610.1155320031055 2705.679155840508 1583.769389229192 2701.6949152542375 1765.2542372881358 box 0
3888.2248495468166 1984.5203482408067 3892.5456840683487 1799.4447980991297 2704.320834521531 1771.704110875272 2700.0 1956.7796610169491 box 0
3891.8918361341944 2184.4199326043504 3897.3076651085667 2000.2160698303037 2697.7887103303037 1964.948679598835 2692.3728813559323 2149.1525423728813 box 0
3908.377811773446 1607.492397316706 3912.838529792959 1414.904374282776 2711.240379036461 1387.0729939152225 2706.779661016949 1579.6610169491528 box 0
3845.957462253215 2569.7741294206303 3850.912243947616 2386.7197641906423 2650.717493558807 2354.233770363232 2645.762711864407 2537.2881355932204 box 0
