3444.4444444444443 910.8571428571429 3444.499202004286 621.8998936023971 1891.9954531019207 621.605693276385 1891.9406955420795 910.5629425311308 box 0
3447.6190476190477 1234.6666666666667 3448.3551120901193 932.4108644161599 1892.412435509072 928.6217754566496 1891.6763710380005 1230.8775777071562 box 0
3439.6825396825398 625.1428571428572 3439.990285972018 330.4022969494121 1889.299321727961 328.7831801571357 1888.9915754384824 623.5237403505809 box 0
3460.3174603174602 2125.1428571428573 3459.891960510409 1838.8846353033969 1908.0626659396678 1841.191304649607 1908.4881657467197 2127.4495264890675 box 0
3447.6190476190477 315.61904761904765 3447.6848373357907 11.428269008830203 1884.4336838294184 11.090172466070044 1884.3678941126752 315.28095107628747 box 0
3467.0 3035.0 3467.2794822003452 2768.04717201258 1920.3713709585256 2766.427660108844 1920.0918887581804 3033.3804880962643 box 0
3446.031746031746 1517.2063492063492 3446.0580603222206 1236.1511229498012 1898.6897443492244 1236.0062478664279 1898.6634300587507 1517.0614741229758 box 0
3457.1428571428573 2431.4920634920636 3455.292886880658 2122.3847964661454 1914.160874790789 2131.608288427108 1916.0108450529876 2440.715555453027 box 0
3466.6666666666665 2756.888888888889 3466.0767534415377 2436.7484903914933 1917.0155251956726 2439.602899611215 1917.605438420801 2759.743298108611 box 0
3458.7301587301586 1839.4285714285716 3459.334281550212 1527.8664892069457 1904.9186848452891 1524.852457694769 1904.3145620252367 1836.4145399163951 box 0
