2749.419100854833 1046.4947232070838 3318.5002595700075 472.87613135798955 3176.388888888889 331.88888888888897 2607.3077301737153 905.5074807379835 box 0
2585.94725481817 898.754373759722 3169.011786766984 323.75362291768147 3025.0 177.72222222222226 2441.9354680511865 752.7229730642628 box 0
1230.4635852842973 2101.1184394692445 1829.1666666666667 1540.2222222222224 1696.4275376838245 1398.535893988278 1097.7244563014553 1959.4321112353005 box 0
787.8025513548276 1610.4919233916748 1391.2505720629274 1066.0853929331277 1251.388888888889 911.0555555555557 647.9408681807894 1455.4620860141026 box 0
1088.6479730143917 1938.6635060611457 1687.572677436042 1389.3257289987903 1544.4444444444446 1233.277777777778 945.5197400227944 1782.6155548401339 box 0
2422.222222222222 737.4444444444445 3003.6868809476637 163.91911258180798 2862.5000000000005 20.77777777777783 2281.03534127456 594.3031096404142 box 0
626.7919533632382 1454.8954795550862 1224.0454077349325 904.4568676126414 1088.9201210383608 757.839165835333 491.6666666666667 1308.277777777778 box 0
2899.0760836181207 1208.099274575493 3471.1963618473924 614.6464478009588 3329.166666666667 477.7222222222223 2757.0463884373944 1071.1750489967558 box 0
934.9104637844365 1773.9209270205963 1539.3825923746208 1218.062111808414 1401.388888888889 1068.0000000000002 796.9167602987045 1623.8588152121824 box 0
2148.6111111111113 1645.777777777778 2730.6256359934223 1051.3547051526803 2586.6727823682845 910.4068591377444 2004.6582574859738 1504.829931762842 box 0
180.55555555555557 2176.3333333333335 775.3657933637488 1624.555360092588 636.3207792748108 1474.666452040436 41.51054146661743 2026.4444252811816 box 0
2451.388888888889 1954.1111111111113 3037.3519867112427 1374.7843608178391 2896.437551334693 1232.255711762136 2310.4744535123396 1811.5824620554079 box 0
20.18278550994353 2018.896852630705 611.4776403167036 1453.970479441976 475.7684027035957 1311.9268826853931 -115.52645210316444 1876.8532558741215 box 0
1838.790020736544 1335.8536781322925 2408.481773626156 742.6828153005072 2265.525086222946 605.3846927237703 1695.8333333333335 1198.5555555555557 box 0
2306.9444444444443 1795.7777777777783 2884.509113145866 1215.6326124445632 2740.8571359737975 1072.6196019749573 2163.2924672723752 1652.764767308172 box 0
326.3888888888889 2331.8888888888887 919.5155925845116 1782.5906360629845 785.2112207937118 1637.5701323159317 192.08451709808892 2186.868385141836 box 0
2001.388888888889 1490.2222222222224 2569.7012326602458 903.9327637736938 2424.8810093618304 763.5530940692294 1856.5686655904735 1349.842552517758 box 0
3060.1063603758266 1366.1976617519686 3626.388888888889 786.0555555555555 3483.6510333254287 646.7277031213403 2917.3685048123666 1226.869809317754 box 0
612.5 2655.5 1222.0375348510913 2113.475458791082 1095.000876060559 1970.6154848456326 485.46334120946796 2512.6400260545506 box 0
468.6492820841566 2494.4518960983123 1068.0555555555557 1955.5000000000002 939.4031603167881 1812.4166314071706 339.9968868453891 2351.3685275054827 box 0
