3068.477579147978 857.7654667048157 3093.4874457532433 14.538960745702694 2886.883621566133 8.411148056536774 2861.8737549608677 851.6376540156498 box 0
3290.7147575098197 871.0347797150487 3317.046446050931 0.6657707632230654 3105.5113296789004 -5.733901953207862 3079.179641137789 864.6351069986176 box 0
2417.128205128205 833.3846153846154 2422.7662237153236 2.643469637837581 2223.2003488190435 1.2890692716340482 2217.5623302319254 832.0302150184118 box 0
1770.974358974359 823.1282051282051 1784.1204150760825 13.91064157128705 1574.4954629034269 10.505202162050807 1561.349406801703 819.7227657189688 box 0
2204.3076923076924 838.5128205128204 2214.8987569298392 1.0033122251246602 2007.106198214219 -1.6244124700347697 1996.515133592072 835.8850958176611 box 0
3509.289820903669 872.4192316263808 3528.9577673242534 -1.7021423882812883 3321.8141357003346 -6.362925168861295 3302.14618927975 867.7584488458008 box 0
2858.683143058735 833.607753514635 2873.930105445827 1.8913661676913307 2668.329456123394 -1.877689504014711 2653.082493736302 829.8386978429287 box 0
1994.0512820512822 828.2564102564102 2004.264448268136 6.970895910687976 1792.3160492281559 4.3351934771488345 1782.1028830113012 825.620707822871 box 0
2639.320943417813 837.3240222845818 2655.1440571545227 6.6536870041114184 2448.335934249531 2.7142801041450015 2432.5128205128203 833.3846153846154 box 0
1563.2820512820513 817.9999999999999 1572.7554602076798 9.803887168186234 1351.9792623632175 7.216021215827595 1342.505853437589 815.4121340476414 box 0
