718.3316935483208 1635.3069618201578 722.2564102564103 1471.8461538461538 -6.688174354282365 1454.3440931017342 -10.612891062371888 1617.804901075738 box 0
715.2124208854183 2438.1185717305093 719.5374094537777 2278.521400280077 -6.671727983806946 2258.8415639201253 -10.996716552166376 2418.4387353705574 box 0
717.1898255820963 2281.444884144607 722.881421180778 2116.968803605078 -5.314606713840699 2091.77001911467 -11.006202312522422 2256.246099654199 box 0
724.42728106834 1954.8497993573824 728.6481315807583 1794.399567003542 -6.2032567725331855 1775.0683524980864 -10.424107284951484 1935.5185848519266 box 0
690.527602035464 2911.2091168964357 694.0762635306496 2751.0623357922163 -4.869855529726863 2735.57452415581 -8.418517024912433 2895.7213052600296 box 0
718.8695168916013 2113.9076815020844 722.4742858092372 1955.4052763556706 -6.762363952758494 1938.8204831707671 -10.367132870394482 2097.322888317181 box 0
701.4744900351096 2748.8702221170706 704.5956897244511 2590.945229929279 -1.4869116430807712 2576.9903468831735 -4.608111332422186 2734.9153390709653 box 0
704.5259915243071 2588.983847363262 707.1198169990928 2434.0236586877077 -3.599403942672451 2422.1271732971377 -6.193229417458257 2577.087361972692 box 0
718.6065206752487 1789.6772992361944 722.3069907715899 1635.4977997774042 -8.272955821580364 1617.9631129036982 -11.973425917921634 1772.142612362488 box 0
696.1114045714934 3040.0728400529792 697.9889071137324 2910.142307209189 -2.106142196615502 2900.025899571044 -3.9836447388544864 3029.9564324148346 box 0
