1483.7105263157896 135.96491228070175 2203.447368421053 210.96491228070172 2178.885964912281 476.7543859649122 1454.3245614035088 403.94736842105254 box 0
1452.5701754385966 414.91228070175436 2177.570175438597 485.0877192982456 2152.131578947369 753.0701754385964 1429.7631578947369 681.1403508771929 box 0
1428.8859649122808 692.9824561403508 2155.201754385965 761.8421052631578 2130.201754385965 1024.5614035087717 1405.201754385965 957.4561403508771 box 0
1405.640350877193 967.1052631578947 2127.131578947369 1035.9649122807016 2104.763157894737 1301.3157894736842 1381.078947368421 1236.8421052631577 box 0
1378.4473684210527 1244.7368421052631 2103.008771929825 1309.6491228070174 2077.131578947369 1576.7543859649122 1355.201754385965 1510.5263157894735 box 0
1346.8684210526317 1516.2280701754385 2076.6929824561407 1586.4035087719296 2050.8157894736846 1850.8771929824559 1324.5 1781.140350877193 box 0
1324.5 1792.1052631578946 2052.570175438597 1856.5789473684208 2027.1315789473683 2122.368421052631 1303.0087719298247 2057.456140350877 box 0
1298.1842105263158 2063.157894736842 2021.868421052632 2126.754385964912 1998.622807017544 2396.052631578947 1275.377192982456 2329.3859649122805 box 0
1272.7456140350878 2333.333333333333 1994.6754385964912 2400.4385964912276 1970.1140350877192 2669.298245614035 1249.938596491228 2599.9999999999995 box 0
1245.1140350877195 2607.456140350877 1969.6754385964912 2677.1929824561403 1937.657894736842 2939.912280701754 1222.3070175438597 2866.2280701754385 box 0
