2675.75724240352 2764.8251906872347 3850.1133449957283 2738.9051759154654 3846.302120389448 2566.230317735617 2671.94601779724 2592.1503325073863 box 0
2685.768448830231 1461.7116368424415 3854.552905834711 1430.1758967519906 3849.832217978851 1255.2167368758203 2681.047760974371 1286.7524769662712 box 0
2655.72582922569 2207.4961983374374 3834.8061785729296 2196.1868007945145 3832.941935056536 2001.826943142054 2653.8615857092964 2013.1363406849773 box 0
2686.5449312744554 1646.3898566891858 3849.4789461561245 1623.5374132220663 3846.107702392537 1451.978776581078 2683.1736875108677 1474.8312200481973 box 0
2669.652271853302 2389.801871284363 3839.514488893264 2380.445874340524 3838.0552888766783 2197.989319816711 2668.193071836716 2207.3453167605503 box 0
2672.163632184208 2579.488889561719 3854.6574578897935 2557.8217214668516 3851.326382464229 2376.0270306958487 2668.8325567586435 2397.694198790716 box 0
2674.3423558495615 1830.0392998059308 3864.366789121378 1818.968692004083 3862.7795298315905 1648.347767607399 2672.755096559774 1659.418375409247 box 0
2659.436238412228 2015.2311610958666 3850.4615384615386 2007.7435897435898 3849.3897300452936 1837.2542707783427 2658.3644299959824 1844.7418421306195 box 0
2669.420396832981 1271.5767009642102 3846.781155322552 1247.353714754998 3843.147849626979 1070.756514367821 2665.7870911374084 1094.9795005770331 box 0
2672.8230720010283 2949.1238573060514 3856.818911905257 2943.563668912036 3855.9643456015106 2761.5908872618197 2671.9685056972817 2767.151075655835 box 0
