3285.9154929577467 3040.535211267606 3319.2573640211845 1627.9239941860883 3090.6540816381284 1622.5282695353653 3057.3122105746907 3035.1394866168826 box 0
3521.1267605633807 3058.845070422535 3555.3585230674594 1630.5939124937354 3329.425699266169 1625.178843355995 3295.1939367620903 3053.4300012847953 box 0
1914.0845070422536 3041.9436619718313 1939.913847143042 1627.5550354355282 1724.0992351263305 1623.6138633220685 1698.2698950255422 3038.002489858371 box 0
1912.0845070422536 3039.9436619718313 1937.913847143042 1625.555035435528 1722.0992351263305 1621.6138633220687 1696.2698950255422 3036.002489858371 box 0
2141.070422535211 3036.5352112676064 2166.8997626359997 1622.1465847313027 1951.0851506192882 1618.2054126178432 1925.2558105184999 3032.594039154146 box 0
2368.6478873239435 3038.7605633802823 2394.477227424732 1624.371936843979 2178.662615408021 1620.4307647305197 2152.8332753072323 3034.819391266822 box 0
2594.8169014084506 3038.169014084508 2620.646241509239 1623.7803875482043 2404.831629492528 1619.8392154347448 2379.0022893917394 3034.2278419710474 box 0
2826.619718309859 3037.577464788733 2852.4490584106475 1623.1888382524298 2636.6344463939363 1619.24766613897 2610.8051062931477 3033.6362926752727 box 0
3054.1971830985913 3042.6197183098593 3080.02652319938 1628.231091773556 2864.2119111826687 1624.2899196600965 2838.38257108188 3038.678546196399 box 0
3747.295774647888 3048.394366197183 3781.5275371519665 1620.1432082683832 3555.594713350676 1614.728139130643 3521.3629508465974 3042.979297059443 box 0
3977.690140845071 3052.028169014084 4011.9219033491495 1623.7770110852841 3785.989079547859 1618.3619419475444 3751.7573170437804 3046.613099876344 box 0
