619.9411764705883 15.882352941176471 624.6470588235295 505.88235294117646 1129.3529411764707 503.5294117647059 1125.235294117647 7.647058823529412 box 0
1642.294117647059 4.11764705882353 1650.529411764706 477.64705882352945 1147.0 490.5882352941177 1129.3529411764707 1.7647058823529411 box 0
1646.4117647058824 498.8235294117647 1144.058823529412 516.4705882352941 1162.8823529411766 1016.4705882352941 1666.4117647058824 999.4117647058823 box 0
1127.0 517.0588235294118 624.6470588235295 530.5882352941177 649.9411764705883 1034.7058823529412 1161.1176470588236 1012.9411764705883 box 0
2179.3529411764707 981.1764705882354 2165.823529411765 481.7647058823529 1659.9411764705883 492.3529411764706 1674.058823529412 990.0 box 0
2164.0588235294117 460.0 2159.3529411764707 0.5882352941176471 1645.235294117647 2.9411764705882355 1664.058823529412 472.3529411764706 box 0
2165.823529411765 0.0 2178.1764705882356 471.1764705882353 2691.7058823529414 460.0 2673.470588235294 1.7647058823529411 box 0
2693.470588235294 491.1764705882353 2186.4117647058824 491.7647058823529 2187.5882352941176 996.4705882352941 2698.1764705882356 990.5882352941177 box 0
3189.9411764705883 1.1764705882352942 2678.1764705882356 2.3529411764705883 2699.9411764705883 464.7058823529412 3211.7058823529414 457.05882352941177 box 0
3211.117647058824 472.94117647058823 2705.823529411765 474.11764705882354 2700.529411764706 987.0588235294118 3208.764705882353 971.1764705882354 box 0
