2.5729765736186323 1695.3603977194298 681.4986789250299 1673.3315442814885 674.1046281016743 1445.4480930337443 -4.821074249737023 1467.4769464716853 box 0
-0.6963046816165956 2407.8680829772084 685.7324966590002 2380.918319929111 676.6750370767886 2150.2186617127327 -9.753764263828032 2177.16842476083 box 0
-0.028611253374833723 992.507558326358 678.4061459210554 972.3494500964008 671.6768683181941 745.8710641101652 -6.75788885623615 766.0291723401223 box 0
-11.326406324057473 1928.4026656497745 676.6826942918956 1909.92669851736 670.6366822601842 1684.784963286993 -17.372418355768957 1703.2609304194075 box 0
-11.890114941168974 1222.6827382909185 678.1528943226249 1206.3297202716487 672.9085961003791 985.0377653254142 -17.134413163414763 1001.390783344684 box 0
-9.963546994446006 2634.3338537548134 684.295595552616 2616.7079701495377 678.620310261963 2393.166343083565 -15.638832285098943 2410.792226688841 box 0
-3.7189336542271576 758.0365740537964 685.8811194325633 741.6401777029098 680.2351198915624 504.1805859803833 -9.364933195228105 520.5769823312698 box 0
-6.6042364207351625 2169.56009514041 678.6427322591828 2148.9827485596884 671.6527099696243 1916.2077614574903 -13.594258710293673 1936.785108038212 box 0
-5.856349711421842 1459.1401506763975 681.4877224676084 1443.3674185365364 676.2769152212179 1216.290876545282 -11.067156957812188 1232.063608685143 box 0
-0.22854909213884866 2872.063556022302 679.0980486274218 2859.17658270802 674.871849720801 2636.3958525470343 -4.4547479987597285 2649.2828258613163 box 0
