2599.1428571428573 419.2857142857142 2613.4285714285716 920.7142857142857 3120.5714285714284 891.4285714285714 3099.142857142857 377.85714285714283 box 0
3120.5714285714284 381.4285714285714 3619.142857142857 374.99999999999994 3633.4285714285716 869.9999999999999 3132.0 884.2857142857142 box 0
3151.285714285714 900.7142857142857 3656.285714285714 883.5714285714284 3667.714285714286 1390.7142857142856 3167.714285714286 1407.142857142857 box 0
3122.0 900.7142857142857 3149.8571428571427 1405.7142857142856 2647.714285714286 1432.142857142857 2615.5714285714284 924.9999999999999 box 0
3134.8571428571427 1419.2857142857142 3158.4285714285716 1924.9999999999998 2656.285714285714 1947.8571428571424 2632.714285714286 1447.142857142857 box 0
3163.4285714285716 1426.4285714285713 3177.0 1929.285714285714 3672.714285714286 1899.9999999999998 3663.4285714285716 1397.8571428571427 box 0
3691.285714285714 1914.2857142857138 3182.714285714286 1943.5714285714287 3220.5714285714284 2443.5714285714284 3717.714285714286 2410.7142857142853 box 0
3169.8571428571427 1933.5714285714284 2666.285714285714 1960.7142857142856 2693.4285714285716 2464.285714285714 3199.8571428571427 2438.5714285714284 box 0
3210.5714285714284 2457.142857142857 2708.4285714285716 2475.7142857142853 2734.8571428571427 2977.142857142857 3224.8571428571427 2962.142857142857 box 0
3721.285714285714 2423.5714285714284 3216.285714285714 2461.428571428571 3237.714285714286 2962.142857142857 3742.0 2927.142857142857 box 0
