1790.251350623737 444.4709892694126 1791.0473633590962 247.5484758499417 963.2960127353592 244.20248658052913 962.5 441.1250000000001 box 0
2622.5 454.8750000000001 2623.1329672354686 250.28985080881628 1812.684483396437 247.78239932304874 1812.0515161609685 452.3675485142325 box 0
2626.25 681.1250000000001 2629.9529545323685 480.4191680878296 1809.5996784597487 465.28392835495487 1805.8967239273798 665.9897602671253 box 0
1794.4724943033118 675.391168855768 1797.4371966296997 467.9651431108302 974.2147023263877 456.1989742550622 971.25 663.6250000000001 box 0
1794.8585248054294 898.4676743480652 1798.2705988033545 691.0954277412866 972.1620739979247 677.5027533932214 968.75 884.875 box 0
2620.0 899.8750000000001 2622.88767793873 698.9242142001622 1798.7011121653627 687.080591126439 1795.813434226632 888.0313769262767 box 0
1784.0833672217195 225.2902972534049 1782.923901508578 19.093486614788844 967.5905342868582 23.678189361384046 968.75 229.8750000000001 box 0
2625.0 246.1250000000001 2627.1714774342145 34.88447246003341 1794.1494486429383 26.32130250969447 1791.9779712087234 237.56183004966115 box 0
973.256368952603 895.4947926808088 1786.5377865832834 911.7625901309257 1782.5 1113.625 969.2185823693198 1097.3572025498831 box 0
1798.9359670156177 911.2963966091531 2612.3393961774977 919.4307020460941 2610.320401936985 1121.3233960716557 1796.9169727751055 1113.1890906347146 box 0
