2271.9427349148573 2652.177256851868 2660.8658778189983 2104.677237548106 2296.11214953271 1845.570093457944 1907.1890066285687 2393.070112761706 box 0
2675.551401869159 2095.102803738318 3064.0303307273093 1540.5466966873407 2693.3034724803188 1280.8442590807892 2304.8245436221678 1835.400366131766 box 0
763.001112184062 1556.9140670826512 1150.51748002992 1022.2050072894061 793.3084112149534 763.3271028037382 405.7920433690955 1298.0361625969836 box 0
1169.0093457943926 1010.9906542056074 1558.1933020749057 459.61113299574714 1187.6594466947647 198.07470259606112 798.4754904142515 749.4542238059214 box 0
2298.9158878504672 1824.0747663551401 2694.1361869891343 1261.5364147286657 2326.8290005232557 1003.4788872887979 1931.608701384588 1566.0172389152717 box 0
1895.6233983010459 2383.037381412576 2291.495827067733 1844.1510881623246 1923.214953271028 1573.6074766355139 1527.3425245043416 2112.4937698857652 box 0
1521.7587029407334 2109.3186320901423 1912.8807203206115 1564.7634356046735 1540.03738317757 1296.9719626168223 1148.9153657976917 1841.5271591022913 box 0
1922.2803738317757 1548.3738317757006 2312.830364775192 997.0888862951372 1947.8153482009625 738.4991813050838 1557.2653572575455 1289.784126785647 box 0
1134.9542071045978 1831.4254908866385 1518.9315524998167 1295.5001649375379 1159.6635514018692 1038.0934579439252 775.6862060066503 1574.0187838930258 box 0
1551.2523364485983 1270.8037383177568 1936.3379244833316 719.5112298082397 1571.2865611719537 464.5177068893332 1186.20097313722 1015.81021539885 box 0
