2497.8929606275074 1448.1451501107774 3307.7765479726136 634.9073276324073 3186.29063693719 513.9224905752576 2376.4070495920837 1327.1603130536275 box 0
2244.680253096358 1209.592727023749 3050.9165995608873 393.75751916323213 2923.4244694988565 267.7654215510803 2117.188123034327 1083.6006294115969 box 0
2765.9478742743936 1671.4609435863836 3552.9330087201447 872.427718670091 3429.2604982231646 750.6199836902279 2642.2753637774135 1549.6532086065204 box 0
2998.8652863783327 1931.513083104777 3805.789696029481 1112.1839495695683 3686.0074766831904 994.2152448371173 2879.083067032042 1813.544378372326 box 0
2869.528051760353 1802.3220096220002 3679.495445047041 994.1962862954889 3562.5376296971667 876.971931112863 2752.5702364104786 1685.0976544393743 box 0
3118.3556080830754 2059.7243990243305 3923.459186707551 1238.7113225745775 3801.9315318095028 1119.5386167227398 2996.827953185027 1940.5516931724928 box 0
1996.1224063920265 964.6867927405807 2807.1856418837574 149.76933309370196 2682.359371562075 25.533439650776756 1871.2961360703441 840.4508992976555 box 0
2617.3280652120966 1572.6999603225204 3420.712373520214 755.6491973760425 3300.0613787576294 637.0162796066787 2496.677070449512 1454.0670425531566 box 0
2361.8541968189925 1323.1067962031855 3185.1987238479446 504.2626404062055 3067.0862198985365 385.50098959393364 2243.7416928695843 1204.3451453909136 box 0
2132.0775799039457 1068.505466323029 2928.42849589244 262.7610890931085 2807.8469981905364 143.58534445272795 2011.496082202042 949.3297216826484 box 0
