2523.2460600394024 3030.2501848163556 2811.9930939670667 3020.1342112664415 2759.7475282174337 1528.8539037761736 2471.0004942897694 1538.969877326088 box 0
2827.053317996723 3033.36659747202 3115.578421893853 3023.502068720499 3064.484999111431 1529.0834818736823 2775.959895214301 1538.948010625204 box 0
3434.6649010242318 3044.67617463578 3725.4964100673997 3033.762835284586 3668.6159659801624 1517.945828538047 3377.7844569369945 1528.8591678892412 box 0
3129.9767522345755 3045.3947140512346 3419.4311984356955 3035.2069023368576 3366.122112511518 1520.5978404226428 3076.667666310398 1530.7856521370195 box 0
2223.366544143965 3031.6628947247714 2508.647576484251 3021.3884834501155 2455.2530031277633 1538.82577486141 2169.971970787477 1549.100186136066 box 0
1916.139455750181 3035.8259215906764 2207.098522387447 3026.3617728481686 2159.0627605889304 1549.5844314977019 1868.1036939516646 1559.0485802402097 box 0
1595.140157156622 3039.059690418718 1900.6035479794948 3033.4622706633013 1873.5384615384614 1556.4615384615386 1568.0750707155892 1562.0589582169555 box 0
1289.1071550616812 3039.6671036236453 1583.2580154479733 3034.6010513650667 1558.1538461538462 1576.974358974359 1264.002985767554 1582.0404112329377 box 0
989.6830318738091 3067.124833818128 1289.2397865342334 3057.8311024725385 1243.6190082262885 1587.3762564223503 944.0622535658642 1596.6699877679396 box 0
3730.2612063929296 3049.022883357742 4022.2564102564097 3043.6410256410254 3993.946182002444 1507.6563702381704 3701.9509781389634 1513.0382279548874 box 0
