1198.4285714285713 992.142857142857 1381.2857142857142 751.4285714285713 2126.285714285714 1277.8571428571427 1954.1428571428569 1521.4285714285713 box 0
1027.0 1249.2857142857142 1200.5714285714284 1007.1428571428569 1946.2857142857142 1536.4285714285713 1775.5714285714284 1787.1428571428569 box 0
858.4285714285714 1504.9999999999998 1037.7142857142856 1269.9999999999998 1781.2857142857142 1802.857142857143 1601.2857142857142 2051.428571428571 box 0
689.8571428571429 1759.2857142857142 873.4285714285714 1524.9999999999998 1603.4285714285713 2068.5714285714284 1423.4285714285713 2310.0 box 0
522.0000000000001 2015.7142857142858 704.1428571428572 1777.1428571428569 1426.2857142857142 2331.428571428571 1251.2857142857142 2577.8571428571427 box 0
1264.8571428571427 2587.142857142857 1442.0 2341.428571428571 2202.0 2837.8571428571427 1984.8571428571427 3034.9999999999995 box 0
1447.0 2320.7142857142853 1619.8571428571427 2073.5714285714284 2374.857142857143 2587.142857142857 2212.714285714286 2833.5714285714284 box 0
1615.5714285714284 2055.7142857142853 1799.142857142857 1815.7142857142853 2549.1428571428573 2337.8571428571427 2381.285714285714 2585.7142857142853 box 0
1786.2857142857142 1787.8571428571427 1969.8571428571427 1542.8571428571424 2714.1428571428573 2083.5714285714284 2539.8571428571427 2322.142857142857 box 0
1962.7142857142856 1524.9999999999998 2133.4285714285716 1282.142857142857 2869.1428571428573 1816.428571428571 2706.285714285714 2067.142857142857 box 0
