285.04347826086973 230.43478260869563 1475.4782608695652 437.391304347826 1438.9565217391305 640.8695652173913 247.6521739130436 437.391304347826 box 0
248.5217391304349 453.0434782608695 1441.5652173913045 651.3043478260869 1403.304347826087 853.0434782608695 217.21739130434796 658.2608695652173 box 0
213.73913043478274 670.4347826086956 1410.2608695652175 862.6086956521738 1371.1304347826087 1065.2173913043478 187.6521739130436 873.9130434782608 box 0
189.3913043478262 882.6086956521738 1379.8260869565217 1072.173913043478 1344.1739130434783 1276.5217391304345 159.82608695652186 1086.086956521739 box 0
144.1739130434784 1092.173913043478 1349.3913043478262 1282.6086956521738 1304.1739130434783 1496.5217391304345 110.26086956521753 1299.1304347826085 box 0
120.69565217391317 1311.3043478260868 1313.7391304347827 1500.869565217391 1281.5652173913045 1705.2173913043475 88.52173913043492 1515.6521739130433 box 0
82.4347826086958 1524.3478260869563 1278.0869565217392 1708.6956521739128 1245.0434782608697 1913.0434782608693 56.34782608695667 1732.173913043478 box 0
47.65217391304363 1738.2608695652173 1245.913043478261 1919.1304347826085 1212.8695652173915 2126.086956521739 16.34782608695668 1950.4347826086955 box 0
5.043478260869723 2164.347826086956 1172.0 2346.95652173913 1138.0869565217392 2546.95652173913 1.5652173913045058 2374.782608695652 box 0
8.52173913043494 1955.6521739130433 1204.1739130434783 2133.0434782608695 1172.8695652173915 2336.5217391304345 0.6956521739132016 2159.9999999999995 box 0
