2672.919540229885 530.9310344827587 2636.712643678161 30.356321839080557 2139.5862068965516 54.494252873563326 2176.367816091954 567.1379310344829 box 0
2165.448275862069 557.3678160919541 2123.4942528735633 53.344827586206996 1619.471264367816 108.51724137931043 1674.0689655172414 612.5402298850576 box 0
2166.597701149425 574.0344827586208 1663.7241379310344 625.1839080459771 1718.3218390804598 1130.3563218390807 2209.1264367816093 1079.7816091954026 box 0
2732.689655172414 1041.2758620689658 2691.310344827586 538.977011494253 2190.1609195402298 580.9310344827587 2232.689655172414 1088.4022988505749 box 0
2217.1724137931033 1096.448275862069 1717.7471264367816 1136.6781609195405 1758.551724137931 1638.977011494253 2252.8045977011493 1600.4712643678163 box 0
2781.5402298850577 1555.0689655172416 2741.885057471264 1052.1954022988507 2241.885057471264 1096.448275862069 2279.2413793103447 1601.0459770114946 box 0
2807.402298850575 2068.287356321839 2766.022988505747 1568.2873563218395 2264.2988505747126 1606.218390804598 2308.551724137931 2122.3103448275865 box 0
2282.689655172414 2119.436781609196 2248.206896551724 1613.1149425287358 1749.3563218390805 1646.448275862069 1780.3908045977012 2152.1954022988507 box 0
2297.632183908046 2135.528735632184 1799.3563218390805 2158.5172413793107 1830.9655172413793 2663.689655172414 2332.114942528736 2642.425287356322 box 0
2847.057471264368 2579.206896551724 2807.402298850575 2078.057471264368 2306.2528735632186 2126.9080459770116 2348.206896551724 2640.1264367816093 box 0
