1178.4784169382388 1311.097039309426 1356.6188423986807 1182.0628442076013 495.33333333333326 -6.999999999999943 317.1929078728915 122.03419510182471 box 0
1000.8888888888887 1459.6666666666667 1181.031761237441 1330.6310940459846 312.81034984577707 118.53201387698618 132.66747749722447 247.5675864976682 box 0
2085.2737819737313 634.4382322419458 2263.2820512820517 497.48717948717933 1777.1877564878082 -134.33566813938214 1599.1794871794873 2.6153846153845564 box 0
1361.857190369348 1185.837524057632 1550.888888888889 1048.5555555555557 697.9114410056071 -125.9597688644981 508.8797424860663 11.322199637578251 box 0
1914.2681593838756 758.9491917169677 2076.4300115124192 636.3855756324364 1492.7692307692305 -135.84615384615358 1330.6073786406869 -13.282537761622512 box 0
1727.3846153846157 902.6153846153848 1911.434456485131 766.3059805842556 1218.8116022914814 -168.89821286826947 1034.761761190966 -32.58880883714014 box 0
1547.1177767667982 1042.7144158537146 1725.888888888889 912.4444444444447 965.5876772511803 -130.9264236217344 786.8165651290897 -0.6564522124644441 box 0
805.2532347711701 1599.3387858825054 994.0988657369737 1466.591876334837 142.79385406380436 255.5261526839147 -46.05177690199912 388.2730622315829 box 0
639.2222222222222 1743.5555555555557 810.5414587165238 1624.113411398465 25.657902221498944 498.3327869414078 -145.6613342728025 617.7749310984987 box 0
467.7777777777776 1863.7777777777778 639.0970142720793 1744.3356336206873 -145.78654222294563 618.55500916363 -317.10577871724706 737.9971533207208 box 0
