4027.722544830035 1678.512083824101 4032.0271445477774 1484.291792904217 2921.4328048459483 1459.677144977552 2917.128205128205 1653.8974358974358 box 0
4021.2882655272306 1919.8223767194572 4026.875529503333 1694.1994222327462 2917.128205128205 1666.717948717949 2911.540941152103 1892.34090320466 box 0
4023.944163386258 2789.871613032838 4030.1821600889402 2576.5564507756767 2890.7738725024137 2543.2366198468003 2884.535875799731 2756.5517821039616 box 0
4045.054816027042 1474.7984810556384 4049.0554377330172 1259.395392652273 2923.6929293982835 1238.4943474940703 2919.6923076923076 1453.8974358974358 box 0
4043.271932442412 1252.506557126039 4047.353984647281 1041.975903440055 2928.902565025381 1020.2898591345289 2924.8205128205127 1230.820512820513 box 0
4014.6651623692264 2343.4344260208795 4017.6528965701004 2126.374579189605 2919.4411227259884 2111.2581727034853 2916.4533885251144 2328.31801953476 box 0
4020.219056096291 816.734525089023 4023.0899607164347 592.8928322671758 2954.3837332103494 579.1860307886626 2951.5128285902056 803.0277236105097 box 0
4016.1368674729306 2562.8591273382526 4019.334174201526 2345.165158282515 2901.9590111281436 2328.7540875360146 2898.7617043995483 2546.448056591752 box 0
4017.048208933292 2118.525194868316 4020.5132254019277 1912.702188804951 2923.157324160943 1894.2282759879172 2919.6923076923076 2100.051282051282 box 0
4031.1934363391133 1032.037427500602 4033.7583844078617 813.6473226130145 2935.596796510007 800.7496345721518 2933.031848441259 1019.1397394597394 box 0
