1719.4975350544555 1673.5144986180742 1790.6653441832855 959.7640938565015 1147.7593973370865 895.6601614346012 1076.5915882082568 1609.4105661961737 box 0
2392.5853481391982 1693.9642643288614 2459.8018903398106 970.7639380722828 1803.3269740381108 909.7490680380816 1736.1104318374983 1632.9493942946604 box 0
3955.8351399750177 618.5168343221 3960.9992767046533 -6.84126351067863 3426.95664621883 -11.25132739701877 3421.7925094891943 614.1067704357598 box 0
3090.3513449708594 1702.3298130828828 3136.369554205282 980.1050767501224 2475.836391052604 938.0176879096636 2429.818181818182 1660.242424242424 box 0
3772.218424393726 1708.52782071183 3788.7701506093254 997.3996747710595 3146.36990803378 982.4476116349869 3129.818181818182 1693.5757575757575 box 0
1060.4816449622526 1624.2367737939157 1139.20752237318 916.8701548527233 511.08933232388415 846.9641763893748 432.36345491295657 1554.3307953305673 box 0
4468.801673230805 623.0340930462385 4482.965627724879 24.82337245241422 3969.071726885161 12.655804109523274 3954.907772391088 610.8665247033475 box 0
2707.079261573662 2644.963797740222 2766.688267249671 1745.8720352163728 2215.702024284493 1709.3421241958126 2156.093018608484 2608.4338867196625 box 0
3431.9303389353304 631.294761078152 3433.0777440521347 30.498705936280313 2904.844824333713 29.48988247653551 2903.697419216909 630.2859376184072 box 0
5007.643412435565 686.2098209682803 5021.024517848731 49.55964093647901 4490.4487160370145 38.40800546004931 4477.067610623848 675.0581854918506 box 0
1741.8596491228072 824.5614035087718 2386.307327574697 809.629022261968 2369.8001436549102 97.21643520979597 1725.3524652030203 112.1488164565999 box 0
3262.4210689750553 2753.9952324480314 3360.670219987981 1852.5650422273136 2834.127938891713 1795.1758703853425 2735.878787878788 2696.6060606060605 box 0
376.0024399434443 1673.0870057807952 485.54029124750133 960.2870424743395 3.4188874090795025 886.1981741203281 -106.11896389497753 1598.9981374267836 box 0
1878.439718510204 2390.3482265600137 1922.8495114917703 1912.018844189372 1033.6457909807625 1829.4620233003448 989.2359979991965 2307.7914056709865 box 0
5500.719902213441 730.4188198624621 5503.316843414636 136.7332378329504 5020.668771535446 134.62200471312934 5018.071830334249 728.3075867426411 box 0
2390.523878188995 653.8404529640627 2910.167260722557 638.4291867478595 2891.960414761552 24.523302071337525 2372.31703222799 39.9345682875408 box 0
