1457.7142857142856 314.99999999999994 1961.2857142857142 314.99999999999994 1961.2857142857142 817.8571428571427 1457.7142857142856 817.8571428571427 box 0
1987.010685234754 299.0888955088557 2483.929844869965 314.0009441809536 2468.4178861938176 830.9111044911441 1971.498726558606 815.9990558190465 box 0
1455.5714285714284 828.5714285714284 1955.5714285714284 828.5714285714284 1955.5714285714284 1336.4285714285713 1455.5714285714284 1336.4285714285713 box 0
1434.142857142857 1346.4285714285713 1937.7142857142856 1346.4285714285713 1937.7142857142856 1852.8571428571427 1434.142857142857 1852.8571428571427 box 0
1987.7142857142856 830.7142857142857 1976.9999999999998 1332.142857142857 2474.1428571428573 1347.8571428571427 2492.0 838.5714285714284 box 0
1960.5714285714284 1874.2857142857142 2464.1428571428573 1876.428571428571 2460.5714285714284 2374.285714285714 1962.7142857142856 2375.7142857142853 box 0
1439.142857142857 1860.7142857142856 1943.4285714285713 1860.7142857142856 1943.4285714285713 2365.0 1439.142857142857 2365.0 box 0
1961.7230820991724 1347.5307376904184 2458.1268323060167 1352.4949406670225 2452.9912036151127 1866.0406908810103 1956.5874534082682 1861.076487904406 box 0
1452.5196623302506 2367.775110202948 1943.7648088111275 2382.5168873959065 1928.4285714285713 2893.5714285714284 1437.1834249476942 2878.8296513784694 box 0
1961.2857142857142 2396.428571428571 1954.1428571428569 2894.9999999999995 2457.0 2887.142857142857 2462.714285714286 2382.142857142857 box 0
