3743.0704344514893 2169.1611733367567 4038.79787173153 2084.221271713675 3615.660075497241 611.0213538238878 3319.9326382172 695.9612554469696 box 0
2588.197134972263 2519.9911507633205 2870.66523363864 2437.638195139736 2440.765181922268 963.0942725154877 2158.297083255891 1045.4472281390722 box 0
3461.0570741099623 2275.4230988857976 3741.3080192359425 2195.3742777787706 3317.660771043846 712.1851431491143 3037.409825917866 792.2339642561413 box 0
2308.3712413311796 2623.6832223575793 2591.4549550616193 2538.995900598996 2148.822695588986 1059.4121656734264 1865.7389818585464 1144.09948743201 box 0
2016.6819826073565 2721.9874564826277 2302.4442883999996 2636.8260522195333 1861.3466283850746 1156.7062080681535 1575.5843225924316 1241.867612331248 box 0
2870.798552174194 2426.8611381434553 3157.7884456666106 2345.241753348994 2738.9746472886964 872.609636697853 2451.9847537962796 954.2290214923147 box 0
3167.1271157967876 2364.3123428759477 3452.919916773547 2284.0886311621657 3039.362606645839 810.8122207226855 2753.56980566908 891.0359324364674 box 0
1699.9192128002649 2820.212379554183 2001.7435897435898 2733.3846153846152 1575.6974052715232 1252.3937663488882 1273.8730283281984 1339.221530518456 box 0
1142.769230769231 2984.6666666666665 1416.1792925936084 2902.5040923707597 977.5670824068927 1442.946714431464 704.1570205825154 1525.109288727371 box 0
1420.2564102564106 2892.9230769230767 1693.666472080788 2810.76050262717 1255.0542618940724 1351.2031246878742 981.6442000696951 1433.3656989837812 box 0
