777.4255319148938 -0.08510638297864599 485.93617021276617 -0.08510638297864599 485.93617021276617 969.0638297872339 777.4255319148938 969.0638297872339 box 0
1074.5531914893618 2.0425531914894393 782.0000000000001 2.0425531914894393 782.0000000000001 965.8723404255319 1074.5531914893618 965.8723404255319 box 0
1385.936170212766 4.170212765957524 1096.5744680851064 4.170212765957524 1096.5744680851064 962.6808510638297 1385.936170212766 962.6808510638297 box 0
1684.4468085106384 2.0425531914894393 1391.8936170212767 2.0425531914894393 1391.8936170212767 961.6170212765959 1684.4468085106384 961.6170212765959 box 0
1989.1276595744682 956.2978723404257 1692.3191489361702 956.2978723404257 1692.3191489361702 0.9787234042553965 1989.1276595744682 0.9787234042553965 box 0
2294.4468085106387 952.0425531914892 1996.5744680851064 952.0425531914892 1996.5744680851064 3.106382978723482 2294.4468085106387 3.106382978723482 box 0
2597.6382978723404 952.0425531914892 2306.148936170213 952.0425531914892 2306.148936170213 2.0425531914894393 2597.6382978723404 2.0425531914894393 box 0
2905.085106382979 950.9787234042552 2608.276595744681 950.9787234042552 2608.276595744681 -0.08510638297864599 2905.085106382979 -0.08510638297864599 box 0
3212.5319148936173 955.2340425531914 2913.595744680851 955.2340425531914 2913.595744680851 2.0425531914894393 3212.5319148936173 2.0425531914894393 box 0
3221.0425531914893 953.1063829787234 3521.0425531914893 953.1063829787234 3521.0425531914893 -0.08510638297864599 3221.0425531914893 -0.08510638297864599 box 0
