1448.2920130861326 970.1024733579476 1460.4232034751333 201.85423194297638 1255.3130085708192 198.61539494866528 1243.1818181818182 966.8636363636363 box 0
1229.7224851978044 971.858535217754 1244.5036293507326 200.6741004599616 1043.1902350620192 196.81556524220744 1028.409090909091 967.9999999999999 box 0
1658.4850295173808 976.8017675479803 1670.3837289412431 207.69531006647387 1468.716881242044 204.57536070031185 1456.8181818181818 973.6818181818181 box 0
1015.2476500736709 972.8196640162109 1025.1264823542897 193.14940811889778 820.5769812095006 190.55765833800118 810.6981489288823 970.2279142353142 box 0
794.3181818181819 960.0454545454545 809.0856606388822 185.6346072582488 608.4616567629217 181.8088463736475 593.6941779422214 956.2196936608534 box 0
1881.8181818181818 978.2272727272725 1884.2124756640455 200.04365712835684 1676.0506317044799 199.4031905187477 1673.656337858616 977.5868061176634 box 0
1889.7727272727273 970.2727272727273 2094.8861647001368 970.1183313152309 2094.3002010794 191.67170353073615 1889.18676365199 191.82609948823273 box 0
2104.5454545454545 960.0454545454545 2311.094193217924 959.3809524247171 2308.596468521576 183.00737966707356 2102.0477298491064 183.67188178781072 box 0
2731.818181818182 963.4545454545453 2736.726958232076 181.44127065929854 2536.264389806733 180.1829468437436 2531.3556133928387 962.1962216389906 box 0
2520.8605242046674 966.8181439549599 2525.102397780326 183.11690145525313 2323.560055393841 182.0260302275659 2319.318181818182 965.7272727272727 box 0
