2284.7902076983546 2053.5101635275846 3498.170906742459 1944.833960295113 3478.2503982281587 1722.4194865883815 2264.8696991840543 1831.0956898208535 box 0
2324.8544164970695 2535.382550357552 3539.559329640682 2422.230282740896 3518.420983517955 2195.3072750819006 2303.7160703743425 2308.4595426985566 box 0
2183.7948717948716 646.2051282051282 3396.464416229735 543.8312022174096 3377.292370155422 316.72887948719654 2164.622825720558 419.10280547491516 box 0
2273.4483299769054 1824.4036274680468 3489.7667009889983 1704.4228438797434 3467.450942941796 1478.19439575583 2251.132571929703 1598.175179344133 box 0
2247.9623787642163 1346.9149449673325 3459.4702267108937 1242.3266078916656 3439.915926993747 1015.8177233371109 2228.4080790470694 1120.4060604127778 box 0
2218.415416614982 1114.5785393052495 3431.0356315460494 1008.4413343794288 3411.5621408754396 785.9562175068219 2198.941925944372 892.0934224326426 box 0
2352.551335921377 2758.88350714725 3560.397713440871 2651.0591523668413 3540.0219382900173 2422.810105523648 2332.175560770523 2530.6344603040566 box 0
2300.4483323423747 2290.942365258266 3529.8310013343053 2184.494794453389 3510.648821130526 1962.9562500066265 2281.2661521385953 2069.4038208115035 box 0
2197.861767211983 875.8965549401909 3422.2564102564106 769.282051282051 3403.774554308648 557.0305785507342 2179.379911264221 663.6450822088736 box 0
2255.4478154502112 1587.6997268348855 3494.9935395030607 1475.431441220859 3474.5444705667906 1249.6548042820893 2234.998746513941 1361.9230898961157 box 0
