1342.306443690579 1202.1903705069662 1334.022642529876 943.918545124019 593.4358250075214 967.6720998506975 601.7196261682244 1225.9439252336447 box 0
2155.92523364486 1708.1869158878503 2147.136823454213 1451.7264188273175 1381.725882744491 1477.9555862369812 1390.5142929351384 1734.4160832975142 box 0
1371.9890267578267 1469.7217322476797 1365.6826298557748 1215.4967328121097 605.4579439252337 1234.3551401869158 611.7643408272859 1488.5801396224858 box 0
1378.1688683090347 1729.7998403151505 1371.002695676574 1466.2563805301656 619.4766355140188 1486.6915887850466 626.6428081464796 1750.2350485700317 box 0
1381.0376342916097 1988.4164601984007 1374.5911227097067 1735.2205650974497 632.2120096595913 1754.1219598002835 638.6585212414942 2007.3178549012348 box 0
2098.1528644286363 924.6072351548557 2094.2429906542056 669.8691588785045 1332.579702564071 681.5596268233901 1336.4895763385023 936.2977030997415 box 0
2118.542056074766 1187.626168224299 2110.2560462623255 923.9169448629971 1347.7258940621787 947.8764114409068 1356.0119038746184 1211.5856348022087 box 0
2176.845301856195 1950.5218441956667 2160.8318531692594 1701.4816803356919 1382.3629860222052 1751.5377478599858 1398.3764347091403 2000.5779117199604 box 0
1336.3200320293936 931.9971098928447 1324.3879759179629 676.8604510505227 574.6168224299066 711.9252336448598 586.5488785413373 967.0618924871818 box 0
2137.102803738318 1451.0467289719622 2128.816793925877 1187.3375056106604 1366.28664172573 1211.2969721885704 1374.5726515381698 1475.006195549872 box 0
