1430.388240813342 3151.50158171973 1948.989132416372 2197.673918722647 1762.1781300943535 2096.103838378111 1243.577238491324 3049.9315013751943 box 0
1684.5355303590256 3137.3493054676005 2138.1682242990655 2293.233644859813 1957.1800453804792 2195.9695387596794 1503.547351440439 3040.0851993674664 box 0
1185.3971576488384 3142.3100415582676 1760.5981308411215 2088.5607476635514 1577.3150402965812 1988.5135991988027 1002.1140671042986 3042.2628930935193 box 0
39.6366256328578 2525.9326371259986 635.8864332909654 1463.1819347579876 454.1666666666667 1361.2291666666667 -142.08314099144107 2423.9798690346774 box 0
11.019892433572382 2169.334538937863 445.83333333333337 1363.3125 255.60154590293791 1260.6908171361906 -179.21189499682305 2066.712856074053 box 0
997.4559910578998 3037.3419870963244 1579.4361609203165 1989.554797834979 1394.2429906542056 1886.6915887850466 812.2628207917883 2934.4787780463917 box 0
803.9044981624193 2944.572273864144 1385.6553172005563 1893.707250115781 1200.785046728972 1791.3644859813082 619.0342276908355 2842.229509729671 box 0
614.4044981624193 2834.2389405308104 1196.1553172005565 1783.3739167824476 1011.2850467289721 1681.0311526479747 429.53422769083545 2731.8961763963375 box 0
424.90449816241926 2735.3639405308104 1006.6553172005564 1684.4989167824474 821.7850467289721 1582.1561526479747 240.03422769083545 2633.0211763963375 box 0
237.48783149575257 2629.1972738641434 819.2386505338898 1578.3322501157807 634.3683800623055 1475.9894859813078 52.617561024168765 2526.8545097296706 box 0
