238.044825697794 2510.593889300551 1055.7135851865523 1623.764369516464 901.9130980006312 1481.9582492187358 84.24433851187285 2368.7877690028226 box 0
544.8081645931471 2808.0291975393216 1368.0202132820777 1919.2919850658914 1214.9475357089768 1777.5051095590666 391.73548702004643 2666.2423220324968 box 0
703.9448983544328 2954.256447628297 1517.6574391291713 2081.062791783681 1364.18592897711 1938.0456138341049 550.4733882023718 2811.239269678721 box 0
390.94159075874273 2655.1443510476274 1206.4667132204813 1787.2809779801637 1054.4197297368628 1644.4034944113564 238.8946072751242 2512.26686747882 box 0
856.3665875471515 3106.548617408465 1677.5666985883872 2218.8620181500964 1523.1361372911051 2075.9980905077946 701.9360262498694 2963.6846897661635 box 0
94.93453246299248 2357.2052410073115 895.2863677899464 1485.3125168683928 734.1622763520099 1337.4090435080693 -66.18955897494402 2209.301767646988 box 0
1072.0280786124438 3187.7167144716027 1829.7852333474027 2382.1041258206205 1673.480137101057 2235.0839492857212 915.722982366098 3040.6965379367034 box 0
1335.260580073726 3220.1161506055214 1980.2962279119129 2537.2533487508626 1818.34529875623 2384.273683989205 1173.3096509180432 3067.1364858438637 box 0
-204.50136497290498 2055.205241007314 595.850470354049 1183.3125168683928 434.7263789161125 1035.4090435080693 -365.6254564108415 1907.3017676469897 box 0
-48.091108562648515 2196.2308820329536 752.2607267643054 1324.338157894034 591.136635326369 1176.4346845337107 -209.215200000585 2048.3274086726306 box 0
