1724.468085106383 1709.404255319149 1769.6368546460264 989.819521452345 1137.4658862578633 950.1377669113103 1092.29711671822 1669.7225007781144 box 0
3101.0638297872338 1774.2978723404256 3141.154239179008 1040.8520866322992 2492.4491383587606 1005.3936334334625 2452.358728966987 1738.839419141589 box 0
3777.3876281540292 1829.0553876548533 3830.3845218761485 1102.7820549741969 3196.613914998715 1056.535177957641 3143.617021276595 1782.8085106382978 box 0
2432.978723404255 1720.0425531914893 2451.3489721046585 995.4769681113335 1801.832112958968 979.0094647088755 1783.461864258564 1703.5750497890313 box 0
3167.3803665898417 2531.831542304391 3215.6851801853127 1803.7002980617249 2563.762375534676 1760.4512137705547 2515.4575619392044 2488.5824580132207 box 0
1761.7021276595744 2432.808510638298 2491.5964149722636 2399.0736169176766 2461.6248625069234 1750.6036644846477 1731.730575194234 1784.3385582052688 box 0
2176.6658260455133 908.0004476580575 2204.3587023293635 291.1938376261271 1678.7733742624553 267.59653949404213 1651.0804979786044 884.4031495259724 box 0
2715.303408044211 930.5642839205751 2743.6170212765956 308.34042553191506 2219.7199606378827 284.5010652301082 2191.406347405498 906.7249236187683 box 0
3256.741146586335 994.3530922891634 3291.489361702127 370.0425531914895 2767.3826238007705 340.8715356742222 2732.6344086849776 965.1820747718958 box 0
1627.726025691008 900.6044509373976 1651.4825297884265 270.68672027178957 1141.1069814864372 251.43858958074438 1117.350477389019 881.3563202463525 box 0
3805.251066952722 1041.3436990403907 3833.346776601543 412.2985680179905 3304.2616121757214 388.6674763425077 3276.1659025269005 1017.7126073649075 box 0
