2675.431278090741 2764.8341400440327 3850.4523788191073 2738.6145381026686 3846.609664292071 2566.4048049632916 2671.588563563705 2592.6244069046556 box 0
2667.78342552135 2205.47894197754 3850.826236308545 2192.5907674312034 3848.7089505225067 1998.2389825024086 2665.666139735312 2011.1271570487454 box 0
2683.141053163059 1460.1123972323833 3850.9179305080143 1432.4606229917551 3846.8183630356716 1259.3295949551168 2679.0414856907164 1286.981369195745 box 0
2669.0903447119936 2390.211703308102 3838.973540087407 2379.9478628972684 3837.378443434979 2198.1370889587433 2667.4952480595657 2208.400929369577 box 0
2660.0096000543967 2001.2055397685056 3858.153846153846 1992.3589743589741 3856.9513921756197 1829.50330681831 2658.8071460761703 1838.3498722278407 box 0
2672.1963189147486 2578.939341835347 3853.553609184604 2558.260662054054 3850.3872580505836 2377.36942357603 2669.0299677807284 2398.048103357323 box 0
2672.439123717716 2950.146618652931 3858.4737616735156 2942.7524929362785 3857.3383909307213 2760.636434935936 2671.3037529749217 2768.0305606525885 box 0
2674.325735503554 1830.2604761493055 3866.8220905460366 1818.836613132244 3865.199246185899 1649.4336728680287 2672.7028911434163 1660.8575358850896 box 0
2683.5591040366908 1646.1092910193684 3847.3348008755584 1625.5859867338183 3844.3042229896764 1453.7368126488443 2680.528526150809 1474.2601169343945 box 0
2669.3609078420704 1271.2631307512827 3849.5769533862667 1248.8215376103974 3846.1998877511915 1071.219750413268 2665.983842206995 1093.6613435541533 box 0
