1603.6177802632028 1446.113124428179 1757.7759770540788 1182.217270061242 433.2348068644827 408.4693123241405 279.07661007360673 672.3651666910773 box 0
1774.4633129822068 1172.4671059174061 1916.2798788999207 916.6034997752308 534.0661471618357 150.48905405573822 392.24958124412206 406.35266019791356 box 0
1455.346084739689 1712.8358324603382 1610.8653020107877 1440.5844457389421 259.82690957879095 668.8255363555269 104.30769230769249 941.0769230769231 box 0
847.8974358974359 2751.3333333333335 996.626875164907 2505.754880517205 -108.9049601266405 1836.2127115291166 -257.6343993941113 2081.7911643452458 box 0
1161.793462373249 2252.6288622648726 1321.0369537949782 1983.6975922237314 156.72117214060592 1294.2660130708202 -2.5223192811232167 1563.1972831119615 box 0
1921.4967005925953 904.65496089724 2061.9981972622204 646.8185620244396 710.2693199915109 -89.77228076723526 569.7678233218858 168.06411810556523 box 0
1313.2685281656638 1946.3452857653729 1454.5894781198795 1700.7296045542055 117.42351405677987 931.3586777631918 -23.8974358974358 1176.974358974359 box 0
1004.3076923076925 2507.74358974359 1152.322453793667 2259.700572040921 16.69794515043978 1582.0391230661949 -131.31681633553475 1830.082140768864 box 0
695.5315122246838 3032.7126675162153 860.6010083688329 2762.114103494715 -58.82793975328658 2201.247589824654 -223.8974358974358 2471.846153846154 box 0
2093.0878561933346 645.7507927399824 2236.5268171413495 373.88092566447017 1089.490641502588 -231.29712872325885 946.0516805545728 40.57273835225345 box 0
