1582.6007233817222 3147.499799968719 2040.7119563260794 2249.3508430779284 1854.2372881355934 2154.237288135593 1396.1260551912358 3052.3862450263823 box 0
1341.129554332326 3147.628986442113 1852.5740210986826 2141.373524171135 1667.7966101694917 2047.4576271186445 1156.3521434031354 3053.713089389621 box 0
1822.5853086918428 3140.0983721236566 2222.0338983050847 2354.237288135593 2039.5291081007979 2261.471171413277 1640.0805184875562 3047.33225540134 box 0
1132.643655149717 3112.797406875563 1666.9975951492904 2054.88915454093 1461.0169491525423 1950.8474576271185 926.6630091529685 3008.7557099617516 box 0
904.2843600526428 3025.2028666039546 1460.6194087585313 1949.459031580699 1283.0508474576272 1857.6271186440679 726.715798751739 2933.3709536673236 box 0
529.4901072969944 2823.0694605588883 1083.4612420344613 1746.0868470777098 898.3050847457628 1650.8474576271185 344.3339500082956 2727.830071108297 box 0
724.7367784593996 2919.321889216838 1274.923934378324 1849.4729414440108 1086.4406779661017 1752.542372881356 536.2535220471775 2822.391320654184 box 0
351.0937431803636 2723.127878147995 903.3658530085388 1650.2464125971626 713.5593220338983 1552.542372881356 161.28721220572336 2625.423838432188 box 0
154.81052739150715 2623.5042099577663 710.5164081694534 1542.7758510349852 515.2542372881356 1442.3728813559323 -40.4516434898106 2523.1012402787132 box 0
0.26815451015121994 2435.0635319916655 513.7309640861055 1436.4888565103404 337.2881355932204 1345.7627118644068 -176.17467398273402 2344.3373873457317 box 0
