2133.3759479425835 1040.4158239339051 2294.8453608247423 1040.1649484536083 2293.3332786940828 66.95300451073551 2131.863865811924 67.2038799910323 box 0
3731.958762886598 1044.2886597938145 3744.0720201971576 78.28274335183325 3585.6152265836868 76.2957701035574 3573.501969273126 1042.3016865455388 box 0
3415.4639175257735 1040.1649484536083 3418.6343317578753 76.3102468790118 3258.20249597445 75.78253728272188 3255.032081742347 1039.6372388573184 box 0
2299.3948116709034 1040.0719220230753 2451.8436076620005 1039.9252365694706 2450.9079554316163 67.51077771703547 2298.459159440519 67.65746317064014 box 0
2935.6590254868083 1042.1308547806543 3095.8762886597938 1042.2268041237114 3096.459844832716 67.7983197331781 2936.242581659731 67.70237039012102 box 0
2780.5824719400644 1037.5624313840929 2929.896907216495 1037.0721649484535 2926.7199703551632 69.51146962917355 2777.405535078732 70.00173606481263 box 0
3573.1958762886597 1042.2268041237114 3586.253800325934 85.54587926856124 3425.3798771959027 83.35007979850457 3412.321953158629 1040.031004653655 box 0
2772.1649484536083 1039.1340206185566 2777.7075423966107 66.05587607576257 2617.1732710761935 65.14148262765679 2611.630677133191 1038.2196271704506 box 0
3096.046650135912 1043.1217135900013 3249.7539855782966 1044.0220890728078 3255.4763618217908 67.12831355079322 3101.7690263794066 66.22793806798666 box 0
2614.4329896907216 1036.041237113402 2617.187686344739 69.92744773249439 2457.515689630211 69.47217225674359 2454.7609929761934 1035.5859616376513 box 0
