1709.2133524983742 2332.52772405382 1715.731692188977 2109.465094790012 698.9618920237205 2079.753031561414 692.4435523331175 2302.815660825222 box 0
1732.8705184852524 2097.401470106807 1737.604471563258 1882.3640068236698 716.2707588279801 1859.8798043072554 711.5368057499744 2074.917267590393 box 0
718.7564573994227 1001.5726635390449 723.9340218119155 784.3965031350242 -7.500145124489867 766.9588271683524 -12.677709536982698 984.1349875723731 box 0
723.9142721269542 780.1260733774794 731.9629018884365 558.6075522439422 -8.739593229096577 531.694948656212 -16.788222990578824 753.2134697897492 box 0
1751.103921700831 1183.7685249014014 1754.9456782645616 968.9178958709952 740.4622465120597 950.7778587655905 736.6204899483291 1165.6284877959968 box 0
712.323118138314 1681.8490697565196 716.5490070131513 1456.8013081985941 -11.093553185463854 1443.137823706615 -15.319442060300965 1668.1855852645404 box 0
711.6511360554464 1905.028276200018 714.4678586462442 1685.7009632195634 -6.873099747157955 1676.437103896418 -9.6898223379557 1895.7644168768722 box 0
1742.9414595759902 1868.0044507817086 1747.47510697756 1654.5680286888748 735.2597416721785 1633.0673517390437 730.7260942706087 1846.5037738318774 box 0
1749.5001549053093 1418.0819907433297 1753.9305008486242 1195.0978363683298 742.2404315662482 1174.99713904793 737.8100856229332 1397.9812934229299 box 0
713.2737438185221 1220.17773231095 718.511661276898 1000.6942632034346 -0.14032459092204297 983.5438153880245 -5.378242049298072 1203.0272844955398 box 0
726.9868953178232 1451.763126290609 730.4077715267481 1233.6330979895454 -6.714607758313978 1222.0730004183754 -10.135483967238851 1440.203028719439 box 0
1701.4410001591875 2558.792546110905 1708.9858781857322 2338.02241092106 693.549835793571 2303.3196143810387 686.0049577670263 2524.0897495708837 box 0
736.5456277377895 552.8923329244084 742.8067509659635 334.4778794824821 -7.0445228107264555 312.9824557413631 -13.30564603890047 531.3969091832894 box 0
1751.7241237911378 1644.4628754281694 1755.982625333041 1419.6874303960362 733.5146335330808 1400.316179595024 729.2561319911779 1625.0916246271572 box 0
1751.0081910459792 954.7866774485788 1754.1179021608602 742.088473483796 754.7507113130293 727.4774273945609 751.6410001981483 940.1756313593437 box 0
688.0089535693711 2579.9312249747727 687.8939934583867 2358.4166604412103 7.923016550105267 2358.769547119954 8.037976661089665 2580.2841116535164 box 0
1759.348236754515 728.7590403397423 1762.5344600538517 510.64313704484533 748.6855862587904 495.83289691611697 745.499362959454 713.948800211014 box 0
701.6586055295738 2127.2394466391434 704.533745860902 1902.1290223576827 10.152429722043637 1893.2602916726244 7.277289390715607 2118.370715954085 box 0
1742.146874418229 491.37439846714824 1740.7223605315835 265.85913516785877 753.065191850692 272.0978763131252 754.4897057373374 497.61313961241467 box 0
696.1271247473502 2359.0100568815865 695.9954394773539 2134.546028908377 -31.61533752353434 2134.9728929475145 -31.483652253538008 2359.436920920724 box 0
