1086.725600340613 2552.6534023279924 1088.8663950257449 2150.2708497248964 697.1713906261839 2148.186915970347 695.0305959410518 2550.569468573443 box 0
2285.0298620033377 2557.1392856288367 2292.5037817742245 2157.3684296296315 1898.4805284690742 2150.0019642185753 1891.0066086981874 2549.7728202177805 box 0
1885.8783689018203 2548.5656183779006 1888.314138877501 2147.3282927736313 1495.896333551793 2144.9460629880664 1493.4605635761125 2546.1833885923356 box 0
1486.582983635319 2548.9340500076555 1487.5792606074808 2147.2989411839058 1094.5923398510092 2146.3241164962506 1093.5960628788473 2547.9592253200003 box 0
2278.159216294963 2976.4522339505884 2288.66089862413 2568.5183139428063 1898.9197647231028 2558.484979184177 1888.4180823939362 2966.418899191959 box 0
1487.1106897967334 2972.330137327358 1489.3411679338196 2560.5690161237962 1095.6438001019483 2558.4363879411967 1093.413321964862 2970.1975091447584 box 0
1881.4230980474035 2968.5586382386664 1887.6724138794048 2561.1264146986623 1498.2194419306238 2555.152869940044 1491.9701260986226 2962.5850934800483 box 0
688.6695306033084 2564.679448562698 686.3362482773609 2162.9121100297243 294.7186484128048 2165.1864472808074 297.0519307387523 2566.953785813781 box 0
1089.3020779522117 2970.9769725978726 1090.1359564200047 2560.6572834100393 699.0371100513285 2559.862466794217 698.2032315835352 2970.1821559820505 box 0
702.6966801722376 2973.4360466223616 697.7106602848846 2569.1486702504926 298.7287260930211 2574.0692588585953 303.7147459803741 2978.3566352304642 box 0
