1972.1649484536083 1166.9690721649486 2127.7012330847897 1004.0480723921769 1253.3777124516346 169.35498706492672 1097.841427820453 332.2759868376983 box 0
1673.1958762886597 1479.340206185567 1824.0657459671613 1321.133894213798 946.3112493234396 484.08317943582074 795.4413796449381 642.28949140759 box 0
1210.3092783505156 1943.2577319587629 1360.6534017664349 1791.3696587726142 505.49442805359604 944.903418289429 355.1503046376767 1096.7914914755777 box 0
1048.4536082474226 2094.8041237113403 1203.2972472322003 1938.8449894228315 348.0228426984642 1089.6879218826084 193.17920371368677 1245.647056171118 box 0
2272.3372340162773 846.7079113119044 2418.556701030928 693.7731958762887 1545.619543852334 -140.8339467621252 1399.400076837684 12.100768673490224 box 0
1824.5307000170358 1313.8301366909495 1969.6702526525462 1159.9850986797119 1088.7138412368085 328.8785443368607 943.5742886012985 482.7235823480985 box 0
1517.5257731958764 1638.1030927835052 1668.0751188606662 1482.3868701365216 797.9227500593898 641.1073455960104 647.3734043946002 796.8235682429946 box 0
1368.041237113402 1787.5876288659795 1517.375961224827 1633.1657874335397 645.4967925463603 790.0089262970175 496.1620684349353 944.4307677294572 box 0
2130.9278350515465 1006.1443298969072 2278.2766721994403 851.2222157048943 1403.864593699781 19.55526081614721 1256.515756551887 174.47737500815984 box 0
889.8231531193767 2250.8839791935607 1041.5514626527336 2101.0887448008752 194.34401947599486 1242.9482725859552 42.615709942637864 1392.743506978641 box 0
