1872.6753246753244 1833.7662337662337 1920.7481521420061 1112.564875710184 1280.8784857250366 1069.91334194472 1232.8056582583554 1791.11470000077 box 0
2546.701298701299 1849.3506493506493 2592.002715933831 1135.2686032685492 1940.545187571555 1093.940090020619 1895.2437703390237 1808.0221361027193 box 0
634.4484767034551 1036.6436996658397 734.1569804896662 343.8133169522369 120.11597104146006 255.4437652653499 20.40746725524889 948.2741479789528 box 0
3359.8269639496875 1116.067753847621 3388.5985091612715 496.52668597970285 2861.2100649104295 472.03471723895564 2832.4385196988455 1091.5757851068738 box 0
1223.3246753246754 1792.2077922077922 1278.7161501980916 1084.4251415544657 648.0 1035.064935064935 592.6085251265836 1742.8475857182616 box 0
2278.7912800745357 1088.4532769168522 2318.260689429157 462.10571863152035 1792.8250334783206 428.99529180873367 1753.3556241236993 1055.3428500940659 box 0
2815.4244856805844 1105.3072069117513 2851.3284420717873 483.13360944991695 2326.459827115079 452.8448605550836 2290.5558707238756 1075.018458016918 box 0
1736.4712062165956 1074.9957335460665 1788.9367197478498 454.2933700130568 1264.7111881925841 409.9826611530302 1212.24567466133 1030.68502468604 box 0
3241.114787147186 1874.2550918177292 3262.981418003613 1151.3933823740033 2611.4250724148696 1131.6837451017286 2589.5584415584417 1854.5454545454547 box 0
3914.4123521632346 1113.077762842558 3934.0893731819497 494.434392024112 3406.5465953330545 477.6549827268438 3386.86957431434 1096.2983535452895 box 0
532.4155844155845 1770.1298701298701 610.9831303109859 1050.2215715667523 -16.67018201215052 981.7223189247504 -95.237727907552 1701.6306174878682 box 0
3923.5690115335283 1886.0109216211042 3935.0280459485516 1164.5477657851861 3282.7018850709355 1154.1868376257216 3271.242850655912 1875.64999346164 box 0
1190.857142857143 1036.3636363636363 1257.8436524394795 417.4808045345805 740.3082976496391 361.46392182292146 673.3217880673026 980.3467536519775 box 0
3552.3196848362254 2822.1902394096464 3615.2456984857845 1927.995976926657 3078.458481182026 1890.2213219325947 3015.5324675324678 2784.4155844155844 box 0
2977.87012987013 2797.402597402597 3023.7508124523442 1890.7448862148788 2487.7369863450012 1863.6203386465436 2441.8563037627873 2770.2780498342627 box 0
2122.025974025974 2518.181818181818 2168.926842371473 2033.8412252832559 1276.1344719385838 1947.3881423918351 1229.2336035930846 2431.7287352903977 box 0
