791.3622930792469 1314.716379124383 803.7985501933099 1077.1237088970147 -6.4307681349415695 1034.7140667374333 -18.86702524900453 1272.3067369648015 box 0
806.5013165227062 1071.098871739612 818.3914740082275 838.0337953117254 3.519334722410858 796.4618952434204 -8.370822763110422 1029.5269716713067 box 0
821.6278269637697 842.0149752240644 834.042814583919 602.9436644600596 -4.3810023177736 559.4042649645344 -16.79598993792292 798.4755757285391 box 0
753.3568320166846 1783.6771814760268 767.6632567419133 1545.3505744607967 -0.3424572837134816 1499.24822745952 -14.648882008942056 1737.5748344747503 box 0
775.4786473439393 1546.244491308095 787.476117238779 1311.0629469511732 -2.12137605411377 1270.7826937504988 -14.118845948953517 1505.9642381074204 box 0
851.7264072156073 372.54714348710945 863.3270985352568 139.83130159803883 8.790728404509832 97.2333737095458 -2.8099629151397023 329.94921559861643 box 0
828.5216477953828 611.4219310849134 841.7152550912086 375.72750699925484 -3.0807147585787327 328.4378593356189 -16.274322054404525 564.1322834212774 box 0
741.3763306356323 2028.6887426420328 756.0526093284843 1780.8739096682687 -2.136824963177477 1735.9718378023028 -16.81310365602948 1983.786670776067 box 0
737.2138732227272 2267.6555742016435 749.8007437529996 2013.1235123963988 6.633948966603806 1976.3731550464036 -5.9529215636685775 2230.905216851648 box 0
833.1550197761096 128.42698602925913 835.1359934212244 3.7618635414740496 12.394956954236944 -9.311787512413424 10.41398330912226 115.35333497537162 box 0
