1750.5974025974026 2302.5974025974024 1806.5945796478952 1574.459310415682 1169.1469444692702 1525.4366477219044 1113.1497674187779 2253.5747399036245 box 0
1973.8015442872686 1455.4039596405569 2011.1822182906315 823.4704361768189 1490.2824271177608 792.6577247771678 1452.901753114398 1424.5912482409058 box 0
2451.896103896104 2357.142857142857 2493.3667869137194 1624.175583574883 1835.8632023490907 1586.9745737594058 1794.392519331475 2319.9418473273795 box 0
1430.805416397269 1421.6760627001077 1478.7877966230042 796.0092304189193 959.1269150694059 756.1564450055807 911.1445348436707 1381.823277286769 box 0
2517.6596124408325 1515.102131035581 2556.673732618171 872.4285271447823 2026.543063950769 840.2464342567774 1987.5289437734311 1482.920038147576 box 0
1081.7662337662337 2271.4285714285716 1159.0742264567864 1546.433500955666 526.5834271646991 1478.989464327086 449.2754344741466 2203.984534799992 box 0
908.338340786663 1361.9054143063922 951.8357419503673 748.9557734712916 440.20774628761666 712.6485686190226 396.71034512391236 1325.5982094541232 box 0
2541.383822618866 835.727579944327 2593.3495332153857 212.7556396843903 2070.817555249786 169.16821015577068 2018.8518446532664 792.1401504157074 box 0
2002.995383846357 800.6387211162934 2068.6531581071927 178.30599595334735 1546.2722476844046 123.19340664554746 1480.6144734235693 745.5261318084935 box 0
3267.2051503444527 2297.7146684033282 3322.3722837147993 1414.2659451575878 2782.644571945586 1380.562539543449 2727.47743857524 2264.0112627891895 box 0
1450.5974025974026 766.2337662337662 1527.0313302479701 148.41852861725636 1017.8084352651265 85.41926355657341 941.3745076145588 703.2345011730833 box 0
418.1298701298702 2218.181818181818 497.11517579235044 1495.028809115962 -3.5504246036563245 1440.3443578501767 -82.53573026613667 2163.497366916033 box 0
3817.9658197461076 2317.4785570675917 3860.9145054764977 1423.7421042798032 3329.1844213427594 1398.1897077029162 3286.2357356123694 2291.9261604907047 box 0
