2468.788330326826 3028.3856386293833 2638.064594131091 3024.9676350210643 2625.3580617325 2395.6779744992787 2456.081797928235 2399.0959781075976 box 0
1771.4077756286522 3025.323184142816 1942.5076383991038 3021.3166714382132 1928.0637407898046 2404.4837593691464 1756.963878019353 2408.490272073749 box 0
2292.2510538511356 3035.2292972860296 2459.090909090909 3031.6363636363635 2445.5286199149527 2401.8639872256113 2278.6887646751798 2405.456920875278 box 0
2984.901711112049 3025.580653994644 3157.87255229422 3023.4717153049082 3150.1172036828725 2387.393872219956 2977.1463625007013 2389.5028109096916 box 0
1945.4215736756812 3030.1488180612114 2111.3636363636365 3024.8181818181815 2091.4977950306484 2406.3969394874252 1925.5557323426933 2411.7275757304546 box 0
1597.890681459864 3025.4113304422 1770.4925468778154 3020.498787378898 1753.409090909091 2420.272727272727 1580.8072254911394 2425.185270336028 box 0
2631.343979418497 3028.3122343911473 2805.902590775605 3027.7171437038996 2803.799126660604 2410.70568171603 2629.240515303496 2411.3007724032777 box 0
2119.039049086074 3030.8081795510643 2290.909090909091 3027.090909090909 2277.252015047768 2395.6485040721764 2105.381973224751 2399.3657745323317 box 0
2811.9984852031616 3030.154230269999 2987.4647239585315 3026.9004656502384 2975.8563319965456 2400.893020859151 2800.3900932411757 2404.1467854789116 box 0
3160.9803204585905 3032.687795705435 3326.0875891140067 3031.1462978646614 3320.063696570218 2385.937191324594 3154.9564279148017 2387.4786891653675 box 0
