3276.4859813084113 1276.411214953271 3290.147962453042 831.4719334914174 2608.7776861309085 810.550274614637 2595.115704986278 1255.4895560764905 box 0
3972.7476635514017 1300.7102803738317 3984.4406152083925 841.9524413132372 3303.2274550034363 824.5894844933757 3291.534503346446 1283.3473235539702 box 0
3962.467289719626 1755.8504672897195 3975.052191272915 1313.4374771066277 3290.692992916454 1293.9701618841716 3278.1080913631654 1736.3831520672636 box 0
3294.2429906542056 801.644859813084 3304.8396766439364 365.94331596844455 2623.6670866829445 349.37653500885733 2613.0704006932137 785.0780788534967 box 0
3982.093457943925 819.4018691588785 3992.6050127765784 384.0175941387345 3319.416986058054 367.76470384955127 3308.9054312254007 803.1489788696948 box 0
3257.240020994217 2672.53685647379 3263.7032413849365 2227.9993248791634 2583.6558673895943 2218.1119796228577 2577.192646998875 2662.6495112174844 box 0
3949.3831775700933 2227.8130841121497 3964.291638087047 1779.065524251385 3305.738661576487 1757.1868291300643 3290.8302010595326 2205.9343889908287 box 0
3270.878504672897 1739.9626168224297 3279.194213378424 1287.4626093411412 2599.9906851434616 1274.9807118843742 2591.6749764379347 1727.4807193656623 box 0
3943.775700934579 2689.495327102804 3955.490058057966 2243.53623563266 3279.59496655813 2225.7819693082033 3267.880609434742 2671.7410607783463 box 0
3276.258579468053 2208.9591003671662 3283.5034094860735 1754.554129197254 2590.2728674011983 1743.5015708861627 2583.0280373831774 2197.9065420560746 box 0
