2998.707634163795 3036.8438135802226 3001.74358974359 1553.897435897436 2703.9571218018355 1553.2877938344855 2700.921166222041 3036.234171517273 box 0
2383.7948717948716 3020.5641025641025 2381.9834692915865 1533.702024832706 2077.63612252241 1534.0728026970842 2079.447525025695 3020.9348804284805 box 0
2701.74358974359 3033.3846153846152 2703.6624407111244 1551.270546340887 2396.1445104478776 1550.8724116153999 2394.225659480343 3032.9864806591277 box 0
3313.3507968089702 3030.6731750617673 3312.625185671426 1533.9486576711179 3008.710286298353 1534.0959954298626 3009.4358974358975 3030.8205128205127 box 0
2082.7923979505995 3030.131774291691 2083.7948717948716 1553.897435897436 1792.1122858096946 1553.699361543199 1791.1098119654223 3029.9336999374536 box 0
1181.545178729656 3033.0118918442495 1181.9484947705037 1571.7837462102727 867.3413088496898 1571.6969109511604 866.937992808842 3032.925056585137 box 0
1480.3258679430758 3020.5325680725477 1486.3589743589741 1564.1538461538462 1182.2778771590172 1562.8941781905203 1176.2447707431184 3019.272900109222 box 0
1796.4983795609953 3028.5983803993686 1799.1794871794873 1559.025641025641 1482.1520574854599 1558.447252059753 1479.470949866968 3028.0199914334808 box 0
3926.3833460770634 3020.89615312997 3927.546736705082 1543.3893723879626 3595.2480610884636 1543.127720008458 3594.084670460445 3020.634500750465 box 0
3596.6153846153843 3035.948717948718 3599.7174064646456 1547.5506822290815 3298.8507676848744 1546.923635656316 3295.748745835613 3035.321671375953 box 0
