3280.1437544806577 2582.612915957078 3329.183088996053 1842.5589804548645 2684.8686102611314 1799.8637771189715 2635.8292757457357 2539.9177126211853 box 0
3945.079589979958 2600.3737555219927 3988.928538743275 1873.8224344316288 3345.5059476748374 1834.9904849052284 3301.6569989115205 2561.5418059955928 box 0
2611.258607031691 2475.594854161393 2667.19897563466 1751.6927553833975 2012.7168516247818 1701.1168953009774 1956.7764830218136 2425.018994078973 box 0
2457.446808510638 1064.723404255319 2529.9317406718665 441.2597346891044 2013.2596280795071 381.19056809770876 1940.7746959182787 1004.6542376639233 box 0
1377.7792038144999 1008.2148874589378 1426.570133508802 387.78545541758206 923.8323109530263 348.2498620233758 875.0413812587243 968.6792940647315 box 0
576.0701549372275 2395.107403617516 660.289021640591 1667.491718124762 9.792160029664103 1592.1990745338449 -74.42670667369941 2319.814760026599 box 0
1938.9826033367776 2429.9319603590893 2000.9359158048042 1712.972080667171 1359.8011213955356 1657.5708994054946 1297.8478089275086 2374.530779097413 box 0
1253.191489361702 2471.1063829787236 1330.9942656536211 1746.2060071942924 695.2050599265397 1677.9674367721527 617.4022836346205 2402.867812556585 box 0
1921.0661254683882 1022.3109043566277 1991.8681330230468 398.8280144223964 1470.801632670315 339.656295534737 1399.999625115656 963.1391854689683 box 0
2985.106382978723 1168.9787234042553 3074.9193568458795 548.1073047390831 2554.690871016439 472.85296704835577 2464.8778971492825 1093.724385713528 box 0
3526.5957446808507 1322.1702127659576 3623.8490835659727 702.734190864486 3103.793143394225 621.0838269843107 3006.5398045091038 1240.5198488857825 box 0
