1198.3628430530102 980.6967112798875 1903.75 576.1250000000001 1801.8377093157737 398.4367954632053 1096.4505523687835 803.008506743093 box 0
1308.761753340567 1169.1838996752751 2008.75 761.1250000000001 1908.0486260074174 588.3808734208274 1208.0603793479845 996.4397730961023 box 0
1079.032781591007 789.2410128800802 1795.0 389.8750000000001 1694.8668124316564 210.3602755077578 978.8995940226635 609.7262883878378 box 0
568.75 1583.625 1291.1155057641313 1173.2459076793916 1190.561541486532 996.2468435915245 468.1960357224011 1406.6259359121332 box 0
356.25 1208.625 1072.0271297352967 792.128940569171 966.6028971104413 610.9501444579015 250.82576737514444 1027.4462038887302 box 0
466.2069988217076 1389.5004993853734 1183.9980199057447 987.2690466581121 1084.041021084037 808.8935472727386 366.25 1211.125 box 0
1411.9455129845887 1366.9868781357097 2122.613316948358 957.0510428346768 2019.6331608390185 778.5238805524926 1308.9653568752494 1188.4597158535257 box 0
683.75 1777.3750000000002 1400.143620609523 1369.8021900370886 1298.3018761761198 1190.7942330772642 581.9082555665966 1598.3670430401755 box 0
252.38025920163048 1013.7055923825685 951.8495214052941 607.8803246744704 851.866745142665 435.55276325757535 152.39748293900146 841.3780309656736 box 0
963.8148403834837 600.3293297528488 1679.848176524596 196.53031340756294 1583.75 26.125000000000117 867.7166638588875 429.924016345286 box 0
