2938.571428571428 2300.0 2995.127182248716 1561.0231707387923 2344.347826086956 1511.2173913043478 2287.792072409668 2250.1942205655555 box 0
2882.8571428571427 3072.8571428571427 2958.131870088154 2334.48200057816 2314.4501981106814 2268.860936829783 2239.1754708796693 3007.236079108766 box 0
2271.428571428571 2232.8571428571427 2317.7658252663923 1502.698273451429 1665.0850878287924 1461.2779274514992 1618.7478339909715 2191.436796857213 box 0
3628.5710186684128 2340.9679888612036 3685.0918603115074 1609.889441034809 3039.5522083692895 1559.9817470527541 2983.031366726195 2291.060294879149 box 0
2602.6086956521735 1462.5217391304348 2612.4332124183857 834.6755884933051 2098.0421777076663 826.6264138033332 2088.217660941454 1454.4725644404627 box 0
3252.0440567511987 1531.2138916649646 3775.740884291831 1470.026952718552 3702.4401644004015 842.6487062400697 3178.743336859768 903.8356451864825 box 0
2069.550886286352 1436.670349168204 2074.782608695652 800.7826086956522 1554.7623749439615 796.5041781849677 1549.5306525346618 1432.3919186575195 box 0
1507.142857142857 1408.5714285714284 1507.2635531675162 794.6660052618793 997.5730255362066 794.5657982623062 997.4523295115479 1408.4712215718555 box 0
2065.7142857142853 2981.428571428571 2099.084293042171 2252.338845184219 1459.24853181184 2223.0539392634028 1425.8785244839546 2952.143665507756 box 0
3163.5440394326765 1507.619802856659 3164.347826086956 879.0434782608696 2638.98045760097 878.3716691855686 2638.176670946691 1506.947993781358 box 0
1584.0038851766662 2171.5309276236076 1568.1136674380207 1463.1208732593077 943.3396421145281 1477.1350663649505 959.2298598531736 2185.54512072925 box 0
