702.2655996005312 1939.6533990156518 1206.9462468696483 1934.6064243093488 1211.8520474582924 2425.1701303961127 707.1714001891754 2430.2171051024156 box 0
1211.3569112445089 1927.2366015205082 1718.314326389562 1917.0961011148297 1728.0548534613736 2404.057516126551 1221.0974383163204 2414.1980165322293 box 0
1745.6626830129953 2426.0494257989235 2251.4438628560874 2415.932453236414 2261.396140516417 2913.479985965782 1755.6149606733247 2923.5969585282915 box 0
2245.6977394914734 1901.3196626734025 2749.1264487306444 1891.2497457972297 2759.0081428614676 2385.268572620715 2255.5794336222966 2395.3384894968876 box 0
1730.3096281148773 1900.1558971518496 2234.914572656009 1890.0624524325085 2244.984489532181 2393.4911616716795 1740.37954499105 2403.5846063910203 box 0
2264.7058823529414 2417.411764705882 2768.2352941176473 2417.411764705882 2768.2352941176473 2916.235294117647 2264.7058823529414 2916.235294117647 box 0
1203.5294117647059 2437.411764705882 703.5294117647059 2453.882352941176 738.8235294117648 2953.882352941176 1231.764705882353 2940.9411764705883 box 0
1721.1764705882354 2429.176470588235 1225.8823529411766 2440.941176470588 1248.235294117647 2940.9411764705883 1751.764705882353 2924.470588235294 box 0
2782.3529411764707 2380.941176470588 2758.823529411765 1884.4705882352941 3261.1764705882356 1875.058823529412 3288.2352941176473 2359.7647058823527 box 0
2780.0 2395.0588235294117 3284.7058823529414 2395.0588235294117 3284.7058823529414 2899.7647058823527 2780.0 2899.7647058823527 box 0
