3682.187483460173 1932.9919669002927 3869.7403199540886 1764.802154050631 3053.890949767366 855.0272935062017 2866.3381132734503 1023.217106355863 box 0
2954.336417606168 2690.2635094248117 3143.013343079761 2515.0438175192094 2312.2372937890955 1620.462454930657 2123.5603683155027 1795.6821468362598 box 0
3322.795459932025 2312.3654121970994 3511.9456779382494 2137.922967737102 2681.354499632184 1237.3021186256544 2492.2042816259595 1411.7445630856512 box 0
3506.038192084495 2125.244985239824 3693.96489923364 1954.420493442578 2868.832883354958 1046.67979961125 2680.906176205813 1217.504291408496 box 0
3138.9092009094684 2511.370064342354 3331.740584297555 2334.2546497585913 2505.403418872025 1434.5941705819623 2312.5720354839386 1611.709585165725 box 0
2558.28767640958 3039.739060941328 2740.6248704666186 2871.4425846512586 1916.041847058437 1978.0658600181448 1733.7046530013988 2146.3623363082143 box 0
2767.0524808906926 2878.4354310171448 2954.420396823584 2705.499776320982 2131.0711976981743 1813.4383688790947 1943.703281765283 1986.3740235752573 box 0
3881.6841823347104 1768.0978461997934 4074.9745650060154 1596.4958711417564 3266.143376564215 685.4382339698843 3072.8529938929105 857.0402090279214 box 0
2350.963948919741 3200.747963982948 2538.9898678396844 3023.521926763002 1725.2694266295748 2160.2146153627546 1537.243507709632 2337.4406525827007 box 0
4027.2653592022957 1547.5201753814813 4223.649402199633 1374.9816485566857 3438.6151415911613 481.4525056640508 3242.2310985938234 653.9910324888465 box 0
