3269.7262168878624 1496.243580374873 3378.561397635206 1297.9014635020721 2294.618797302811 703.115592064702 2185.7836165554672 901.457708937503 box 0
3149.2962827800966 1697.1172821297748 3258.337994061878 1498.8884419888518 2181.7557718158505 906.6821426138773 2072.714060534069 1104.9109827548004 box 0
3036.3121752259076 1902.0623275024268 3145.1870817693734 1704.6288529892608 2063.218732977217 1107.976217724624 1954.3438264337512 1305.4096922377898 box 0
2686.1727056590476 2518.618502442923 2795.0268948131247 2320.8223652608763 1719.7545434864599 1729.0620731186004 1610.9003543323831 1926.858210300647 box 0
2567.5173105038184 2723.022589541346 2679.107146645817 2515.758233961369 1619.8655874454 1945.4691859713491 1508.275751303401 2152.733541551326 box 0
2804.923827382588 2317.459014095905 2914.783024423949 2117.9225602004913 1834.2330611977338 1523.0019378999446 1724.373864156373 1722.5383917953584 box 0
3388.237376999039 1294.2715779443408 3499.005640429512 1093.5903839614728 2421.409169174057 498.7987772802685 2310.640905743584 699.4799712631366 box 0
2922.963503186455 2108.9772414639124 3031.9075507395432 1909.3226209576042 1947.9620560481642 1317.8541679904336 1839.0180084950755 1517.5087884967418 box 0
2453.1465119241784 2926.1584248082136 2562.98673401204 2721.837712339464 1506.4004729391029 2153.8303470118544 1396.5602508512413 2358.151059480604 box 0
2333.023808982924 3127.9936193026833 2442.8322273084573 2926.070938740057 1385.9368851393904 2351.316257711476 1276.1284668138571 2553.2389382741026 box 0
