889.2121102533822 1452.5109518962513 899.3109849928127 494.8442435532369 746.5794392523366 493.23364485981307 736.4805645129062 1450.9003532028275 box 0
613.1439355320235 2448.9102688072358 768.0747663551402 2446.504672897196 753.0646153609447 1479.7857178950708 598.1337845378281 1482.1913138051107 box 0
1211.621125280625 1442.656417684127 1222.3852795465361 483.8244740109018 1061.532710280374 482.0186915887851 1050.7685560144628 1440.8506352620102 box 0
730.8559535291664 1460.4923377392936 739.164583916676 488.93745351598074 585.8317757009347 487.62616822429914 577.5231453134252 1459.181052447612 box 0
1696.6077645270573 1435.7855811154373 1715.6847824151835 473.0905557425121 1553.1214953271028 469.8691588785047 1534.0444774389764 1432.5641842514299 box 0
1089.8345919827193 2438.7823664445455 1245.6448598130842 2438.0934579439254 1241.3372748985348 1463.848026752419 1085.5270070681697 1464.536935253039 box 0
1537.5054151321312 1440.6568282793783 1552.4594656747875 478.5898248043584 1395.2679521774392 476.1464920331216 1380.313901634783 1438.2134955081415 box 0
1374.0696118865123 1450.0556957290364 1387.5261996028548 477.37314352317924 1224.3858698257775 475.116176794682 1210.929282109435 1447.7987290005394 box 0
1859.5593950049204 1445.7200108076001 1883.0280373831777 467.0654205607476 1718.372498883074 463.1168957316928 1694.9038565048163 1441.7714859785451 box 0
1719.4766355140187 2438.0934579439254 1720.992972305984 1474.3562134943309 1560.3950750891192 1474.1035299940668 1558.8787382971539 2437.8407744436613 box 0
769.7662656156846 2441.9647758984493 923.2149532710281 2440.8971962616824 916.5055644401922 1476.5223846748606 763.0568767848487 1477.5899643116277 box 0
461.66216843758394 2439.4649715034166 613.8691588785048 2436.2242990654204 593.3244838747072 1471.2877892068072 441.11749343378625 1474.5284616448034 box 0
1052.7648381457645 1449.9381580916665 1065.170331526648 498.1556114761937 902.6542056074767 496.03738317757006 890.2487122265934 1447.819929793043 box 0
928.0175074957373 2434.103012557966 1090.5046728971963 2432.4859813084113 1080.8885922307045 1466.21542209672 918.4014268292452 1467.8324533462746 box 0
1884.8971962616822 2441.8317757009345 1888.5484814469821 1469.1627750677392 1721.7156995012954 1468.5365043993575 1718.064414315996 2441.205505032553 box 0
573.9272504882417 1451.9516783344175 584.8971962616824 496.03738317757006 424.4678930981385 494.1963177545593 413.49794732469775 1450.1106129114069 box 0
414.8032512487248 1449.3640973291585 426.0534206292685 496.0767183872577 264.33644859813097 494.16822429906546 253.0862792175873 1447.4556032409664 box 0
298.92958031881176 2440.177261151691 461.89650614291367 2435.4015789589753 433.84543049699914 1478.1775888353213 270.8785046728973 1482.9532710280373 box 0
1564.3364485981308 2439.96261682243 1559.954906212495 1462.4658363079598 1400.105194727046 1463.1823484235667 1404.4867371126818 2440.6791289380362 box 0
1251.0638400282114 2433.909699649718 1402.6542056074766 2432.4859813084113 1393.520752381776 1460.001836576354 1241.930386802511 1461.4255549176605 box 0
