1.872144065965506 1575.2151091767926 947.7272727272727 1543.0 941.3004059469594 1354.3032964742645 -4.554722714347918 1386.518405651057 box 0
-4.875191417246101 1378.9497300838336 932.9545454545455 1345.2727272727273 926.3039591573369 1160.0686688196015 -11.525777714454648 1193.7456716307079 box 0
2.270034297441869 1192.4379072708957 923.8636363636364 1158.9090909090908 917.1273963592714 973.752668355589 -4.46620570692312 1007.2814847173942 box 0
4.517828905478069 1004.0581706832149 925.0 962.3181818181818 916.9880025212049 785.6314831721427 -3.4941685733170402 827.3714720371759 box 0
-32.02149391152271 822.661784326298 953.4090909090909 771.409090909091 943.9879038087349 590.2688367094673 -41.44268101187873 641.5215301266743 box 0
-0.2556114745381553 1767.6765273653675 945.4545454545454 1736.1818181818185 939.0358967418929 1543.4452780239565 -6.674260187190669 1574.9399872075055 box 0
-33.24746125252756 2355.419373395025 976.0685281320996 2312.821170164078 968.1818181818181 2125.954545454545 -41.13417120280893 2168.5527486854917 box 0
-5.355441401208958 2159.595281362428 963.6363636363636 2123.681818181818 956.340970957683 1926.8426638896956 -12.650834079889592 1962.7561270703059 box 0
3.107012244659396 1959.4294269335069 959.0909090909091 1927.0909090909092 953.0917486964347 1749.7450962855742 -2.892148149815 1782.0836141281718 box 0
-40.847773100306576 2537.7975329688284 1009.090909090909 2495.272727272727 1001.8299283562486 2315.9989029912886 -48.10875383496705 2358.5237086873894 box 0
