1095.5106382978724 329.7021276595745 2.957446808510851 329.7021276595745 2.957446808510851 0.9787234042553965 1095.5106382978724 0.9787234042553965 box 0
1.8936170212768086 338.21276595744683 1096.5744680851064 338.21276595744683 1096.5744680851064 640.3404255319149 1.8936170212768086 640.3404255319149 box 0
1.8936170212768086 645.6595744680851 1098.7021276595747 645.6595744680851 1098.7021276595747 943.531914893617 1.8936170212768086 943.531914893617 box 0
-0.23404255319127648 952.0425531914892 1095.5106382978724 952.0425531914892 1095.5106382978724 1252.0425531914893 -0.23404255319127648 1252.0425531914893 box 0
2.957446808510851 1260.5531914893618 1095.5106382978724 1260.5531914893618 1095.5106382978724 1556.2978723404258 2.957446808510851 1556.2978723404258 box 0
1.8936170212768086 1564.8085106382978 1101.8936170212767 1564.8085106382978 1101.8936170212767 1864.8085106382978 1.8936170212768086 1864.8085106382978 box 0
4.021276595744894 1874.3829787234042 1101.8936170212767 1874.3829787234042 1101.8936170212767 2168.0 4.021276595744894 2168.0 box 0
0.8297872340427661 2178.6382978723404 1100.8297872340427 2178.6382978723404 1100.8297872340427 2472.255319148936 0.8297872340427661 2472.255319148936 box 0
0.8297872340427661 2478.6382978723404 1100.8297872340427 2478.6382978723404 1100.8297872340427 2775.446808510638 0.8297872340427661 2775.446808510638 box 0
-0.23404255319127648 2787.1489361702124 1112.531914893617 2787.1489361702124 1112.531914893617 3033.9574468085107 -0.23404255319127648 3033.9574468085107 box 0
