720.6987511464279 1408.077168555294 720.6592404356782 1139.4569832248262 4.895643823512262 1139.562263207401 4.935154534261881 1408.1824485378688 box 0
-1.6290694751911587 1138.9775265753378 707.2796627848626 1137.2537496532777 706.66033845331 882.5546519219765 -2.2483938067437066 884.2784288440365 box 0
1.0958316695998178 871.0142052549198 687.7166102339452 868.1652929930486 686.7087081062487 625.2492323976679 0.08792954190329283 628.0981446595391 box 0
6.144357740242015 613.5999489478211 679.0904477906033 613.8273258911856 679.1760170346909 360.5761061974424 6.229926984329552 360.34872925407797 box 0
763.2820512820514 2984.6666666666665 762.9997581172586 2724.2287749489246 25.275104530566498 2725.0284075439868 25.55739769535932 2985.466299261728 box 0
748.3765043241082 2201.053163041999 748.2580008095973 1936.7597350575204 2.1339418428840937 1937.0942811108325 2.2524453573948384 2201.387709095311 box 0
772.5878167943273 2726.288686320147 771.6852388805684 2470.68401548278 -15.54330576222286 2473.463835957685 -14.640727848463952 2729.068506795052 box 0
750.6951567497515 1931.4131547844288 749.7843171258135 1676.2227112824721 -30.775063594844227 1679.0087263190874 -29.864223970906124 1934.1991698210436 box 0
6.471319477091811 2457.3672189402723 761.9936492264204 2452.5205926285853 760.39798594283 2203.7786505055283 4.875656193501413 2208.6252768172153 box 0
735.027542686268 1674.0846304946583 734.8892861149235 1407.3436957135038 7.7205234529531515 1407.7206002182322 7.858780024297581 1674.461534999387 box 0
