426.7716535433071 1798.3149606299212 683.4645669291339 1788.0787401574803 714.9606299212599 2516.4251968503936 453.54330708661416 2524.299212598425 box 0
693.7007874015748 1792.8031496062995 957.4803149606299 1781.7795275590552 989.763779527559 2503.03937007874 725.1968503937007 2515.6377952755906 box 0
974.0157480314961 1781.7795275590552 1234.6456692913387 1769.1811023622047 1258.267716535433 2493.5905511811025 999.2125984251968 2502.251968503937 box 0
1241.732283464567 1766.8188976377953 1504.724409448819 1756.5826771653544 1537.7952755905512 2486.503937007874 1275.5905511811025 2494.3779527559054 box 0
1518.8976377952756 1757.3700787401574 1782.6771653543308 1746.346456692913 1810.236220472441 2468.3937007874015 1546.4566929133857 2481.779527559055 box 0
1791.3385826771653 1747.1338582677165 2054.3307086614172 1734.5354330708662 2087.4015748031497 2459.732283464567 1819.6850393700788 2473.9055118110236 box 0
2066.9291338582675 1734.5354330708662 2331.496062992126 1724.2992125984254 2364.566929133858 2447.9212598425197 2100.0 2462.8818897637793 box 0
2347.244094488189 1727.4488188976377 2607.8740157480315 1721.1496062992126 2634.6456692913384 2440.834645669291 2374.803149606299 2455.7952755905512 box 0
2620.472440944882 1711.700787401575 2882.6771653543306 1704.6141732283465 2908.6614173228345 2425.0866141732286 2648.031496062992 2443.984251968504 box 0
2900.0 1697.5275590551182 3165.3543307086616 1691.2283464566929 3183.464566929134 2417.212598425197 2925.196850393701 2421.9370078740158 box 0
