3347.714285714286 967.1428571428569 3067.714285714286 545.7142857142857 2641.285714285714 814.2857142857142 2913.4285714285716 1236.4285714285713 box 0
3361.285714285714 984.2857142857141 2919.1428571428573 1242.142857142857 3175.5714285714284 1681.4285714285713 3607.0 1417.142857142857 box 0
2914.8571428571427 1264.2857142857142 2482.0 1520.7142857142856 2739.8571428571427 1957.8571428571427 3176.285714285714 1695.7142857142853 box 0
2905.5714285714284 1239.2857142857142 2472.0 1510.7142857142856 2207.714285714286 1082.8571428571427 2634.8571428571427 816.4285714285713 box 0
2184.1428571428573 1077.142857142857 2459.1428571428573 1509.9999999999998 2025.5714285714284 1772.8571428571427 1764.8571428571427 1341.4285714285713 box 0
2461.285714285714 1521.4285714285713 2730.5714285714284 1958.5714285714284 2296.285714285714 2217.142857142857 2032.7142857142853 1786.4285714285713 box 0
2021.2857142857142 1802.142857142857 2294.1428571428573 2223.5714285714284 1869.8571428571427 2496.428571428571 1596.9999999999998 2073.5714285714284 box 0
2019.8571428571427 1787.1428571428569 1757.7142857142856 1359.9999999999998 1330.5714285714284 1620.7142857142856 1593.4285714285713 2053.5714285714284 box 0
1322.7142857142856 1640.7142857142856 1581.9999999999998 2072.8571428571427 1152.7142857142856 2335.0 902.7142857142858 1908.5714285714282 box 0
1581.9999999999998 2080.0 1852.7142857142856 2497.142857142857 1439.8571428571427 2765.7142857142853 1154.857142857143 2345.7142857142853 box 0
