1595.6731707059225 938.909553738082 1957.7812014356964 472.99016779502267 1808.2616822429907 356.78504672897196 1446.153651513217 822.7044326720314 box 0
1386.766355140187 1536.2242990654204 1746.6314174595263 1069.9574475279744 1597.660177486025 954.9813466533706 1237.7951151666855 1421.2481981908165 box 0
2097.9813084112147 1276.411214953271 2447.761638024349 813.4704747965842 2294.8837388115567 697.9617771625948 1945.1034091984227 1160.9025173192817 box 0
1544.710280373832 1656.7850467289718 1912.595822551634 1189.4752781609814 1762.4995329900485 1071.3132824606791 1394.6139908122468 1538.6230510286703 box 0
1921.5211706595933 1168.377143619524 2283.3334561674133 692.6464769862872 2139.1028037383176 582.9532710280373 1777.2905182304971 1058.6839376612743 box 0
1758.3916898792666 1052.9828789400149 2124.744787500614 583.7538677285118 1976.4859813084113 468.0 1610.1328836870637 937.2290112115033 box 0
1438.7219456396497 816.7621568998267 1795.7475548848356 354.04265503393884 1650.3177570093458 241.83177570093454 1293.2921477641598 704.5512775668224 box 0
1226.9532710280375 1419.4018691588783 1584.060452155861 954.4929723929448 1435.9741947899383 840.7445233966273 1078.867013662115 1305.6534201625607 box 0
1717.607476635514 1754.9158878504672 2081.292263048624 1294.9622632928201 1936.387507450058 1180.3862445892137 1572.7027210369474 1640.3398691468606 box 0
1070.8785046728972 1303.5140186915887 1428.5510166617069 834.0312050062981 1273.7688894807832 716.1114204561377 916.096377491973 1185.5942341414282 box 0
