947.4430379746835 2583.506329113924 1195.5745652026465 2200.523800486408 628.3455231859707 1833.0203297979547 380.2139959580079 2216.002858425471 box 0
888.3683180554184 1421.7132896203768 1136.648140089832 1039.801614718373 573.5709612749201 673.7465529460977 325.29113924050637 1055.6582278481012 box 0
374.6582278481013 2197.4303797468356 621.5095255218152 1820.382410825826 55.559641167521306 1449.8580349196568 -191.29165650619265 1826.906003840667 box 0
1206.3037974683543 2200.5949367088606 1459.6034481088045 1823.73982764685 892.2786272061561 1442.4177346759652 638.9789765657058 1819.2728437379756 box 0
1395.5443037974683 640.4683544303798 1641.9918760811272 272.50426434399 1085.8685222491986 -99.96482743599162 839.4209499655399 267.9992626503983 box 0
1463.26582278481 1811.9873417721521 1715.6810379068804 1431.7808506760593 1145.6353335301553 1053.3333163247923 893.2201184080851 1433.539807420885 box 0
630.2723458325952 1814.4417916335224 881.1729154647812 1434.823593278009 317.06329113924056 1061.987341772152 66.16272150705461 1441.6055401276653 box 0
1144.396138355592 1032.2977727080904 1389.6431946041646 653.9956683056037 825.6446099119755 288.3646263038946 580.397553663403 666.6667307063815 box 0
1974.6582278481012 1034.7721518987341 2224.9850718845933 662.7198601487535 1651.3084263560813 276.7346979632793 1400.9815823195893 648.7869897132598 box 0
1715.853921727555 1421.9911676391243 1971.4225978359557 1038.4750986158717 1405.5433596527046 661.3826651539625 1149.9746835443038 1044.8987341772151 box 0
