372.71428571428584 1239.9999999999998 664.1428571428572 1239.9999999999998 664.1428571428572 2777.142857142857 372.71428571428584 2777.142857142857 box 0
671.2857142857143 1228.5714285714284 974.1428571428572 1228.5714285714284 974.1428571428572 2772.8571428571427 671.2857142857143 2772.8571428571427 box 0
985.5714285714287 1222.8571428571427 1279.8571428571427 1222.8571428571427 1279.8571428571427 2775.7142857142853 985.5714285714287 2775.7142857142853 box 0
1287.0 1215.7142857142856 1584.142857142857 1215.7142857142856 1584.142857142857 2769.9999999999995 1287.0 2769.9999999999995 box 0
1592.7142857142856 1214.2857142857142 1889.8571428571427 1214.2857142857142 1889.8571428571427 2759.9999999999995 1592.7142857142856 2759.9999999999995 box 0
1896.9999999999998 1212.8571428571427 2188.4285714285716 1212.8571428571427 2188.4285714285716 2758.5714285714284 1896.9999999999998 2758.5714285714284 box 0
2198.4285714285716 1209.9999999999998 2497.0 1209.9999999999998 2497.0 2749.9999999999995 2198.4285714285716 2749.9999999999995 box 0
2504.1428571428573 1205.7142857142856 2802.714285714286 1205.7142857142856 2802.714285714286 2764.285714285714 2504.1428571428573 2764.285714285714 box 0
2812.714285714286 1201.4285714285713 3112.714285714286 1201.4285714285713 3112.714285714286 2751.428571428571 2812.714285714286 2751.428571428571 box 0
3119.8571428571427 1195.7142857142856 3425.5714285714284 1195.7142857142856 3425.5714285714284 2739.9999999999995 3119.8571428571427 2739.9999999999995 box 0
