4029.166702730598 1191.7238400658214 4033.9516526748657 1000.18367799971 2947.193700711784 973.0348944465075 2942.4087507675167 1164.5750565126189 box 0
4022.2564102564097 2376.974358974359 4022.876712876143 2187.378240579131 2972.167897119655 2183.9406310093386 2971.5475944999216 2373.5367494045663 box 0
4022.2564102564097 2564.153846153846 4022.982974217522 2393.6381430567258 2966.8371961779358 2389.137927263887 2966.110632216823 2559.6536303610064 box 0
4024.820512820513 1384.6666666666667 4028.149235945943 1193.2643639209082 2955.1545812683635 1174.6036578100084 2951.8258581429336 1366.0059605557667 box 0
4017.6613890202593 991.7384985245811 4022.026330732278 799.2052693280199 2947.943797442143 774.8546277724158 2943.5788557301244 967.3878569689773 box 0
4030.661094684203 1580.7974625500267 4033.797704003868 1392.5074638363799 2950.362213233465 1374.4591666308816 2947.225603913799 1562.7491653445281 box 0
4022.9834750692185 1980.5630876008247 4026.0871307680213 1790.2289938342142 2961.007583280391 1772.8614264067435 2957.903927581588 1963.195520173354 box 0
4013.7824142498334 1779.488441138449 4016.5213993079356 1590.6156045511057 2953.279519649092 1575.1967456291295 2950.54053459099 1764.0695822164723 box 0
2964.4063066166877 2757.7513086404456 4027.384615384616 2759.025641025641 4027.6070563898547 2573.477532623209 2964.628747621927 2572.203200238013 box 0
4015.5446998818084 2177.3772313431896 4016.437117752031 1988.5806777716177 2980.1362790203725 1983.6822123604868 2979.2438611501498 2172.4787659320586 box 0
