847.7564529851431 728.4991807389341 1071.6148303748712 721.6293134283452 1049.402651171351 -2.1666741776548633 825.5442737816229 4.703193132934098 box 0
1549.2500356551848 726.8232081546132 1771.8537029707225 719.7338987601534 1748.8200204971588 -3.521626581126943 1526.2163531816211 3.5676828133328984 box 0
2249.065606717323 714.1831221413979 2478.9819169744724 706.2592581921713 2454.5465995509876 -2.748122293985788 2224.6302892938384 5.175741655240771 box 0
141.16235089553638 733.2050616965533 361.185607409318 729.1107002741393 347.64975990997505 1.719798685526692 127.6265033961935 5.814160107940685 box 0
1781.8046277045255 731.3473789125607 2004.8963625593174 725.4389732476178 1985.712651348209 1.0934124082400443 1762.620916493417 7.0018180731828 box 0
1081.7118887450788 732.4122944219611 1305.1279422825437 726.3137424093221 1285.332306811562 1.1149173395134553 1061.916253274097 7.213469352152513 box 0
377.24445157508217 739.4100235225434 598.852736649575 734.3190419560959 581.9975438549105 0.6195930240873779 360.38925878041766 5.7105745905348915 box 0
614.2081176103857 727.9259167985922 841.6588567539857 720.1902086344853 816.9263142286036 -7.013424046517052 589.4755750850036 0.7222841175899295 box 0
1317.6711436700864 722.7473417470122 1543.3007737212254 714.9328941432342 1518.2701569127992 -7.785984630312985 1292.6405268616602 0.028462973465000374 box 0
2017.2081370868027 721.2390079160629 2243.3117920232353 714.1771290817852 2220.7821514568986 -7.165476193040329 1994.678496520466 -0.10359735876277519 box 0
