2493.0977030285608 1084.6884038107883 2788.972421203626 1076.435364037594 2758.540509556888 -14.56062404089062 2462.665791381823 -6.307584267696481 box 0
3093.9788426109803 1076.314267617414 3398.6280152010017 1070.8395559464977 3379.290993814801 -5.200228387067678 3074.6418212247795 0.27448328384889065 box 0
2797.319699571897 1080.226247616724 3097.453298452687 1070.8559215995263 3063.7539454476337 -8.541751309351088 2763.620346566844 0.8285747078465588 box 0
2190.7998028896527 1085.1395321768377 2486.583102668 1077.2992445924851 2457.7280855991166 -11.287375728473588 2161.9447858207695 -3.4470881441208716 box 0
1587.632041957748 1098.4662133265772 1881.8317436009745 1089.8713045493053 1849.581954929459 -14.023856072549016 1555.3822532862325 -5.428947295276921 box 0
1891.920207317499 1091.6143581364954 2187.083955933221 1082.0230579254808 2151.293431751104 -19.398548123678125 1856.1296831353818 -9.80724791266343 box 0
1279.472963229135 1105.335319786083 1572.2900257011397 1099.966947142167 1551.8396336641754 -15.496549873363062 1259.0225711921707 -10.12817722944725 box 0
660.2564546277531 1119.6174291998627 655.5788617056535 42.85368703866095 354.36189883446616 44.16221023495166 359.0394917565658 1120.9259523961537 box 0
968.7266914505362 1105.3411827287835 1263.2816154899347 1103.0145496818398 1254.466572938502 -12.981886693016747 959.9116488991035 -10.655253646072937 box 0
662.353799175581 1105.2187363303208 959.816354993117 1102.8976482941318 951.0952990299853 -14.762498918821866 653.6327432124493 -12.44141088263312 box 0
