1394.3396226415093 2220.754716981132 1406.205483720826 1769.602399599945 723.7054527851246 1751.6518089862877 711.8395917058078 2202.804126367475 box 0
691.6321610080263 2669.047295908975 701.4002689230599 2211.1077063514854 29.579428669750587 2196.777391574586 19.81132075471698 2654.7169811320755 box 0
1378.3018867924527 2682.0754716981132 1388.7915914786977 2231.396199730095 714.6704773187329 2215.7058144602743 704.1807726324882 2666.385086428293 box 0
701.9427048666458 2211.2612787096873 714.132992096113 1754.1747925758352 44.265758927580315 1736.3097402812434 32.075471698113205 2193.396226415094 box 0
705.1428646057997 1262.8956063632738 715.5347029605317 827.6431277987555 59.489848044499375 811.9797773952711 49.09800968976729 1247.2322559597894 box 0
710.377358490566 1727.3584905660375 719.677264448609 1277.1340868313684 50.39493576907036 1263.3092859887915 41.095029811027345 1713.5336897234608 box 0
1395.141390585021 1761.6155640614556 1410.6806654801746 1309.8341574426072 743.8411616876064 1286.8978386641704 728.3018867924528 1738.6792452830189 box 0
731.132075471698 808.4905660377358 742.7701232755898 347.87930489841506 69.83437966372504 330.8765543930741 58.196331859833286 791.4878155323947 box 0
1433.3357459136917 829.4544225911565 1443.8705096193617 383.3087663657206 755.8177825735944 367.0618909443753 745.2830188679245 813.2075471698114 box 0
1412.3573434421314 1292.2440760816376 1426.7166345656774 840.8284293062509 751.1517439537345 819.3390702057452 736.7924528301886 1270.754716981132 box 0
