1097.102266675449 1921.5698390321381 1111.9449480717037 1203.7621029141162 474.02354947903086 1190.5712948484768 459.1808680827764 1908.379030966499 box 0
1757.621107384447 2016.9608467289877 1784.0349914724152 1297.4568477700468 1135.3390793831313 1273.6424163630531 1108.9251952951631 1993.146415321994 box 0
1429.818181818182 2887.5151515151515 2077.183167591554 2873.845415105623 2061.780025140781 2144.390596462635 1414.4150393674092 2158.060332872163 box 0
2437.3670769175924 2010.6841679531203 2449.2224800783315 1293.6164353402808 1793.6832531115194 1282.7782934606391 1781.8278499507799 1999.8460260734787 box 0
3257.1414775434987 1206.5203014396347 3316.0904158306425 585.7241958078221 2788.5523434098704 535.6307609535538 2729.6034051227266 1156.4268665853665 box 0
3794.31568371552 1245.0827669379753 3844.8619218568947 617.5671879109673 3325.4482556275566 575.7285344263457 3274.9020174861816 1203.2441134533535 box 0
1107.2983419394986 1086.3697088669965 1164.2962210378764 463.45300004513024 655.7365308784944 416.9189717818072 598.7386517801166 1039.8356806036734 box 0
1641.238784468892 1098.2783786383652 1693.2288905028108 481.7443709941691 1173.4267684333302 437.9113186272597 1121.4366623994108 1054.445326271456 box 0
2717.6790749051447 1173.843247401814 2774.547492088402 550.4297705412548 2244.4718383333807 502.0757253765061 2187.6034211501233 1125.4892022370655 box 0
2182.9248394714173 1150.5439795034185 2228.0111863126504 522.8086368517727 1700.3590136779965 484.9106450540768 1655.2726668367636 1112.6459877057223 box 0
3092.6816931783337 2020.164023540858 3112.0875961355287 1299.2076257490442 2468.328365415416 1281.879630328771 2448.9224624582207 2002.836028120585 box 0
3994.485398260153 2552.421677808778 4189.433176690977 1691.8885364617483 3668.5899343814485 1573.895134325011 3473.6421559506243 2434.428275672041 box 0
