3892.025036238881 3018.8934240157546 3892.198368580096 2723.298373692263 2368.5835887514713 2722.4049496765074 2368.4102564102564 3018.0 box 0
3891.3758608406783 2110.9016436008824 3890.510575847588 1802.665932137083 2371.264644377827 1806.930787429391 2372.1299293709176 2115.1664988931907 box 0
3889.3800501653322 2413.517880574191 3889.0667724680534 2106.88057226708 2372.1663594416013 2108.430321940457 2372.47963713888 2415.067630247568 box 0
3876.102564102564 1202.6153846153845 3876.1228228110053 883.4747959239451 2352.3763465881093 883.3780701024898 2352.3560878796675 1202.5186587939293 box 0
2341.436287296697 574.4793429784953 3865.846153846154 548.7692307692307 3861.2201664092313 274.4841232605289 2336.8102998597747 300.1942354697937 box 0
2330.952204664085 281.48510359867305 3872.508015950102 268.3801916395155 3870.133813707497 -10.901750556070512 2328.57800242148 2.2031614030869964 box 0
3877.9118872857716 885.0616699896668 3876.940657748523 570.0580100441775 2341.7980012319817 574.7912118493822 2342.769230769231 889.7948717948718 box 0
3880.8169865611935 2721.7245871479267 3882.684633841922 2411.309981275615 2380.5291010852907 2402.2720795696027 2378.6614538045624 2712.6866854419145 box 0
3889.3093751543784 1496.8111071877727 3888.9230769230767 1210.3076923076924 2345.3430539704214 1212.3889318384267 2345.7293522017226 1498.892346718507 box 0
3876.523985477447 1820.665685385558 3880.0338002724366 1514.8350791774158 2368.4102564102564 1497.4871794871794 2364.900441615266 1803.317785695322 box 0
