3003.1834895713932 3011.8606500292935 3036.68497486764 2482.8580289975125 2603.9345882789494 2455.45215209473 2570.4331029827017 2984.454773126511 box 0
3373.030338935643 1395.624768624528 3402.656988629187 827.0230568499344 2881.437117119044 799.8652094028155 2851.8104674255005 1368.4669211774092 box 0
2569.8260595117167 2958.7271598458233 2601.473659107304 2393.311179346369 2080.809936734621 2364.168463933474 2049.1623371390338 2929.584444432928 box 0
3517.9537560848394 2490.109546625325 3535.8787878787875 1984.4848484848483 2947.4042557897783 1963.6226858246416 2929.4792239958297 2469.247383965119 box 0
3502.2367156415407 1951.4663124054487 3519.877128357104 1431.7620607430704 2931.1562088579717 1411.7790031463092 2913.5157961424075 1931.4832548086874 box 0
2756.1705911036715 1455.220828013366 2763.934503401018 898.3932797645621 2253.20060094992 891.2720566167802 2245.4366886525736 1448.099604865584 box 0
2901.791658237966 2359.569301464928 2904.435396826273 1944.8251030648444 2387.5349332537335 1941.5301812621228 2384.891194665426 2356.2743796622062 box 0
1591.9494498543097 2823.2022853648978 2017.69696969697 2811.7575757575755 2003.6629912950075 2289.6882788364387 1577.9154714523468 2301.13298844376 box 0
2898.613122116593 1922.05940370656 2897.1927560819317 1492.2039675479755 2346.579633965339 1494.0233517202037 2348.0 1923.8787878787878 box 0
948.1300810163061 1724.7806082286788 1313.751596937419 1683.76906319326 1235.1017534704529 982.5988202649368 869.4802375493402 1023.6103653003556 box 0
