1297.4684504976487 3043.087849122574 1323.289025389761 2357.501314857501 1067.8662926206373 2347.88157836766 1042.045717728525 3033.468112632733 box 0
2093.1343320074866 3042.257389833319 2116.614954304273 2373.213453975098 1858.373295098226 2364.1502601605775 1834.8926728014396 3033.1941960187983 box 0
1561.6285717943686 3041.416353443112 1583.0192454811242 2364.915523867304 1327.060916425846 2356.8222284050325 1305.6702427390903 3033.3230579808405 box 0
768.2972204803397 3042.479192577807 794.2885831036407 2333.245617577446 543.4855216384957 2324.0544095645264 517.4941590151947 3033.2879845648877 box 0
511.2024729095792 3041.4286842684132 535.0762572973455 2323.260730298977 280.6033668197298 2314.801384701313 256.72958243196354 3032.96933867075 box 0
1035.3991968832281 3047.29346126375 1060.6688898365576 2345.926496903867 799.1316640176507 2336.503519021894 773.8619710643214 3037.8704833817774 box 0
1832.9880802225102 3038.4528356070946 1852.4000123503151 2359.80517628399 1593.053937904931 2352.386881494956 1573.642005777126 3031.0345408180606 box 0
2355.627315047316 3042.136639437266 2375.7904697478343 2369.6236645941885 2119.194954392381 2361.930467191152 2099.031799691863 3034.443442034229 box 0
2624.321449575976 3037.3623329475668 2640.9522957155464 2370.589152431936 2383.2708889860355 2364.161989562199 2366.6400428464653 3030.9351700778298 box 0
2878.157306867246 3044.2474639548504 2898.2587480030143 2370.8588656303887 2648.9596746391016 2363.416995273665 2628.8582335033334 3036.8055935981274 box 0
