2314.1428571428573 802.142857142857 2934.8571428571427 925.7142857142857 2879.8571428571427 1221.4285714285713 2252.714285714286 1103.5714285714284 box 0
2255.5714285714284 1113.5714285714284 2879.1428571428573 1232.8571428571427 2820.5714285714284 1533.5714285714284 2195.5714285714284 1408.5714285714284 box 0
2206.285714285714 1423.5714285714284 2821.285714285714 1549.2857142857142 2765.5714285714284 1847.1428571428569 2143.4285714285716 1717.1428571428569 box 0
2139.857142857143 1730.7142857142858 2762.714285714286 1858.5714285714284 2698.4285714285716 2152.142857142857 2085.5714285714284 2023.5714285714287 box 0
2087.0 2035.7142857142858 2716.285714285714 2171.428571428571 2654.1428571428573 2467.8571428571427 2036.9999999999995 2336.428571428571 box 0
2734.1428571428573 2176.428571428571 3355.5714285714284 2292.8571428571427 3293.4285714285716 2583.5714285714284 2673.4285714285716 2480.7142857142853 box 0
2792.714285714286 1870.7142857142856 3412.0 1995.7142857142858 3354.142857142857 2285.7142857142853 2732.714285714286 2171.428571428571 box 0
2848.0389610389607 1552.5974025974026 3465.5714285714284 1691.5584415584412 3408.428571428571 1984.4155844155841 2790.246753246753 1855.1948051948052 box 0
2911.025974025974 1244.8051948051948 3521.4155844155844 1388.3116883116884 3454.5324675324673 1684.4155844155844 2842.1948051948048 1542.207792207792 box 0
2953.233766233766 924.025974025974 3564.9220779220777 1076.6233766233765 3501.285714285714 1372.7272727272727 2884.402597402597 1229.8701298701299 box 0
