2982.387490172702 1128.028844398216 3120.9473684210525 972.6315789473683 2513.6131367024113 431.10237662297425 2375.053258454062 586.4996420738223 box 0
3315.9874857419904 2011.2767750479234 3447.140581629009 1861.7124968143585 2831.043232510206 1321.4559886491463 2699.8901366231876 1471.0202668827112 box 0
3134.727451218543 959.5868410532828 3275.4928949986343 799.3954651832323 2661.8647511529357 260.18018274216195 2521.099307372845 420.37155861221254 box 0
2691.4736842105262 1453.6842105263156 2829.4727012127178 1304.5682528704938 2229.574480409819 749.3938364392034 2091.575463407627 898.5097940950247 box 0
3460.9473684210525 1851.5789473684208 3600.629428279534 1695.0959693078069 2992.528746038915 1152.2844958207934 2852.846686180433 1308.7674738814073 box 0
2838.6429089534104 1295.6664938376446 2978.842105263158 1138.9473684210525 2371.453326221125 595.5840843107633 2231.2541299113777 752.303209727355 box 0
3602.708674778622 1688.9970615381742 3737.7894736842104 1542.1052631578946 3132.139576924416 985.1533242919644 2997.0587780188275 1132.0451226722444 box 0
3742.0907518575896 1517.9525618874316 3878.8421052631575 1368.421052631579 3279.5197173440433 820.3215378064909 3142.7683639384745 969.8530470623433 box 0
3167.2631578947367 2175.7894736842104 3302.8910354910954 2022.542953877164 2687.762138560331 1478.1349839999107 2552.134260963973 1631.3815038069577 box 0
2545.1605987891608 1620.7606141485453 2682.0 1471.578947368421 2075.255715898243 915.0325143073496 1938.416314687404 1064.2141810874734 box 0
