1280.2787432585985 633.9803233981444 1453.025641025641 630.8205128205127 1441.4250950687617 -3.3815310111150905 1268.6781973017194 -0.22172043348332116 box 0
759.130649202998 637.1431053585657 931.2606021498548 635.3484338322571 924.7281642735645 8.811372430897302 752.5982113267078 10.606043957205918 box 0
1463.2820512820513 641.076923076923 1630.719802519052 636.4514500210241 1613.1413226336185 0.12709862775160552 1445.7035713966177 4.752571683650433 box 0
1628.008789484498 637.3489944958969 1814.5641025641025 633.3846153846154 1801.3342774809196 10.816972103957788 1614.778964401315 14.781351215239326 box 0
939.7242690487511 648.3835636906757 1112.0827137079357 644.3898261866908 1097.1789574796978 1.1857496755021881 924.820512820513 5.179487179487133 box 0
586.0155247763633 648.0005303534517 756.8980561723671 645.6689364150652 748.1904210015297 7.486311229800243 577.3078896055259 9.81790516818679 box 0
1105.580510597392 645.4120924623905 1273.5384615384614 641.076923076923 1256.8810278641467 -4.283887334185425 1088.9230769230771 0.051282051282001355 box 0
230.52478123205555 647.989125377079 414.58127027821826 642.4979596238846 396.04153670770273 21.071030951171128 211.98504766154002 26.562196704365515 box 0
414.6308416356504 635.3246473805092 588.7778534521876 633.2146981380284 581.0188066883323 -7.186872319403929 406.87179487179503 -5.076923076923123 box 0
50.61144554973407 651.60545465385 231.58090248118668 647.5603458358318 217.97170998691752 38.71438253487072 37.002253055464905 42.7594913528889 box 0
