584.6153846153846 770.6923076923078 595.1430563272129 0.3450256572072404 379.4372603523069 -2.6028393633108067 368.9095886404786 767.7444426717897 box 0
800.7692307692307 774.5384615384617 815.1846019188017 -3.5895775419442133 602.6878603326015 -7.526229666265124 588.2724891830306 770.6018094141408 box 0
1894.3220453229 781.1911121992398 1906.9342868406682 3.532544274423742 1686.458395363922 -0.043183309431230825 1673.8461538461538 777.6153846153846 box 0
1673.1392880620915 771.9733179092747 1684.4187780718278 -2.4791410821724185 1468.4044311268917 -5.625275670599137 1457.1249411171555 768.8271833208478 box 0
1240.286515805541 768.4160340580264 1259.5521547018157 -20.797551231538137 1038.7177462383388 -26.18838084804656 1019.4521073420641 763.0252044415181 box 0
1016.4945679015744 767.3843769667982 1035.2653827422557 -5.202840725971441 822.117816542442 -10.381483871048204 803.3470017017609 762.2057338217214 box 0
1456.3617241549825 770.4540235269064 1474.247375824648 -4.21077653617067 1257.9462932822923 -9.204789195335252 1240.0606416126268 765.4600108677416 box 0
2110.7692307692305 781.4615384615386 2125.1154407065574 2.280553367154737 1905.6340867947993 -1.7605175018494494 1891.287876857472 777.4204675925344 box 0
366.15384615384613 765.3076923076924 380.4984292578919 -10.411699279099974 165.00465565798572 -14.396604616434729 150.66007255393995 761.3227869703577 box 0
2326.9230769230767 790.6923076923078 2344.364906405507 1.8559662549877636 2131.3458955748465 -2.8540617549471676 2113.904066092416 785.9822796823729 box 0
