2993.645624857609 2493.8297148327742 2996.4965565610014 2099.682679178562 2588.8008961384844 2096.733747996815 2585.949964435092 2490.8807836510273 box 0
3406.2034766318784 2494.2911956708776 3408.366539677282 2098.4917569941354 3004.208245169879 2096.28301239797 3002.045182124475 2492.0824510747125 box 0
3411.5312299706593 2090.4645395283055 3410.992366087985 1697.46735308793 3003.6318063757763 1698.025911521499 3004.1706702584506 2091.0230979618746 box 0
2994.025958381713 2091.2153299380243 2996.409513077812 1699.9671783880249 2584.695418418824 1697.4589414547977 2582.311863722725 2088.707093004797 box 0
3411.2079012643762 1687.545724792874 3409.1696578054916 1294.7116371315672 3002.128444408231 1296.8235951228978 3004.166687867116 1689.6576827842046 box 0
2989.8247679521737 1690.478866935932 2988.931869775961 1299.835874699962 2577.6931618879144 1300.7758487928277 2578.586060064127 1691.4188410287975 box 0
3402.890160604244 1285.477939460097 3398.458418081794 891.224041181031 2995.4657865087925 895.7540143515482 2999.8975290312424 1290.0079126306143 box 0
2986.8750759595264 1290.4583591307864 2984.7788185730956 898.5574591285086 2574.6312762743605 900.7513168488277 2576.7275336607913 1292.6522168511055 box 0
3381.5529775755617 885.9955539802717 3381.820762151336 492.58039204925797 2968.9367662293694 492.2993556876971 2968.668981653595 885.7145176187108 box 0
2970.95967489387 887.940320522838 2967.0447244109737 491.0585532852097 2556.3323005089615 495.10993315453015 2560.247250991858 891.9917003921585 box 0
