669.4915254237288 2444.915254237288 1218.936688174131 2048.0420798259493 958.6276055644457 1687.6610425537053 409.1824428140435 2084.534216965044 box 0
1504.6772409834034 2415.470473788288 2044.02368648658 2025.8053105640247 1778.6666666666667 1658.5172413793105 1239.32022116349 2048.1824046035736 box 0
941.5254237288136 2819.491525423729 1488.8022010292066 2426.4101860394894 1229.991264200146 2066.0745474671157 682.714486899753 2459.1558868513553 box 0
1237.7745585363184 2040.3888137617803 1776.5125565576045 1648.7030532918163 1509.1264367816093 1280.9310344827588 970.3884387603229 1672.6167949527226 box 0
1766.223673843685 2793.9271378493686 2309.3587918705775 2403.8595563687113 2046.4827586206895 2037.827586206897 1503.347640593797 2427.895167687554 box 0
124.57627118644068 1683.8983050847457 656.7567104210164 1299.241447190724 398.6521017788535 942.1485703142157 -133.52833745572207 1326.8054282082376 box 0
396.6101694915254 2073.728813559322 925.4736589897548 1694.699242157565 657.5903191764469 1320.919124294579 128.72682967821763 1699.948695696336 box 0
1202.0067589431324 3193.239226477506 1750.175254069563 2797.9985541775013 1493.501828459764 2442.0122012632146 945.3333333333335 2837.2528735632186 box 0
671.7701149425288 1297.0229885057474 1227.9149340643257 888.5793679118943 962.794098638028 527.5856551218628 406.64927951623116 936.0292757157159 box 0
944.1031971341174 1674.0136996644912 1505.1888308667635 1266.9997491415143 1236.3040245372438 896.3308770632302 675.2183908045978 1303.3448275862072 box 0
