3183.4168558177707 1394.4887872101583 4029.6482639223236 1366.7913836571754 4022.358243364358 1144.0613234160621 3176.1268352598054 1171.758726969045 box 0
3183.5755521192614 1622.3568351209767 4035.784524227364 1598.9362329325675 4029.6882113084735 1377.1087784349313 3177.479239200371 1400.5293806233406 box 0
3164.497873777703 717.189637252734 4029.081909801927 681.9540301493103 4020.0676581436837 460.76930477912634 3155.483622119459 496.00491188254995 box 0
3192.531876445898 951.0879967926118 4046.128661509032 918.7452910382734 4037.4936927069343 690.8490332366852 3183.8969076437998 723.1917389910235 box 0
3194.5559746492463 1173.338584307097 4032.5823240824925 1143.445504840258 4024.378205038254 913.4501997200025 3186.3518556050067 943.3432791868414 box 0
4021.5513413670033 2069.4664055083 4021.1142857265013 1837.2478294745247 3189.8419829127815 1838.812356546143 3190.2790385532835 2071.0309325799185 box 0
3198.663570893986 1858.6890072970136 4027.6303108159022 1839.4498765229257 4022.2213196965836 1606.3897769217988 3193.2545797746675 1625.628907695887 box 0
4020.5883784454563 2745.7405655224047 4020.6599246880805 2519.856891455057 3205.1728657562035 2519.598594633845 3205.1013195135793 2745.482268701193 box 0
4022.202678326006 2298.931506767717 4021.87608822539 2068.4279116578164 3172.956124469404 2069.6307078929276 3173.2827145700203 2300.1343030028283 box 0
4028.126344433839 2524.6092853105806 4030.279945412544 2296.6389393504637 3198.300337084715 2288.7793552839016 3196.146736106011 2516.7497012440185 box 0
