1819.0478100916357 969.0305123439086 2321.3756338303606 974.0539580306018 2316.2463075554233 1486.9694876560914 1813.9184838166984 1481.9460419693983 box 0
1292.6897254172618 1485.784519375338 1797.8578983409006 1490.8363695007013 1792.8175235729896 1994.8570449305582 1287.6493506493507 1989.8051948051948 box 0
1805.8823529411766 1502.1176470588236 2312.9411764705883 1502.1176470588236 2312.9411764705883 2012.7058823529412 1805.8823529411766 2012.7058823529412 box 0
790.8961038961039 961.038961038961 770.1168831168832 1466.2337662337661 1275.9610389610389 1477.2727272727273 1290.2467532467533 967.5324675324676 box 0
1301.2857142857142 953.896103896104 1292.1948051948052 1462.987012987013 1797.3896103896104 1472.7272727272727 1809.7272727272727 968.8311688311687 box 0
1282.4545454545455 1487.6623376623377 766.2207792207793 1478.5714285714284 781.8051948051948 1985.064935064935 1280.5064935064936 1992.857142857143 box 0
2326.329732631807 1493.4997478069931 2832.8460595386246 1503.6314252714833 2822.670267368193 2012.3531933694774 2316.1539404613754 2002.221515904987 box 0
2324.8676470588234 975.720588235294 2838.838235294117 975.720588235294 2838.838235294117 1485.2794117647059 2324.8676470588234 1485.2794117647059 box 0
2842.514705882353 988.955882352941 2855.75 1484.5441176470588 3360.8970588235297 1490.4264705882351 3347.661764705882 989.6911764705882 box 0
2841.0441176470586 1499.25 2832.2205882352937 1994.8382352941176 3338.838235294117 2000.720588235294 3355.014705882353 1507.3382352941176 box 0
