3057.6237560900863 3029.146335036937 3325.095412029491 3016.9074542146254 3276.102564102564 1946.2051282051282 3008.63090816316 1958.44400902744 box 0
2769.3478352363245 3033.6729649997665 3038.9663412148375 3022.9871475563673 2996.8825717155796 1961.153261806874 2727.2640657370666 1971.839079250273 box 0
1049.1973883795372 3033.3149949958383 1313.5479361331097 3022.8428868249252 1273.5384615384614 2012.8717948717951 1009.1879137848888 2023.3439030427082 box 0
1338.0678077286864 3049.919912859779 1616.2722660205038 3036.7841760550264 1568.1534977370118 2017.6669340640485 1289.9490394451943 2030.8026708688005 box 0
762.4357137402487 3027.774378879626 1024.0688137737786 3018.5606313160843 988.923076923077 2020.5641025641025 727.2899768895471 2029.7778501276443 box 0
2477.6996282418295 3037.560945057604 2750.9191280467185 3027.166051922404 2710.713212792106 1970.3932778122692 2437.493712987217 1980.7881709474684 box 0
1626.9865450252325 3055.2315882245434 1903.0005911822689 3042.8216460749513 1856.9274129520625 2018.091297670232 1580.9133667950261 2030.5012398198232 box 0
1914.5248618538767 3034.555875189256 2173.7528835162593 3024.116520799411 2132.5128205128203 2000.0512820512822 1873.2847988504375 2010.4906364411277 box 0
2188.2756989519544 3052.016232594058 2467.5761142298657 3040.8758269046534 2425.300612540965 1980.9893643297708 2146.000197263054 1992.1297700191749 box 0
492.1259507368149 3040.3783564949936 762.4877849560355 3027.7012612465105 715.4303690721449 2024.117315349488 445.0685348529243 2036.7944105979714 box 0
