2400.21257768288 3037.4240212041814 2418.181818181818 1889.5909090909088 2228.730222449694 1886.6250586979452 2210.7609819507556 3034.4581708112173 box 0
2594.1450026083835 3034.6806403427713 2606.818181818182 1880.5 2419.014929246752 1878.4378754132335 2406.3417500369537 3032.6185157560044 box 0
2210.9586108706267 3039.7859477254847 2221.590909090909 1886.1818181818178 2036.363172596798 1884.4746497670753 2025.730874376516 3038.078779310742 box 0
2022.202014061656 3036.407389620992 2029.5454545454547 1882.7727272727273 1843.3540105140237 1881.587529018495 1836.0105700302247 3035.2221913667595 box 0
2791.30047817198 3027.325134690804 2797.7272727272725 1858.909090909091 2607.97053134983 1857.8653466034518 2601.5437367945374 3026.281390385165 box 0
1834.4054254280265 3033.1046251298267 1840.909090909091 1888.4545454545455 1647.003997502041 1887.352816738507 1640.5003320209767 3032.0028964137878 box 0
1638.965610231744 3034.466155353645 1650.0 1881.6363636363635 1467.2850643023214 1879.8874950423567 1456.2506745340656 3032.7172867596387 box 0
1264.1500980976439 3037.9333553705437 1267.0454545454545 1871.4090909090908 1079.7105828138403 1870.944118816103 1076.8152263660297 3037.468383277556 box 0
1454.7316048712223 3049.26096060928 1462.5 1883.9090909090905 1273.3517971029348 1882.6482030895343 1265.5834019741571 3048.000072789724 box 0
1074.5284207563413 3027.3705747288172 1073.8636363636363 1838.4545454545455 904.3872209547609 1838.549308476594 905.052005347466 3027.465337750865 box 0
