1699.7478638907528 3041.452511417736 1855.3863832633165 3039.411806838671 1844.3181818181818 2195.272727272727 1688.6796624456176 2197.313431851792 box 0
1388.2515632248583 3038.00485440698 1542.0543425630378 3035.563333097247 1528.8027793381796 2200.7857514175384 1375.0 2203.2272727272725 box 0
2187.2567398025144 3062.290698782468 2345.5718584338283 3059.1370869383345 2328.409090909091 2197.545454545454 2170.093972277777 2200.699066389587 box 0
2343.3122918892504 3032.638898697944 2504.9859310526854 3031.0059900604997 2496.590909090909 2199.8181818181815 2334.9172699274745 2201.451090455626 box 0
1548.956146338149 3040.789507718203 1700.5580830040515 3038.2332665661734 1686.3636363636363 2196.4090909090905 1534.7616996977338 2198.9653320611196 box 0
2018.4720184917112 3031.9279319817033 2179.995703342745 3029.8357351398045 2169.318181818182 2205.4999999999995 2007.7944969671485 2207.5921968418975 box 0
2499.5539824224575 3033.4651997906067 2656.592808076244 3033.12109210575 2654.766098381059 2199.4740741333244 2497.7272727272725 2199.8181818181815 box 0
1220.3196736145355 3035.333385245163 1382.8616279979901 3032.750796142217 1369.7760345389293 2209.174977334183 1207.2340801554747 2211.757566437129 box 0
1858.6089365008336 3037.8497105889637 2016.686916178752 3035.1293073082124 2002.2727272727273 2197.545454545454 1844.1947475948089 2200.265857826206 box 0
2823.3197790743975 3043.998130672657 2821.590909090909 2199.8181818181815 2660.122627252163 2200.148866841126 2661.8514972356515 3044.3288156956014 box 0
