0.8297872340427661 2070.127659574468 69.97872340425553 1883.9574468085107 996.5744680851064 2579.702127659574 888.0638297872341 2725.446808510638 box 0
66.78723404255341 1853.1063829787233 172.10638297872362 1709.4893617021276 1095.5106382978724 2403.106382978723 982.7446808510639 2550.978723404255 box 0
173.17021276595764 1694.595744680851 283.80851063829806 1547.7872340425529 1206.148936170213 2237.148936170213 1100.8297872340427 2377.574468085106 box 0
291.2553191489364 1536.0851063829784 400.8297872340427 1391.404255319149 1326.3617021276596 2079.702127659574 1215.7234042553193 2224.382978723404 box 0
415.72340425531934 1375.4468085106382 518.9148936170214 1236.0851063829787 1447.6382978723404 1909.4893617021276 1332.744680851064 2060.553191489362 box 0
521.0425531914894 1216.936170212766 624.2340425531916 1064.8085106382978 1559.340425531915 1744.5957446808513 1445.5106382978724 1899.914893617021 box 0
638.0638297872341 1052.0425531914893 744.4468085106384 908.4255319148937 1687.0 1585.0212765957447 1571.0425531914893 1735.021276595745 box 0
748.7021276595746 898.8510638297872 863.5957446808512 747.7872340425532 1805.0851063829787 1415.8723404255318 1688.063829787234 1575.4468085106382 box 0
863.5957446808512 732.8936170212766 971.0425531914894 589.2765957446809 1921.0425531914893 1262.6808510638298 1806.148936170213 1405.2340425531916 box 0
976.3617021276597 572.2553191489362 1077.4255319148938 423.3191489361702 2019.9787234042553 1092.468085106383 1917.8510638297873 1244.595744680851 box 0
