2077.45636569044 1036.6046561790636 2143.663093336738 409.53179813118 1620.0562342546282 354.24907257852163 1553.849506608331 981.3219306264058 box 0
2621.49056929189 1071.590647146034 2686.450204397921 449.1552828473141 2160.694458784282 394.2854869634632 2095.734823678251 1016.720851262183 box 0
1540.4159115842772 973.5902792095475 1608.4879207836673 353.2388217721718 1089.5775084444094 296.2980764270491 1021.5054992450192 916.6495338644249 box 0
3171.805265385589 1103.1180549142434 3237.733751499004 475.8685123502174 2704.8981495314038 419.86361764522246 2638.969663417988 1047.1131602092482 box 0
3713.050741123889 1176.4046334201257 3783.4859241592367 553.0762658049257 3259.740045728266 493.89375666863674 3189.304862692918 1117.2221242838368 box 0
2066.5827190247082 2948.589561768535 2130.056733275835 2214.3957290684625 1472.72058336272 2157.56637108554 1409.2465691115929 2891.7602037856127 box 0
987.5468445002011 946.0371920601843 1059.020227669289 326.698914241394 571.2408194335237 270.40779548540723 499.7674362644361 889.7460733041975 box 0
2332.592339486675 2316.863000185227 2489.871040922485 1496.632376471391 1760.9463667206005 1356.8615328958274 1603.6676652847902 2177.092156609664 box 0
2744.9726393813708 3000.640292091381 2790.424242424242 2269.333333333333 2146.1212638924476 2229.2891318268958 2100.6696608495754 2960.5960905849433 box 0
1387.3939393939395 2854.181818181818 1388.8255141699121 2145.11993667262 743.930877699328 2143.8179136492327 742.4993029233551 2852.8797951584306 box 0
4236.328313549959 2421.0266918403563 4253.556015701226 1551.181948446259 3718.514872637786 1540.5851959552288 3701.287170486519 2410.429939349326 box 0
