475.41463414634154 165.56097560975607 970.5365853658539 165.56097560975607 970.5365853658539 658.2439024390243 475.41463414634154 658.2439024390243 box 0
994.9268292682926 148.48780487804876 1480.292682926829 148.48780487804876 1480.292682926829 668.0 994.9268292682926 668.0 box 0
480.95238095238096 680.6984126984128 960.3174603174604 680.6984126984128 960.3174603174604 1177.5238095238096 480.95238095238096 1177.5238095238096 box 0
1004.7619047619047 679.1111111111112 1487.3015873015872 679.1111111111112 1487.3015873015872 1187.047619047619 1004.7619047619047 1187.047619047619 box 0
455.55555555555554 1202.920634920635 953.968253968254 1202.920634920635 953.968253968254 1702.920634920635 455.55555555555554 1702.920634920635 box 0
987.3015873015873 1206.095238095238 1488.888888888889 1206.095238095238 1488.888888888889 1710.857142857143 987.3015873015873 1710.857142857143 box 0
463.4920634920635 1715.6190476190477 963.4920634920635 1715.6190476190477 963.4920634920635 2209.2698412698414 463.4920634920635 2209.2698412698414 box 0
992.063492063492 1726.7301587301588 1496.8253968253969 1726.7301587301588 1496.8253968253969 2220.3809523809523 992.063492063492 2220.3809523809523 box 0
495.23809523809524 2237.84126984127 979.3650793650794 2237.84126984127 979.3650793650794 2736.253968253968 495.23809523809524 2736.253968253968 box 0
983.8782301471056 2238.379399557398 1494.400159363886 2233.2740100844467 1499.4108181056693 2734.32318195562 988.8888888888889 2739.4285714285716 box 0
