-9.463995659932209 909.524399510223 715.7292614350235 886.6611832875776 707.7038896685688 632.106205805939 -17.489367426387105 654.9694220285844 box 0
-0.8205128205127039 1682.102564102564 747.2841899501462 1651.6518782879998 737.6926738039351 1416.0099495847292 -10.412028966723746 1446.460635399293 box 0
-5.903869528200859 1448.004458463963 740.2051282051283 1423.128205128205 731.2243041090923 1153.767961257358 -14.884693624236775 1178.6442145931157 box 0
-0.5291391085336272 646.5043892730093 708.8422374458584 626.2155363148202 701.1852248858163 358.49879790655615 -8.18615166857569 378.78765086474533 box 0
12.217589930527481 2763.0910858995826 788.1448469829668 2727.496177556371 776.2938745698998 2469.158877479323 0.3666175174603836 2504.7537858225346 box 0
-3.3781867816638282 2234.965952407539 778.034066797688 2207.3722437391875 768.6788063471872 1942.4453635104298 -12.733447232164565 1970.0390721787808 box 0
-5.9487179487177855 2507.74358974359 769.6216087893301 2485.3237479759614 761.7683679919949 2213.6563297011244 -13.801958746053044 2236.076171468752 box 0
-3.3892815435851715 1170.9992978533862 722.2564102564103 1148.7692307692307 714.5518331241382 897.2723197608594 -11.093858675857291 919.5023868450153 box 0
11.291587982656097 1971.9638993044505 755.7962363739076 1935.537765695805 742.7692307692308 1669.282051282051 -1.7354176220207054 1705.7081848906969 box 0
-8.01377143034398 3027.253761291791 809.0846435441058 2991.9586278061465 797.6921497262424 2728.2172073361385 -19.40626524820749 2763.512340821783 box 0
