558.7055608805088 2255.661962991796 591.1139240506329 1430.974683544304 386.54885176042467 1422.9357343329793 354.14048859030055 2247.6230137804714 box 0
960.4153867687356 3048.2308777642925 996.8503937007873 2280.2047244094488 792.5313455279363 2270.5118696752575 756.0963385958846 3038.5380230301016 box 0
743.0988186664824 3043.093129260466 777.9527559055118 2269.181102362205 581.8158061480556 2260.347869773096 546.961868909026 3034.2598966713567 box 0
779.5275590551181 2257.3700787401576 805.6436388696218 1436.0393163143426 600.5901998607104 1429.5191758004541 574.4741200462065 2250.84993822627 box 0
537.7985424361368 3038.5222987071884 559.5715419391817 2267.23427984647 349.6062992125984 2261.3070866141734 327.83329970955356 3032.5951054748916 box 0
1001.1225051995456 2264.6407813792543 1023.6220472440946 1442.4094488188975 820.4632700199134 1436.8502110851068 797.9637279753643 2259.081543645463 box 0
1177.3177001512147 3056.1681925008256 1219.7284789486089 2292.1641354595977 1013.4074727026305 2280.711009685579 970.9966939052366 3044.7150667268074 box 0
313.11978775152767 3066.2230317448216 331.39852346420673 2264.0233151770785 124.46167971518888 2259.3081005017507 106.18294400250973 3061.5078170694937 box 0
335.06578986899166 2253.743864192498 377.6201809246314 1431.3593642549276 170.74298944851114 1420.654477541674 128.1885983928715 2243.0389774792447 box 0
1219.2134177313483 2270.1410605797214 1243.3070866141732 1455.7952755905512 1042.1562508767788 1449.8439196418929 1018.0625819939542 2264.1897046310633 box 0
