326.12864211381464 -3.264636994665352 624.008848530775 5.674451085184795 585.9361702127661 1274.3829787234042 288.05596379580567 1265.443890643554 box 0
634.2688279124171 -4.309106518239105 928.194935119078 4.51132298559321 889.8245710905184 1283.139730606438 595.8984638838575 1274.3193011026056 box 0
1194.5250009510512 1282.4785340463686 904.1575522063962 1276.670410634369 929.6877650063958 0.32997659192926676 1220.0552137510508 6.138100003929026 box 0
1502.9819194084268 1284.6588496670067 1207.2963855219284 1278.74435036834 1232.9329742085947 -2.9141688159429577 1528.6185080950931 3.000330482723711 box 0
1805.407346362299 1288.9245936457442 1508.6581954474318 1282.9888191697441 1534.337334488765 -0.7969340712760413 1831.0864854036322 5.138840404723851 box 0
2112.8219229686397 1291.0838468479144 1812.8819209686658 1285.0842468399146 1838.624885541999 -1.8923574862120631 2138.564887541973 4.107242521787839 box 0
2418.1095846565404 1296.36012629112 2122.424050770042 1290.4456269924535 2148.230840875375 0.27817158122059027 2443.9163747618736 6.192670879887032 box 0
2721.2589491813064 1298.4448099931906 2429.8278834082826 1292.6154114038577 2455.719774222949 -1.8065121208500161 2747.150839995973 4.02288646848308 box 0
3029.7372491954484 1302.7423603584953 2734.0517153089495 1296.827861059829 2760.0074316556156 -0.784913549984708 3055.6929655421145 5.129585748681734 box 0
3036.2329883444822 1295.4028638789214 3336.1729903444557 1301.4024638869214 3362.0223308044547 9.107774418951294 3062.082328804481 3.1081744109512783 box 0
