1606.8625992069249 742.0692095412276 1607.068164346281 493.4753953627662 407.0773600111511 492.48310889846147 406.87179487179503 741.076923076923 box 0
1601.5250321708959 1011.3999713363639 1601.7567724610408 760.1157690941438 419.69230769230774 759.0256410256411 419.4605674021627 1010.3098432678611 box 0
1604.7278961290237 475.43764637967206 1604.3076923076924 228.25641025641022 406.87525538104177 230.2920246649897 407.2954592023734 477.47326078825165 box 0
435.81610125436333 1543.9949693431186 1650.4615384615386 1525.6923076923078 1646.4341677622044 1258.4182064049076 431.78873055502936 1276.7208680557185 box 0
1676.102564102564 2589.7948717948716 1674.0459026771932 2337.0001030746807 469.72172325007716 2346.79811865866 471.77838467544774 2599.5928873788507 box 0
1667.427513076931 2332.5315628441226 1664.1755392708283 2060.9057919599904 459.7264834640192 2075.3257667934536 462.97845727012225 2346.9515376775857 box 0
1658.1538461538462 1792.3589743589744 1655.6692277621107 1531.981237852267 451.269272946456 1543.47405716504 453.7538913381915 1803.8517936717471 box 0
1624.8062670333304 1273.3134140173788 1624.8205128205127 1020.5641025641025 424.8218173244093 1020.4964666685322 424.8075715372271 1273.2457781218088 box 0
471.97760827461536 2859.0448849423715 1693.6742616974464 2850.3542938328515 1691.868813099192 2596.5498652712517 470.17215967636105 2605.240456380772 box 0
1658.1538461538462 2048.769230769231 1655.410628056696 1803.3941858929918 450.52789867775004 1816.8644069981708 453.27111677490024 2062.2394518744095 box 0
