3786.809177761749 1829.4945058279382 3988.490358602183 1671.4048912741773 3234.303612155243 709.2589968270908 3032.6224313148095 867.3486113808516 box 0
3398.2581465666335 2182.643650640702 3597.4533317710084 2023.4487665739541 2829.950390725847 1063.0982416017298 2630.755205521472 1222.2931256684776 box 0
3212.358205536584 2358.623123561064 3406.8045052285215 2200.3324189546593 2633.766125365515 1250.722314823946 2439.3198256735777 1409.0130194303506 box 0
3017.9093169560674 2541.816845652706 3215.3412388099878 2379.526046356216 2441.0068634638546 1437.5236374405556 2243.5749416099343 1599.8144367370462 box 0
2815.1705680955497 2712.8747030424265 3015.6830287379285 2548.6035147628063 2240.358201588288 1602.227643759331 2039.845740945909 1766.4988320389514 box 0
3593.9450351223522 2014.144223534934 3795.703203261429 1854.7501141308887 3038.478680087608 896.2690683962181 2836.7205119485316 1055.6631778002636 box 0
3976.4925624107304 1641.7926658824708 4175.320602497038 1484.4700338229418 3414.274878385168 522.6425601764889 3215.446838298861 679.9651922360182 box 0
2603.832493181947 2875.0309452821425 2804.149821120169 2711.9879556872215 2052.3609722416363 1788.327675933677 1852.0436443034148 1951.370665528598 box 0
2408.292740341879 3046.6377393583007 2609.737447006093 2875.9753101700653 1835.0769230769229 1961.5897435897436 1633.632216412708 2132.252172777979 box 0
2177.871824552013 3185.501363974538 2366.4405292134807 3030.198832117341 1629.9487179487178 2135.948717948718 1441.3800132872498 2291.251249805914 box 0
