1384.0425531914893 56.297872340425606 2091.4893617021276 199.91489361702136 2045.2127659574467 458.42553191489367 1332.4468085106382 315.34042553191495 box 0
1332.9787234042553 332.3617021276596 2044.1489361702127 470.6595744680851 1995.2127659574467 731.8297872340426 1281.3829787234042 593.531914893617 box 0
1279.255319148936 606.2978723404256 1994.6808510638298 744.063829787234 1944.1489361702127 1002.0425531914892 1229.255319148936 863.7446808510639 box 0
1225.5319148936169 877.0425531914893 1940.4255319148936 1012.6808510638299 1890.4255319148936 1274.3829787234042 1180.3191489361702 1136.6170212765958 box 0
1173.404255319149 1149.3829787234042 1892.5531914893616 1283.4255319148936 1837.2340425531913 1545.127659574468 1123.404255319149 1409.4893617021276 box 0
1119.6808510638298 1416.936170212766 1833.5106382978722 1554.7021276595744 1786.1702127659573 1816.4042553191487 1071.276595744681 1678.6382978723407 box 0
1065.9574468085107 1686.0851063829787 1783.5106382978722 1822.2553191489362 1733.5106382978722 2083.4255319148933 1018.6170212765957 1945.127659574468 box 0
1018.0851063829787 1956.8297872340424 1730.851063829787 2091.936170212766 1680.3191489361702 2353.6382978723404 967.0212765957447 2215.872340425532 box 0
966.4893617021276 2222.7872340425533 1677.659574468085 2361.0851063829787 1627.659574468085 2620.659574468085 919.1489361702127 2484.4893617021276 box 0
909.0425531914893 2491.404255319149 1625.0 2628.6382978723404 1567.5531914893616 2888.7446808510635 862.7659574468084 2748.31914893617 box 0
