646.875 0.8124999999999715 876.0416666666667 3.937499999999972 885.4166666666667 1064.3541666666667 654.1666666666667 1065.3958333333333 box 0
884.5238095238095 1.1904761904761905 1107.142857142857 0.0 1115.4761904761906 1055.952380952381 895.2380952380953 1057.142857142857 box 0
1115.4761904761906 1.1904761904761905 1345.2380952380952 1.1904761904761905 1354.7619047619048 1052.3809523809525 1138.095238095238 1050.0 box 0
1350.0 4.761904761904762 1585.7142857142858 3.5714285714285716 1588.095238095238 1044.047619047619 1367.857142857143 1048.8095238095239 box 0
1590.4761904761906 1.1904761904761905 1820.2380952380954 4.761904761904762 1835.7142857142858 1042.857142857143 1609.5238095238096 1046.4285714285716 box 0
1828.5714285714287 0.0 2055.952380952381 3.5714285714285716 2063.095238095238 1040.4761904761906 1845.2380952380954 1046.4285714285716 box 0
2063.095238095238 1.1904761904761905 2290.4761904761904 3.5714285714285716 2307.1428571428573 1052.3809523809525 2083.3333333333335 1053.5714285714287 box 0
2297.6190476190477 1.1904761904761905 2526.190476190476 3.5714285714285716 2533.875 1039.5833333333335 2321.4285714285716 1042.857142857143 box 0
2533.3333333333335 5.952380952380953 2759.5238095238096 8.333333333333334 2767.2083333333335 1043.75 2563.095238095238 1041.6666666666667 box 0
2764.285714285714 2.380952380952381 3001.190476190476 4.761904761904762 3008.3333333333335 1048.8095238095239 2773.4583333333335 1041.6666666666667 box 0
