2539.215189873418 2958.8227848101264 2705.860860272572 2835.800009875563 2246.247257912249 2213.211087372014 2079.601587513095 2336.2338623065775 box 0
3734.6413741056754 2072.135235587375 3912.1706664667213 1945.8994312670688 3459.641691690223 1309.4940223777123 3282.112399329177 1435.7298266980185 box 0
3041.692117326501 2584.789408074883 3219.2445173108554 2455.203475068145 2761.6949432203737 1828.2911003479685 2584.1425432360193 1957.8770333547063 box 0
3396.132170353048 2318.799470696639 3565.29674900698 2195.514604446613 3109.2382710155757 1569.7367404019828 2940.0736923616446 1693.021606652009 box 0
3226.489269330649 2443.8781350573026 3393.7855158811376 2318.903066880511 2927.038426779517 1694.0981579157276 2759.7421802290287 1819.073226092519 box 0
2710.1012658227846 2834.139240506329 2870.5220639757354 2717.2088808044296 2412.0304705347894 2088.18843176343 2251.609672381839 2205.1187914653297 box 0
2872.126582278481 2710.0886075949365 3042.8201962369553 2585.0530362247014 2583.5480801690214 1958.072918304007 2412.8544662105473 2083.1084896742427 box 0
2153.3112571551333 3167.607392623662 2322.4541231039198 3042.4453292265757 1907.0922330373946 2481.129075843421 1737.9493670886075 2606.2911392405063 box 0
3566.9726030527486 2195.617703779039 3740.3822251366887 2071.4390167136094 3284.5273526967626 1434.859398882094 3111.1177306128225 1559.0380859475235 box 0
2368.098387676868 3083.597059219645 2531.924839330198 2961.063008306384 2076.4593630457352 2352.1115187069922 1912.632911392405 2474.645569620253 box 0
