1726.760563380282 2284.5070422535214 1786.6460281787593 1559.960980857237 1154.8293088028324 1507.7398179482 1094.943844004355 2232.285879344484 box 0
2441.2790747605163 2335.108872177706 2461.024601787685 1598.1642708033319 1813.8156441725894 1580.8231003259561 1794.0701171454205 2317.7677017003302 box 0
1061.9718309859156 2253.5211267605637 1143.4398809504175 1533.6911094713205 517.0460520986405 1462.7978672882195 435.57800213413884 2182.6278845774627 box 0
1424.923527294506 1422.0913668113365 1462.8023721690008 794.9211710530337 945.2825556217538 763.6648183388099 907.403710747259 1390.8350140971127 box 0
1961.3558050514027 1460.5059912791573 2000.043376791334 827.3147688839933 1478.4812154411509 795.4476601490653 1439.7936437012197 1428.6388825442293 box 0
1976.657300167179 806.1600934313042 2026.060897843578 180.51449713646946 1503.579075260067 139.25714327829053 1454.175477583668 764.9027395731252 box 0
2514.5877909170495 837.408533765584 2562.1630377962356 215.72896999603148 2039.9729283822674 175.7673485738935 1992.397681503081 797.4469123434461 box 0
2500.1512960913115 1520.9154219687143 2538.5760904218823 881.3824565612758 2008.321321248776 849.5233788430533 1969.896526918205 1489.0563442504917 box 0
1420.0 756.769230769231 1474.6283430087472 142.33785465892 966.5606888273236 97.16618022397165 911.9323458185764 711.5975563342824 box 0
896.6829513411002 1374.8675684860339 933.5530331890351 755.7930885262442 427.74499207931 725.6687909194836 390.87491023137517 1344.7432708792733 box 0
3247.06753581611 2302.3504026968208 3313.927662641678 1415.1810078853837 2773.3522830620636 1374.441394178179 2706.4921562364957 2261.610788989616 box 0
3807.0251284435517 2326.0116155372452 3861.459169614972 1436.7357730251783 3318.4037274524444 1403.4944536461044 3263.969686281024 2292.7702961581713 box 0
401.77733436753476 2197.564537089131 483.6867889524049 1463.8724797622522 -10.38183271227851 1408.7146094760499 -92.2912872971488 2142.4066668029295 box 0
