3091.5454545454545 378.57142857142856 2596.7402597402597 417.53246753246754 2615.5714285714284 921.4285714285714 3120.7662337662337 893.5064935064935 box 0
3616.220779220779 373.37662337662334 3635.7012987012986 875.3246753246754 3122.0649350649346 885.0649350649351 3118.168831168831 368.83116883116884 box 0
3124.0129870129867 900.0 3148.6883116883114 1406.4935064935064 2641.5454545454545 1431.8181818181818 2614.9220779220777 927.9220779220778 box 0
3149.337662337662 901.2987012987013 3169.4675324675322 1401.948051948052 3668.8181818181815 1376.6233766233765 3654.5324675324673 883.7662337662338 box 0
3665.5714285714284 1400.6493506493507 3159.077922077922 1420.1298701298701 3177.25974025974 1925.9740259740256 3679.207792207792 1901.2987012987014 box 0
3138.298701298701 1418.8311688311687 3161.6753246753246 1924.6753246753246 2659.077922077922 1946.7532467532467 2632.454545454545 1443.5064935064934 box 0
3166.8701298701294 1931.8181818181818 2664.272727272727 1962.987012987013 2690.246753246753 2464.285714285714 3196.7402597402593 2440.2597402597403 box 0
3688.9480519480517 1912.3376623376623 3182.454545454545 1938.9610389610389 3216.8701298701294 2449.3506493506493 3714.9220779220777 2414.285714285714 box 0
3716.8701298701294 2420.779220779221 3740.896103896104 2922.7272727272725 3236.3506493506493 2966.2337662337663 3219.4675324675322 2459.090909090909 box 0
3208.428571428571 2462.337662337662 3230.5064935064934 2959.090909090909 2735.051948051948 2971.4285714285716 2708.428571428571 2471.4285714285716 box 0
