2614.5524357274517 661.059806275498 2634.318787363165 10.962033498411927 2354.690143923427 2.459869170058539 2334.9237922877137 652.5576419471447 box 0
2329.983769713495 645.7237641046694 2347.2495768967688 12.139573351850345 2069.197771729376 4.562381677801341 2051.9319645461023 638.1465724306204 box 0
2902.309449959857 669.2012978084866 2921.8403693653186 10.218618843883291 2641.590443991559 1.9125754825289503 2622.0595245860973 660.8952544471323 box 0
1185.4001634127758 606.346680380522 1203.9416513219403 9.598179195219586 922.932441567693 0.8669819577347654 904.3909536585282 597.6154831430372 box 0
1757.799201901174 627.4518039712966 1773.6342212845384 8.097613396350368 1490.8703842804666 0.868194579118324 1475.0353648971022 620.2223851540646 box 0
1471.7100034044483 614.456444796533 1486.4980812735866 5.977748921924103 1207.5398050977487 -0.8018749799437046 1192.7517272286104 607.6768208946652 box 0
2045.8775401600294 639.7806642264068 2061.9622865626015 11.34287060252717 1783.5898807994433 4.2179815560639895 1767.5051343968714 632.6557751799435 box 0
3190.5842321723308 679.4994481077908 3206.29791262147 7.958643615143217 2923.7965318352376 1.3482687958957627 2908.0828513860984 672.8890732885434 box 0
3761.247241230622 705.840814212626 3777.5694506153245 7.961437686840326 3496.9147369187917 1.3974021875204699 3480.592527534089 699.2767787133062 box 0
3474.343848416725 694.8839393126564 3493.256562376006 9.084940120712474 3208.7145042444076 1.2379433167380398 3189.8017902851266 687.0369425086819 box 0
