2247.142857142857 1875.7142857142858 2340.442779293042 1159.4745213252331 1707.2984207684904 1076.9989003150574 1613.9984986183056 1793.2386647041096 box 0
2944.285714285714 1938.5714285714284 3009.445558806414 1213.6040668315438 2360.3115451672966 1155.260100421372 2295.151700646597 1880.2274621612569 box 0
1580.0 1791.4285714285713 1654.2850487903722 1082.9859374041162 1021.5742560826784 1016.6418894189071 947.2892072923058 1725.0845234433623 box 0
1785.933762920692 1057.931898255326 1853.4837406668871 430.38625219492593 1333.3500806919785 374.39826570036263 1265.800102945784 1001.9439117607626 box 0
3657.5005098680404 1978.0580429021766 3713.699120576549 1248.9266034425941 3079.5825773196348 1200.0513707620046 3023.383966611126 1929.1828102215873 box 0
738.2824508875772 894.3783282622126 802.5559530660666 202.3084761123423 160.5885335985942 142.68805744291785 96.31503142010452 834.7579095927881 box 0
1263.415264003659 943.0963305803378 1322.9201290777928 310.720357221459 808.9947266884797 262.36136982205795 749.489861614346 894.7373431809368 box 0
932.9495030932904 1692.4231125097556 1030.2206896654975 978.5950289425014 402.23766609071333 893.0216881668629 304.96647951850616 1606.849771734117 box 0
1602.1730731380067 2452.261052566394 1684.0645223697347 1915.28706504424 826.1771635174423 1784.454583906417 744.2857142857141 2321.428571428571 box 0
2331.029650306869 1108.6929901625133 2389.0837146091467 488.8850951530083 1857.215542793107 439.0678706620718 1799.1614784908293 1058.8757656715768 box 0
3443.50245683194 1176.689861349524 3481.1527985284856 542.865438398904 2947.2618626696644 511.1513304599938 2909.6115209731192 1144.9757534106138 box 0
2876.8470401617574 1166.430052971015 2935.699433997114 538.7718084497382 2399.7734228552977 488.52069018650815 2340.921029019941 1116.178934707785 box 0
729.9999999999998 2334.285714285714 818.8843074410573 1707.3240786674646 116.84993708696385 1607.7967148484493 27.965629645906272 2234.758350466699 box 0
3980.7698457840015 1209.701407179463 4011.275638277765 593.4731219972979 3486.4970819896093 567.4944609584413 3455.9912894958456 1183.7227461406067 box 0
3965.147976620073 2967.898845293766 4024.5663719164327 2070.617007855753 3499.268039004927 2035.831522748226 3439.8496437085673 2933.113360186239 box 0
2851.4285714285716 2668.5714285714284 2929.5810809499153 2178.222192160588 2026.8954638941138 2034.350965199757 1948.7429543727692 2524.7002016105976 box 0
