1486.1023874360155 676.3166355713339 1485.4924453830292 -16.284953230997417 1226.198625747578 -16.056605206343647 1226.8085678005643 676.5449835959877 box 0
2024.8936168198734 644.141641950303 2280.595546128917 640.3703544381076 2271.058794831738 -6.243221997910389 2015.3568655226948 -2.4719344857149887 box 0
435.97791538325043 682.8538123782316 434.1855819712114 -3.7551388101395555 178.1421535483291 -3.086759537045168 179.93448696036822 683.522191651326 box 0
957.7007913912394 669.4440615734379 957.3243921099213 -3.9579627867887552 704.0604375516316 -3.8164004406255008 704.4368368329497 669.5856239196012 box 0
2803.7966692871837 657.6425402996169 2805.1008897016404 7.741557654270138 2543.342159753344 7.216260588444641 2542.037939338887 657.1172432337914 box 0
694.3487366479058 685.2948301736419 693.4224055004379 -4.605848458876608 439.29875747746036 -4.264636081845083 440.2250886249282 685.6360425506734 box 0
2285.2772916100785 637.2054612176275 2539.349012686712 633.5429802937845 2530.176353714628 -2.7779454247809325 2276.1046326379947 0.8845354990621899 box 0
1223.0576337955165 661.2699078194498 1220.3796202760457 -14.762475203533484 960.0186635830233 -13.731089460074884 962.6966771024942 662.3012935629085 box 0
2017.3490305058883 660.1710037048462 2016.441559653009 -10.91011624363 1752.196028698213 -10.552789669812 1753.1034995510927 660.5283302786642 box 0
1489.7523490116678 648.7697532757368 1745.7585340098858 647.3585832679526 1742.1270333125508 -11.446971140726948 1486.1208483143328 -10.035801132942805 box 0
