1.7341516769697496 2817.2665738253104 378.66666666666686 2787.230769230769 360.922999759196 2564.5576934514697 -16.00951523050105 2594.5934980460106 box 0
1.1035268967186767 2581.684604644623 345.3333333333338 2556.4615384615386 327.1976992951294 2308.956903249379 -17.032107141485994 2334.179969432463 box 0
-11.889871724237883 2316.306841225479 332.51282051282067 2300.051282051282 319.5801189618109 2026.0491893311287 -24.822573275247635 2042.3047485053248 box 0
4.287871582588805 2032.0989288953392 325.0769230769232 2007.7435897435898 306.3698489993068 1761.3489691553675 -14.419202495027605 1785.7043083071173 box 0
0.5111106862965998 1494.7567365015686 268.41025641025647 1474.4102564102564 249.83488390763276 1229.831026851919 -18.064261816327132 1250.1775069432315 box 0
2.458796348980155 1759.1995298096401 299.1794871794874 1735.948717948718 280.29862139904424 1494.9961193314148 -16.422069431463 1518.2469311923367 box 0
-1.1728875369920435 970.6474524260542 235.0769230769232 948.7692307692307 212.39937749621933 703.8879998964846 -23.85043311769593 725.7662215533081 box 0
-9.882848795329878 727.9361354504758 207.90125573792153 726.5388829287615 206.13173995820216 450.73160861385514 -11.65236457504922 452.12886113556937 box 0
-2.172418938907038 1237.5167487604003 237.64102564102575 1223.128205128205 222.0050749135096 962.5242622206273 -17.808369666423218 976.9128058528223 box 0
9.88000854185509 3080.0137551701423 409.7862014817581 3041.6417851449582 386.35897435897436 2797.487179487179 -13.547218580928643 2835.859149512363 box 0
