3234.5191396839937 1641.1245399051807 3262.8405133678116 134.5059856907278 2964.1461297862206 128.8911369747018 2935.8247561024027 1635.5096911891549 box 0
2926.8370899573183 1640.5411479817676 2959.508967704627 125.53384892292218 2660.6351329430718 119.08848763834942 2627.963255195763 1634.0957866971949 box 0
2622.8010896566484 1631.742736254695 2651.5950701093125 120.66480172330023 2352.524830448332 114.96594103717518 2323.730849995668 1626.0438755685702 box 0
1111.876379434554 1629.030264538605 1124.0266776160793 89.45159045034029 828.1878894405679 87.11684163204927 816.0375912590428 1626.695515720314 box 0
806.6551700131927 1637.1487098263867 833.653846685876 76.75282847785274 524.1290886385407 71.39729084500004 497.13041196585743 1631.793172193534 box 0
3543.3365246763337 1650.759145608744 3565.3839750098 138.87313822465376 3266.2493227968102 134.51093343178331 3244.201872463344 1646.3969408158734 box 0
2050.933186592727 1633.7187238952413 2048.609340105959 101.50654799705467 1708.7876538613746 102.02194230348891 1711.1115003481427 1634.2341182016758 box 0
1415.7552146281098 1641.877183324384 1428.9594259325906 95.25843618774822 1119.5252731953763 92.61665136189526 1106.3210618908954 1639.2353984985311 box 0
2326.170148293564 1637.1712019469926 2341.0086942777907 123.69064549157588 2040.5972276524808 120.74533552859316 2025.7586816682542 1634.22589198401 box 0
1720.712885021417 1651.5450145906877 1740.6112410469361 177.09368789496398 1422.6326334722355 172.8024295621442 1402.7342774467163 1647.2537562578682 box 0
