1653.1784759568868 748.8965063312356 1661.1871121949803 485.789072060437 851.0215991926493 461.12872407647916 843.0129629545556 724.2361583472779 box 0
1632.5128205128203 1020.5641025641025 1641.0189475920934 766.5611265264829 843.3293182271566 739.8478593709375 834.8231911478833 993.8508354085569 box 0
3269.080265059847 800.8731561491325 3278.969542034939 535.4476701879091 2473.967671951871 505.45474607254715 2464.0783949767792 770.8802320337703 box 0
832.1145947034964 1000.4360389026051 839.6077834109959 743.1627419589556 36.72731909197478 719.778524085676 29.234130384475296 977.0518210293254 box 0
844.5839731751297 723.872147031999 847.64582020418 458.9282125404129 38.13455366508031 449.57302699449014 35.07270663602987 714.5169614860763 box 0
4025.124606148151 829.034477414171 4036.8822617756737 566.2170010324779 3285.744305595013 532.6133703336317 3273.9866499674904 795.4308467153248 box 0
4031.339057231433 1096.7871468595765 4043.325435753885 840.7097128340647 3276.414502644056 804.8124274202087 3264.4281241216036 1060.8898614457205 box 0
3263.3069306833463 1069.6743031102149 3271.174930821346 809.671060277907 2458.295427562503 785.0723822993308 2450.427427424503 1045.0756251316386 box 0
2453.5622101533104 1040.2586662906049 2459.6595973355516 790.8268872499536 1653.9948230796774 771.1323235234513 1647.897435897436 1020.5641025641025 box 0
2455.4766993297076 758.9851111270867 2462.74705878952 507.3686256669017 1655.108438609745 484.03222514610644 1647.8380791499326 735.6487106062915 box 0
