1947.8423448418757 1171.067573076038 1996.630676551844 545.3117924597391 1478.1456022406437 504.8870411817745 1429.3572705306751 1130.6428217980733 box 0
1094.718028650589 1921.3101905244562 1106.3140925194125 1198.6375196928925 469.29351233451837 1188.415836167654 457.69744846569483 1911.088506999218 box 0
2138.421995134946 2951.894097917769 2777.2712093843984 2902.693008724563 2720.523772839908 2165.858604413774 2081.6745585904555 2215.0596936069805 box 0
2493.2504261820472 1189.9376327119012 2544.4104619325267 554.9467671071783 2017.6725004776304 512.508466969579 1966.5124647271512 1147.4993325743021 box 0
1418.3353247115463 1119.578572700146 1465.08666877576 499.7298034970258 950.9163003494888 460.94912505376027 904.1649562852753 1080.7978942568805 box 0
1750.6760367480515 2016.0912530463086 1783.1935122887453 1302.4513217418478 1136.2319123181105 1272.9720884759083 1103.7144367774167 1986.6120197803689 box 0
2434.9334393810095 2002.9186291432532 2447.745977980616 1273.9630714101377 1788.0467765069204 1262.3678220244328 1775.2342379073139 1991.3233797575488 box 0
1425.450980392157 2874.2352941176473 2079.2747514165835 2856.7257319798496 2059.868562208354 2132.080094956845 1406.0447911839271 2149.589657094643 box 0
3043.2504088853175 1225.7405594626075 3092.6179984747455 585.4357169901759 2559.1310211683926 544.3037991910405 2509.763431578965 1184.608641663472 box 0
887.4232917609278 1107.980968746002 937.1845978059524 484.05495483671154 427.90559160088867 443.4373368417667 378.14428555586414 1067.3633507510572 box 0
3095.134790689169 2014.9964750216832 3109.2399848236 1293.6473052105198 2462.377161520303 1280.9986101223599 2448.271967385873 2002.3477799335233 box 0
3593.5781236046605 1239.0433760699584 3648.5416274912627 614.8253595492104 3122.1911511929666 568.4792662227374 3067.227647306364 1192.6972827434854 box 0
4001.1243010661688 2537.215003248024 4187.962030027866 1671.4259154872755 3665.507714386497 1558.680006350054 3478.6699854248 2424.4690941108024 box 0
