1726.4115563223972 1714.38822167458 1771.7085892136613 996.6444823982896 1139.3883255691962 956.7385518930699 1094.0912926779317 1674.48229116936 box 0
3098.260869565217 1775.5652173913043 3142.003449921796 1048.7973378060242 2490.7955272787767 1009.6025471648812 2447.0529469221983 1736.370426750161 box 0
3777.4026433556587 1827.5553188106805 3828.92812888763 1102.2462976297743 3195.003746401537 1057.2127179495287 3143.478260869565 1782.5217391304348 box 0
2567.8260869565215 2618.173913043478 3209.08272130421 2564.7782521459903 3147.9341696198476 1830.4130661127854 2506.67753527216 1883.8087270102735 box 0
2429.565217391304 1722.5217391304348 2449.4528470862383 1005.7205601740502 1801.7041227096067 987.7487889996167 1781.816493014673 1704.5499679560014 box 0
1776.5217391304343 2454.695652173913 2508.0038000734576 2381.012706331516 2443.0876413662527 1736.5622840965275 1711.6055804232296 1810.2452299389245 box 0
2180.174258736938 908.243900429303 2206.675722223495 291.5058777994616 1679.8469773012703 268.8678496012148 1653.3455138147128 885.6058722310561 box 0
2712.435237871379 927.7385886912442 2740.869565217391 306.0 2221.0808062996293 282.22820267122773 2192.6464789536167 903.9667913624718 box 0
3261.879623224281 1000.5331843647655 3290.434782608695 370.34782608695656 2758.8522499936716 346.2605892995525 2730.297090609257 976.4459475773614 box 0
1628.416473043804 891.3998897134286 1650.920537183273 272.5964043556765 1139.9819863545333 254.01507087703604 1117.4779222150642 872.818556234788 box 0
3803.903152214511 1035.796520088009 3832.173913043478 403.3913043478261 3304.7067702969916 379.8116483510441 3276.436009468025 1012.2168640912272 box 0
