3161.428571428571 2794.285714285714 3171.9682498972197 2055.445514396318 2512.609137928996 2046.039646880502 2502.069459460348 2784.8798467698984 box 0
1828.1410965182904 1961.5162187375065 1889.5976226576606 1245.2904690711616 1247.893646218526 1190.2283643923763 1186.4371200791559 1906.4541140587214 box 0
1811.3383828911283 2685.974049852996 1855.487014179396 1974.7475416171742 1224.7444430693033 1935.594865377891 1180.5958117810358 2646.8213736137127 box 0
2481.0707505035025 2787.4243452840165 2511.8770411721293 2046.8258566889535 1861.5890821511773 2019.77616621239 1830.7827914825511 2760.374654807453 box 0
2480.0 2022.8571428571427 2558.1872380056457 1296.8680299078396 1915.9417816469004 1227.6997773008989 1837.7545436412545 1953.688890250202 box 0
1762.8571428571424 1194.2857142857142 1825.1014581751122 579.9920631346109 1302.4586009910454 527.0344153707285 1240.2142856730761 1141.3280665218317 box 0
2320.395870147846 1215.7324601140076 2359.4325987167076 592.5841820584717 1832.7183552397269 559.5885024104064 1793.6816266708656 1182.7367804659423 box 0
3431.9461126531955 1292.7654261750736 3468.8374713262715 674.2548263364495 2938.253250074378 642.607878300983 2901.361891401302 1261.118478139607 box 0
2859.9999999999995 1238.5714285714284 2883.206609833427 616.8838097829846 2354.804028082693 597.159381985046 2331.597418249266 1218.8470007734898 box 0
3144.2384760991577 2046.273532333815 3208.923131928614 1314.4696177688932 2571.5237416132445 1258.1294433480343 2506.839085783788 1989.9333579129568 box 0
1215.167815320641 1225.6683738813394 1266.7200219552203 617.5478160991721 751.7657702822556 573.8935971291418 700.2135636476768 1182.014154911309 box 0
