935.325638958086 3011.7065052862918 1245.198347902928 2965.005514415209 1019.3086063807397 1466.1708040007113 709.4358974358976 1512.871794871795 box 0
3343.989316723151 2581.9363142840702 3640.205068037033 2533.4326591819236 3391.710730579095 1015.8576081402462 3095.4949792652133 1064.3612632423929 box 0
1245.3333333333335 2974.4102564102564 1545.5633761627444 2929.881659454143 1319.714773690054 1407.117857572693 1019.4847308606436 1451.646454528807 box 0
3052.220443389872 2647.9999863196863 3343.7298213726076 2600.7421035690204 3093.3406230077694 1056.2209523775416 2801.8312450250337 1103.478835128207 box 0
2464.375275092356 2767.5619945920903 2751.84843912666 2718.600771440642 2490.689345116384 1185.2193271242181 2203.21618108208 1234.1805502756665 box 0
3658.9884616461973 2550.0553777117293 3957.440516665017 2500.1434969877982 3703.162104454877 979.6655352216203 3404.710049436057 1029.5774159455511 box 0
2744.4067517915264 2711.0616977385266 3046.5422265584884 2661.925466378207 2798.636632780038 1137.5701749765674 2496.501158013076 1186.7064063368864 box 0
2163.2037551968156 2820.6807237986063 2461.4984433530694 2767.4065385121953 2190.2794746506274 1248.7877692864229 1891.9847864943736 1302.0619545728343 box 0
1857.9837122797053 2874.0588896358763 2132.294952573275 2828.9375319687583 1881.230769230769 1302.6153846153845 1606.919528937199 1347.7367422825025 box 0
1555.6982497615932 2917.5095383984276 1845.3333333333335 2869.2820512820513 1591.3786733153304 1344.1314872425976 1301.7435897435898 1392.3589743589746 box 0
