640.2597402597403 1025.792207792208 354.54545454545456 1025.792207792208 354.54545454545456 1.1168831168832822 640.2597402597403 1.1168831168832822 box 0
943.051948051948 3.7142857142858796 652.142857142857 3.7142857142858796 652.142857142857 1027.0909090909092 943.051948051948 1027.0909090909092 box 0
1245.4545454545455 5.012987012987178 955.8441558441558 5.012987012987178 955.8441558441558 1018.0000000000001 1245.4545454545455 1018.0000000000001 box 0
1550.6493506493507 2.415584415584581 1264.935064935065 2.415584415584581 1264.935064935065 1015.4025974025974 1550.6493506493507 1015.4025974025974 box 0
1855.6493506493507 3.7142857142858796 1571.2337662337661 3.7142857142858796 1571.2337662337661 1011.5064935064937 1855.6493506493507 1011.5064935064937 box 0
2168.8311688311687 990.7272727272727 1864.935064935065 990.7272727272727 1864.935064935065 -0.18181818181801646 2168.8311688311687 -0.18181818181801646 box 0
2468.8311688311687 992.025974025974 2175.3246753246754 992.025974025974 2175.3246753246754 3.7142857142858796 2468.8311688311687 3.7142857142858796 box 0
2779.220779220779 988.1298701298704 2476.6233766233768 988.1298701298704 2476.6233766233768 1.1168831168832822 2779.220779220779 1.1168831168832822 box 0
3084.4155844155844 980.3376623376624 2788.311688311688 980.3376623376624 2788.311688311688 1.1168831168832822 3084.4155844155844 1.1168831168832822 box 0
3096.103896103896 977.7402597402598 3388.311688311688 977.7402597402598 3388.311688311688 -0.18181818181801646 3096.103896103896 -0.18181818181801646 box 0
