1253.7559975584293 3048.80624183476 1275.4967157991848 2189.3102435240608 1003.5021697084164 2182.4302152270075 981.7614514676609 3041.926213537707 box 0
688.2421292182441 3043.033794452905 714.9452315209526 2175.242449999522 426.7184344414239 2166.3733252980714 400.01533213871534 3034.1646697514548 box 0
975.6241669460362 3040.762151766237 997.4567100224178 2181.467907935378 712.8483836368496 2174.2367137427955 691.015840560468 3033.5309575736546 box 0
1542.3980059197938 3051.2857561450955 1560.4019972920137 2196.2719628140226 1286.8292470404112 2190.5113523143777 1268.8252556681914 3045.5251456454503 box 0
2407.3132711121007 3035.3804601056313 2415.4691882571365 2204.187168281917 2137.6923076923076 2201.4615384615386 2129.536390547272 3032.654830285253 box 0
1831.096992768034 3055.0590393991415 1845.302440282258 2196.1232105957424 1567.7158215630207 2191.53236456204 1553.5103740487966 3050.468193365439 box 0
2689.520174242665 3036.1648520013887 2699.228830425848 2207.011734552025 2422.3076923076924 2203.769230769231 2412.599036124508 3032.9223482185944 box 0
2119.8087917814655 3035.9337120438568 2128.162524323672 2192.94661122558 1853.5366153230268 2190.225156305659 1845.1828827808201 3033.2122571239356 box 0
397.06611244240344 3044.5634196361775 426.1953482623385 2156.969892872004 143.05374830207285 2147.677690769377 113.92451248213786 3035.2712175335505 box 0
2976.153846153846 3032.2307692307695 2980.8023327639994 2206.858842194792 2705.3846153846152 2205.3076923076924 2700.7361287744616 3030.67961934367 box 0
