1646.9527172115386 3049.7769437262154 1829.202783356217 2199.535388548895 1664.0070209476412 2164.125523619975 1481.7569548029628 3014.367078797296 box 0
1461.5802496635733 3072.186699649001 1663.0176021761686 2156.678222539976 1500.624136093873 2120.9471390045633 1299.1867835812777 3036.4556161135883 box 0
936.8257725952063 3076.8797036364253 1152.6565193267722 2032.880847447616 988.3354250671472 1998.9099821851075 772.5046783355812 3042.9088383739168 box 0
1109.4715790703324 3071.3678705771995 1322.062299926857 2087.2123892101863 1156.8482787177534 2051.523955289499 944.2575578612289 3035.6794366565127 box 0
413.3668277176978 3070.8680809040134 645.3242395443056 1921.8279177404843 479.60908533009274 1888.3749023418354 247.651673503485 3037.4150655053654 box 0
1290.89617410932 3054.4673192150312 1496.1904031579854 2107.328319676706 1333.080315529962 2071.9738894336506 1127.7860864812967 3019.1128889719757 box 0
586.7713502263152 3062.2073765388145 812.4482237392492 1975.3281343270287 649.296982255069 1941.4518206962925 423.620108742135 3028.3310629080784 box 0
763.1125191505213 3078.3904156824688 977.8775181033999 2007.7619585842635 815.2634465400914 1975.1420420506852 600.4984475872128 3045.770499148891 box 0
1817.971380653019 3068.6351297926312 2001.1841901712146 2237.783313113333 1838.0206763843344 2201.8037976670857 1654.8078668661387 3032.655614346384 box 0
242.1603681213486 3023.3473347899076 460.15900090505636 1889.0757188134899 298.1827441566359 1857.945077777231 80.1841113729282 2992.216693753649 box 0
