1.0073907798497281 1886.4985343672708 658.1538461538463 1864.1538461538462 651.1214181248445 1657.3335447116992 -6.025037249152035 1679.6782329251237 box 0
-0.0016221411549225187 986.2957452966863 632.5128205128207 969.2820512820512 626.7765349141595 756.0253954834785 -5.737907739816194 773.0390894981135 box 0
-14.48120848129696 2123.0701189341844 666.2965979767094 2098.3119059616224 658.1538461538463 1874.4102564102564 -22.623960304160043 1899.168469382818 box 0
-19.8586975894216 1221.4720205109509 635.0769230769232 1202.6153846153845 628.6173932649393 978.2606168797888 -26.318227401405522 997.1172527753549 box 0
-1.8776642433620288 1676.803763833863 647.8974358974359 1659.025641025641 641.743149805104 1434.0917767995109 -8.03195033569392 1451.8698996077328 box 0
1.9795340363954779 759.7752604773694 652.4357733675329 750.1641515805279 649.2631299192931 535.4474369713612 -1.193109411844432 545.0585458682026 box 0
7.423326070617804 2583.9807495088457 688.581577319778 2555.2513845830304 679.3713530942687 2336.8817741422768 -1.78689815489156 2365.611139068092 box 0
-15.425759536244811 2348.203157885273 676.1025641025643 2328.25641025641 669.6670853889448 2105.146563506109 -21.861238249864357 2125.0933111349723 box 0
-15.495648606839653 1442.295468814614 640.2051282051283 1425.6923076923076 634.527070070696 1201.4514476473694 -21.173706741271815 1218.0546087696757 box 0
-0.23547905596018381 536.9258007335433 650.9868005499284 531.4213744825612 649.1449390283417 313.5128761005631 -2.0773405775467495 319.0173023515453 box 0
