3632.6638317294196 2547.5783279925554 3630.7366349096746 2334.6976903113928 2429.7570093457944 2345.570093457944 2431.6842061655384 2558.4507311391067 box 0
3648.5664043389997 1060.9763137854372 3651.252336448598 847.4392523364485 2439.0829042210075 832.1922278705297 2436.39697211141 1045.7292893195183 box 0
3640.03738317757 2347.4392523364486 3641.723776872029 2148.19964837726 2435.7377116612247 2137.9920026303207 2434.051317966767 2337.2316065895093 box 0
3631.280024904012 1491.13975887316 3633.4953271028035 1279.214953271028 2429.1971265013003 1266.6261275117533 2426.981824302509 1478.5509331138853 box 0
3638.168224299065 2770.803738317757 3635.611929986029 2550.8231868009375 2435.8117915628345 2564.765520564004 2438.3680858758703 2784.746072080823 box 0
3632.37809320642 1278.7622669279858 3635.3644859813085 1067.0654205607475 2428.3313632551217 1050.0378877532567 2425.3449704802333 1261.7347341204954 box 0
3652.018039573907 834.367874658783 3654.056074766355 625.9439252336448 2441.2482661455247 614.084707507171 2439.210230953077 822.5086569323089 box 0
3638.1682242990655 1696.9719626168226 3639.2612658835883 1496.8321544400621 2427.981968485271 1490.2168855708194 2426.8889269007486 1690.3566937475796 box 0
3640.03738317757 2139.96261682243 3641.3701397819896 1931.6137597792904 2435.345459802602 1923.8991153116103 2434.012703198183 2132.24797235475 box 0
3640.971962616822 1922.2056074766354 3642.045287079678 1707.8969185984442 2426.1555082859672 1701.807365017825 2425.082183823111 1916.116053896016 box 0
