3340.909090909091 2553.2272727272725 3348.5365128293433 2370.2600826225766 2759.2856699738745 2345.6957615945776 2751.658248053622 2528.6629516992734 box 0
3337.5 2756.6363636363635 3346.012963226313 2569.849775086856 2750.875196452235 2542.7258473869038 2742.362233225922 2729.5124359364117 box 0
3359.4951532532355 2363.2932921488587 3367.575688078083 2172.775794426727 2781.944171188484 2147.9370477324123 2773.8636363636365 2338.454545454545 box 0
3339.7727272727275 2955.4999999999995 3346.6454832074464 2769.7065456343257 2755.1433113351386 2747.8260650974084 2748.2705554004197 2933.6195194630823 box 0
2729.857603767355 2726.575299515749 2741.4400528782617 2541.421783439277 2150.21881274727 2504.4373930144366 2138.6363636363635 2689.590909090909 box 0
2732.9545454545455 2527.090909090909 2740.9664560286656 2342.151286682746 2154.7679599248436 2316.7561341009928 2146.7560493507244 2501.6957565091557 box 0
3359.5015975784368 2162.712445271075 3368.181818181818 1974.8181818181818 2783.0662229675836 1947.7873808155134 2774.3860023642023 2135.6816442684067 box 0
2756.7144969543606 2329.454403385048 2763.981076444495 2144.50431624828 2163.8167159002437 2120.9242136348885 2156.550136410109 2305.874300771657 box 0
2760.2272727272725 2124.8181818181815 2768.2065421167204 1942.8289342254554 2165.708070529473 1916.4125515263859 2157.7288011400256 2098.4017991191117 box 0
2732.37638281014 2937.06551129618 2744.7622684217376 2741.8959020298485 2157.8404310661435 2704.64857255185 2145.4545454545455 2899.8181818181815 box 0
