349.6994123938714 1235.5977781862207 1577.976506294097 1154.687473920183 1563.517876195606 935.1949838071871 335.24078229538054 1016.105288073225 box 0
381.64174304845903 1715.267969025012 1586.3400270882312 1626.8504793080697 1570.5444378859263 1411.63379233434 365.8461538461539 1500.051282051282 box 0
353.9283225146818 1005.6721460578162 1574.5889782907366 916.2880767158572 1558.1104435833408 691.2513433220665 337.4497878072858 780.6354126640255 box 0
393.3289560245678 1942.3945472636062 1600.8743211055976 1863.4916515759899 1586.2120317476965 1639.097104312384 378.66666666666686 1718.0 box 0
409.4358974358976 2410.3076923076924 1606.5855191581256 2332.1441218518335 1592.1000244417282 2110.284956270504 394.9504027195003 2188.448526726363 box 0
435.89081901744305 2638.449399206507 1652.0178628919198 2566.358083111517 1638.6426358775766 2340.727921655309 422.51559200309987 2412.819237750299 box 0
340.2051282051283 764.1538461538461 1572.9688354717198 690.3924619926344 1559.0993706052584 458.59403357358104 326.33566333866673 532.3554177347927 box 0
373.71045928104724 1472.6979694062811 1594.0512820512822 1389.7948717948718 1579.3081668759876 1172.7749313874892 358.96734410575255 1255.6780289988985 box 0
424.82051282051304 2876.974358974359 1664.6319695541258 2800.061269291006 1650.4711692035812 2571.7942397983297 410.6597124699682 2648.7073294816832 box 0
390.03029571555396 2176.9768756945487 1626.4107628302936 2101.2127005775637 1612.8853720090556 1880.4945445935373 376.5049048943159 1956.258719710522 box 0
