1697.9632019630744 1995.4782753636207 1859.6121444039427 1745.4949741734322 557.7802703269647 903.6797622035182 396.13132788609624 1153.6630633937066 box 0
2179.375376889936 1211.4130150434976 2338.5681164654125 954.5151489902529 1025.2120571158011 140.66351083540874 866.0193175403246 397.5613768886534 box 0
1537.8980338553718 2257.1094836898274 1699.247500524991 2008.4640818854275 399.6683506508539 1165.1490589432292 238.31888398123445 1413.7944607476288 box 0
1368.475599475236 2504.882747204497 1531.4007349282795 2252.409318543404 242.87856083360185 1420.9053822205517 79.95342538055837 1673.3788108816448 box 0
2012.9618945332863 1473.4716033167897 2174.856666295325 1220.8011153437583 872.6820858744283 386.45256050156985 710.7873141123899 639.1230484746011 box 0
1856.6495376035011 1732.4320297644197 2017.6034141367606 1479.1777107832222 699.3470039919578 641.3697700097505 538.393127458698 894.6240889909477 box 0
2370.0240982588116 962.0770254271227 2524.9515805194874 711.0079650335271 1188.387371009987 -113.7472936766346 1033.4598887493112 137.32176671696115 box 0
1220.3998177093238 2777.324226204488 1380.5674530680678 2531.2339130922533 83.79487179487194 1687.2307692307693 -76.37276356387231 1933.3210823430036 box 0
1043.5611857545873 3023.267725653074 1211.6766434457104 2761.3432844298977 59.6465805875759 2021.916064935304 -108.4688771035473 2283.840506158481 box 0
2512.0909804626763 695.6193372759828 2671.067994121121 435.0551354165093 1562.289608831757 -241.439468387128 1403.3125951733123 19.124733472345696 box 0
