3004.1425402208592 2913.4028354006578 3401.8594062534107 2887.3832084597716 3338.607945008633 1920.567927233619 2940.8910789760816 1946.5875541745054 box 0
3418.567015996471 2887.069991424773 3824.0455022679134 2862.118742008089 3765.3706869454236 1908.6043547361155 3359.8922006739813 1933.555604152799 box 0
1325.803763014136 3012.5112027713394 1722.6000192519616 2984.782220336585 1656.260894960107 2035.482467882957 1259.4646387222813 2063.2114503177118 box 0
40.998903039014635 2276.5805046172864 990.5361015469911 2235.682412921048 973.471031805956 1839.480100241112 23.93383329797956 1880.37819193735 box 0
1736.0766488565419 2975.630997487522 2149.044046060207 2946.5784573267 2083.856291054347 2019.9669677529562 1670.8888938506816 2049.0195079137784 box 0
29.078910144350118 1855.856167607614 988.0203785723838 1816.5302662020333 971.7132945217875 1418.8905792185576 12.77182609375376 1458.2164806241383 box 0
61.15626145331055 2693.958562408718 1012.1528117405638 2649.821393585364 993.5869260695775 2249.793623412815 42.59037578232426 2293.930792236169 box 0
19.40699886119762 1436.895389460996 966.3605185126568 1396.90281923707 949.5293130513389 998.3695626264066 2.5757933998797853 1038.3621328503325 box 0
2598.418959384049 2950.0639157999017 2995.2415090078143 2922.247529934332 2926.6510540436852 1943.750921846583 2529.8285044199197 1971.5673077121521 box 0
-2.746469235502275 601.30269169816 927.4203070421115 555.5364130792201 907.5573998690472 151.8370761393644 -22.60937640856656 197.60335475830425 box 0
2157.050730338087 2977.572798121612 2559.0458829306667 2955.6700059880554 2503.4469709253403 1935.229644810517 2101.4518183327605 1957.1324369440729 box 0
3.048088205944566 1021.3188327536294 953.6156176346033 983.4123415416366 937.492106114734 579.0888069405845 -13.07542331392466 616.9952981525772 box 0
