1982.9090909090908 100.6060606060606 2420.4848484848485 357.57575757575756 2134.4242424242425 792.7272727272725 1708.3636363636363 520.6060606060605 box 0
2430.7878787878785 366.66666666666663 2146.5454545454545 789.0909090909091 2563.5151515151515 1078.181818181818 2843.5151515151515 656.9696969696969 box 0
2567.7575757575755 1093.9393939393938 2150.181818181818 813.9393939393939 1872.6060606060605 1230.3030303030303 2289.5757575757575 1514.5454545454545 box 0
2130.181818181818 796.3636363636363 1849.5757575757575 1228.4848484848485 1433.2121212121212 952.7272727272727 1701.6969696969697 524.2424242424242 box 0
1854.4242424242425 1241.212121212121 1581.6969696969697 1663.030303030303 2000.4848484848485 1937.5757575757575 2275.030303030303 1521.212121212121 box 0
1838.6666666666665 1229.090909090909 1412.0 953.9393939393938 1140.4848484848485 1380.0 1561.6969696969697 1656.3636363636363 box 0
2001.090909090909 1946.060606060606 1577.4545454545455 1678.7878787878788 1307.7575757575758 2108.4848484848485 1733.2121212121212 2374.5454545454545 box 0
1292.0 2118.7878787878785 878.0606060606061 1838.1818181818182 607.7575757575759 2258.7878787878785 1012.6060606060607 2535.151515151515 box 0
1721.090909090909 2376.363636363636 1301.090909090909 2121.212121212121 1025.939393939394 2546.6666666666665 1461.090909090909 2807.8787878787875 box 0
1294.4242424242425 2091.5151515151515 876.8484848484849 1818.1818181818182 1143.5151515151515 1393.9393939393938 1568.3636363636363 1663.6363636363635 box 0
