2267.6328423695923 1195.109223268399 3014.4566573097563 503.11878564053995 2867.538873176062 344.55922460757733 2120.715058235898 1036.5496622354365 box 0
2866.8389267852 1866.190460020852 3625.897355027827 1181.420541830174 3481.368221194536 1021.2119020396948 2722.309792951909 1705.9818202303727 box 0
2571.8108366287943 1538.5324992453645 3323.7648626340633 840.8086106212465 3173.7522538863423 679.1363690102505 2421.798227881073 1376.8602576343685 box 0
376.7390704661274 2639.983886740029 786.2628835148884 1697.044945935952 587.374547812376 1610.666596200645 177.850734763615 2553.605537004722 box 0
585.006962519687 2731.843879660793 989.0594803448655 1786.0568699327964 790.9114264192167 1701.4054428489724 386.8589085940382 2647.1924525769687 box 0
793.9506923706613 2824.059746304765 1191.906332109675 1879.4785411004798 992.6867183654226 1795.5465632045118 594.7310786264088 2740.1277684087972 box 0
1975.78869259134 853.9902700831105 2714.4755419824824 156.00027068022388 2563.6872977040703 -3.5797995020557782 1825.0004483129278 694.4101999008308 box 0
3163.5847877118176 2201.9828633579873 3926.1975289367347 1520.913097230999 3785.729848518651 1363.627532455001 3023.117107293734 2044.6972985819893 box 0
3021.4538590798006 2038.9965866923524 3788.2086714031116 1351.548660507164 3639.060214101352 1185.1938094258114 2872.305401778041 1872.6417356109998 box 0
1003.1380524627276 2915.3275535557077 1397.7067604844951 1972.262377306185 1197.7858954437663 1888.6175567653372 803.2171874219989 2831.68273301486 box 0
2718.5294879099156 1705.1049274628178 3455.871352625997 1018.7359413876969 3307.5603314260215 859.4106700713619 2570.21846670994 1545.7796561464822 box 0
1672.1915309985066 3099.565690226873 2023.4483594263838 2242.3531913237266 1813.7275653760053 2156.4166690870916 1462.470736948128 3013.629167990238 box 0
1432.8323246875104 3078.0212784474966 1813.1558381012449 2146.9641556463293 1608.708191975087 2063.4502173715955 1228.3846785613525 2994.5073401727623 box 0
2127.791590359158 1016.5089030007072 2873.463820691792 323.05593503960824 2721.9378331637913 160.11954815590894 1976.2656028311571 853.5725161170078 box 0
2423.0965057377343 1361.7023289903227 3172.3162005749264 670.719294570921 3021.599118041562 507.2996432081636 2272.37942320437 1198.2826776275654 box 0
1213.9551982037751 3003.260079482264 1602.8479544600227 2062.7610307617815 1402.3580170519622 1979.85920915299 1013.4652607957146 2920.358257873472 box 0
1914.7963383231215 3113.844518102972 2229.8908871646627 2330.043641302051 2016.8521678414293 2244.400283227595 1701.7576189998879 3028.2011600285155 box 0
170.56434535944163 2551.8925112807933 572.5087157790477 1616.7535385157921 373.87442998922165 1531.3759259140306 -28.069940430384463 2466.5148986790314 box 0
2147.222511142665 3125.5560903970295 2437.78724380347 2415.5358891919627 2229.798509365147 2330.419732051701 1939.233776704342 3040.439933256768 box 0
1829.94923141773 680.9294971906534 2544.1314581123374 8.529680414666473 2394.9710086030213 -149.89948525065094 1680.788781908414 522.5003315253359 box 0
