2401.318488221023 362.5796063665018 1985.7773118944524 90.29192447052367 1716.3750092460168 501.42969231998995 2131.9161855725897 773.7173742159677 box 0
1990.4581458079106 1954.1782937332216 1569.9531568046502 1679.2182999051981 1298.4512101186024 2094.434788370017 1718.9561991218632 2369.394782198042 box 0
1564.8077898757117 1675.6348449635116 1139.2713554221978 1395.6389182440212 863.3866424695632 1814.9271502035863 1288.9230769230771 2094.923076923077 box 0
2560.7179487179487 1089.7948717948718 2140.790859335078 817.0388408004384 1867.8345422472248 1237.2742847078518 2287.7616316300955 1510.0303157022856 box 0
1719.6923076923076 2392.358974358974 1298.4205487282486 2110.608501785536 1022.0856436946607 2523.7829339111936 1443.3574026587194 2805.533406484631 box 0
1829.1447468314013 1235.6981783957872 1413.5696826358364 959.2771722334627 1139.1128543343702 1371.8992649745428 1554.6879185299351 1648.3202711368674 box 0
1291.4871794871797 2115.4358974358975 867.7515229571268 1830.6123766423314 589.2481436263665 2244.945476513288 1012.9838001564193 2529.7689973068536 box 0
2126.604828968391 807.6147383180389 1703.9951080122253 530.1794609066358 1427.8518175053728 950.8211328450075 1850.4615384615386 1228.2564102564102 box 0
2266.598576102443 1519.6003230935294 1840.6956122124932 1242.2118086334087 1571.2048479698228 1655.988548652045 1997.1078118597727 1933.3770631121658 box 0
2835.568017103381 647.9708956198639 2415.251327833222 369.98531957215147 2141.2276982286503 784.311510213845 2561.544387498809 1062.2970862615575 box 0
