1322.329743392643 1575.2548885165224 1376.6213505344074 866.4003300232971 746.9565217391304 818.1739130434783 692.6649145973656 1527.0284715367036 box 0
3344.347826086956 1742.5217391304348 3399.742884032912 1016.7506923963729 2759.2825869708513 967.8670459248194 2703.887529024895 1693.638092658881 box 0
2671.3043478260865 1642.5217391304348 2713.7189852520432 927.2799248982585 2064.2654661924544 888.7666067619361 2021.8508287664972 1604.008420994112 box 0
2001.5479672080264 1615.885534612449 2055.174997185438 895.9200595952163 1419.9999999999998 848.6086956521739 1366.372970022588 1568.5741706694064 box 0
1846.086956521739 2373.8260869565215 1907.443389436396 1648.5660636832886 1272.3258183295893 1594.8356119914076 1210.9693854149323 2320.095635264641 box 0
2691.7492029657255 2521.916092572175 2722.6086956521735 1791.2173913043478 2080.696185058677 1764.1075929816886 2049.836692372229 2494.806294249516 box 0
1248.523836928057 803.6113770758709 1297.225479438238 176.68995631896644 792.8296771544782 137.506570278653 744.1280346442973 764.4279910355574 box 0
2334.782608695652 835.5652173913044 2375.8631087825793 217.8834159230779 1855.8781378764265 183.30049217215083 1814.7976377894997 800.9822936403773 box 0
1786.0869565217392 829.4782608695652 1831.5707091708443 204.1240157366079 1313.4235270529794 166.43773080178778 1267.9397744038738 791.7919759347451 box 0
2871.3043478260865 879.0434782608696 2914.1882757581366 254.50825386434536 2395.5931591739977 218.89874020241155 2352.7092312419486 843.4339645989359 box 0
3419.933480468407 931.233929196104 3468.301249604017 316.15886366500905 2948.367769135609 275.2727605558615 2899.9999999999995 890.3478260869565 box 0
