773.748969847489 2554.890315384808 776.4236633989983 2342.641777742017 -5.43773966484128 2332.788990645465 -8.112433216350718 2545.0375282882565 box 0
766.6238034522628 2776.304902448597 770.6569813746626 2552.314076686308 11.496918746223573 2538.644643602428 7.463740823823796 2762.635469364717 box 0
791.0783051867783 2339.7173214761 793.3941216261975 2127.0157325378855 -5.028363933116218 2118.322803035618 -7.344180372535341 2331.0243919738327 box 0
812.7322790496336 840.2468574380626 817.3812941854343 622.2328228186461 -10.816224514721544 604.5720203542958 -15.46523965052219 822.5860549737122 box 0
789.1174120253648 2126.5524153837982 791.6561443253728 1911.645235867273 -7.761845142277611 1902.2015854706938 -10.30057744228564 2117.108764987219 box 0
807.2807721513045 1056.9191761274058 809.6950921641187 845.6455652885419 9.985336361573893 836.5069167833607 7.57101634875972 1047.7805276222246 box 0
787.2719056079716 1908.870419695211 788.1839527845602 1692.9739141735001 -12.004763979706189 1689.5935451485389 -12.916811156294836 1905.4900506702504 box 0
794.0512820512821 1259.025641025641 797.5467250128327 1061.8884898008487 2.170617149602731 1047.7856593564447 -1.3248258119478546 1244.9228105812374 box 0
797.2467280469501 1697.7058353452337 797.6675235665276 1494.606402630104 2.1832426943218173 1492.9582630129205 1.762447174744383 1696.0576957280505 box 0
791.4871794871796 1479.5384615384614 794.3309351646307 1269.532622494081 -21.57611301692371 1258.4841663602099 -24.419868694374724 1468.4900054045906 box 0
