3092.2360883248775 984.358406233058 3390.093535257501 981.3797324739444 3380.274549972995 -0.48606580752590395 3082.4171030403713 2.4926079515875017 box 0
3083.684120805815 983.2202904515623 2792.2093334503184 986.1351354872661 2782.4435387686535 9.588220186735725 3073.91832612415 6.673375151031792 box 0
2782.6680029879994 986.6987750280224 2484.810556055376 989.6774487871357 2474.9490182885966 3.556544120913884 2772.8064652212197 0.5778703618004215 box 0
2469.9338801163267 992.0018072102018 2168.885103395139 995.0123953310201 2158.95973690495 2.5088310876705577 2460.0085136261378 -0.5017570331477259 box 0
1871.0425531914893 1003.1063829787234 2155.085106382979 1003.1063829787234 2155.085106382979 -0.08510638297864599 1871.0425531914893 -0.08510638297864599 box 0
1560.085106382979 4.914893617021335 1861.148936170213 4.9148936170213915 1861.148936170213 1004.9148936170211 1560.085106382979 1004.9148936170211 box 0
1250.7734353989579 2.4827411011877984 1546.5033291392053 -0.4746564167891165 1556.6308199201912 1012.2406631541314 1260.9009261799436 1015.1980606721083 box 0
940.7203245826856 -2.501035762729259 1239.6415481114973 -5.4903476424109385 1249.8754200981657 1017.8627378903889 950.954196569354 1020.8520497700706 box 0
642.2361486086188 6.727555107170986 935.8384891564906 3.791433830330618 946.0191705403176 1021.8256363821909 652.4168299924459 1024.7617576590312 box 0
637.3191489361702 1034.7021276595744 349.0212765957449 1034.7021276595744 349.0212765957449 11.297872340425613 637.3191489361702 11.297872340425613 box 0
