3814.509798520013 2060.8199656689826 3816.666666666667 1883.277777777778 2634.8433234932777 1868.920417681347 2632.686455346625 2046.4626055725514 box 0
3815.0297138735364 2244.382728539349 3815.277777777778 2066.6111111111113 2620.8794008064483 2064.9444382816846 2620.631336902207 2242.7160557099223 box 0
3819.404726183493 1862.0970580190326 3819.4465941334347 1677.9916438517932 2634.722222222222 1677.7222222222224 2634.6803542722805 1861.8276363894613 box 0
1286.111111111111 1836.0555555555559 1284.8143432746945 1648.4705579479305 102.15425026366825 1656.64624144922 103.45101810008474 1844.2312390568447 box 0
1293.0555555555557 2026.3333333333335 1291.0995619282298 1841.4167952896228 106.21955750360098 1853.9501130897452 108.17555113092668 2038.8666511334557 box 0
3823.298712122119 889.6539229120567 3825.0 711.0555555555555 2632.1797041553673 699.6930177012208 2630.4784162774863 878.2913850577219 box 0
3821.4065241948815 1083.3828647156497 3823.6111111111113 904.1111111111112 2637.1924178796567 889.5211766921109 2634.987830963426 1068.792930296649 box 0
1288.888888888889 1448.5555555555557 1289.4828356322241 1273.3239532288583 101.49197589520531 1269.2972634486816 100.89802915187005 1444.5288657753792 box 0
1280.5555555555557 1638.8333333333335 1278.442146826498 1441.9024920948568 96.27281178660894 1454.589214886399 98.38622051566671 1651.5200561248753 box 0
3815.832426043549 700.5754770395023 3818.0555555555557 519.3888888888889 2621.061728743758 504.70197232825376 2618.838599231752 685.888560478867 box 0
3826.286538170415 1667.4021689889823 3826.84296971811 1473.7597378352643 2640.0198837452745 1470.3494015642673 2639.4634521975795 1663.991832717985 box 0
3786.1111111111113 2436.0555555555557 3788.8777011911498 2269.336642076876 2587.5273797278583 2249.4010282184295 2584.7607896478203 2416.1199416971094 box 0
1285.3615732967935 698.8606922600842 1286.1111111111113 499.94444444444457 99.36064892542908 495.4726410732493 98.61111111111111 694.3888888888889 box 0
1280.1801032225974 899.6141347444577 1281.1085456591675 708.5438465523804 102.00342534995764 702.8143778776313 101.07498291338777 893.8846660697086 box 0
3820.6481584964586 1290.37439718744 3823.6111111111113 1097.1666666666667 2633.8280247439925 1078.9206529221958 2630.8650721293407 1272.1283834429692 box 0
1278.2828523202106 1080.1403995546748 1277.7777777777778 899.9444444444445 98.18902515232801 903.2507353605023 98.6940996947609 1083.4466904707324 box 0
3824.0319048167357 1475.7611567653173 3826.704931915563 1299.5063983490834 2632.213835777069 1281.3911026374874 2629.540808678242 1457.6458610537213 box 0
1313.888888888889 2215.222222222222 1312.2340790761646 2028.8012988673177 132.89755399209992 2039.2699609632461 134.5523638048244 2225.6908843181504 box 0
1315.8702083611267 502.04639661898347 1316.6666666666667 323.55555555555566 128.28558331449506 318.25278495767236 127.48912500895493 496.7436260211002 box 0
1282.6112138289143 1267.6060829585338 1281.9444444444446 1083.277777777778 92.63767588920436 1087.579848158328 93.30444527367399 1271.9081533390838 box 0
