1188.75 864.875 1185.7438636686372 689.890104903901 -14.55411722346389 710.5105096927798 -11.547980892101181 885.4954047888788 box 0
1197.108222523155 2178.858982606456 1194.2470314990833 1994.5815890747238 -6.943451996508202 2013.2319257422332 -4.082260972436416 2197.5093192739655 box 0
1202.0344140875848 2356.2008844147886 1199.199330214376 2185.070552161053 -33.56282683252368 2205.493489842046 -30.727742959314924 2376.6238220957816 box 0
1205.741869510694 1991.504250550548 1203.028224371496 1798.6105877531577 -13.963645139197991 1815.731337202609 -11.25 2008.625 box 0
1181.25 1058.625 1178.017557657107 870.4670051764882 -17.80411722346389 891.0105096927798 -14.57167488057092 1079.1685045162913 box 0
1195.0 1241.125 1191.904362255504 1060.9302961455016 -6.054117223463891 1081.5105096927796 -2.958479478967926 1261.7052135472777 box 0
1198.0 1425.375 1194.904362255504 1245.1802961455016 -3.0541172234638907 1265.7605096927796 0.0415205210320746 1445.9552135472777 box 0
1194.75 1610.875 1191.654362255504 1430.6802961455016 -6.304117223463891 1451.2605096927796 -3.2084794789679254 1631.4552135472777 box 0
1202.75 1797.625 1199.654362255504 1617.4302961455014 1.6958827765361093 1638.0105096927798 4.791520521032075 1818.2052135472777 box 0
1202.1070816278511 2541.234271355312 1199.0325511942192 2355.6505503219755 -26.885494372790163 2375.9601029015225 -23.810963939158 2561.543823934859 box 0
