0.0 1371.4285714285713 1237.4999999999998 2291.0714285714284 1401.7857142857142 2055.3571428571427 157.14285714285714 1110.7142857142856 box 0
0.0 1392.8571428571427 1230.3571428571427 2300.0 1060.7142857142856 2535.7142857142853 3.571428571428571 1753.5714285714284 box 0
7.142857142857142 1767.8571428571427 1050.0 2533.928571428571 862.4999999999999 2783.928571428571 1.7857142857142856 2141.0714285714284 box 0
349.99999999999994 878.5714285714284 162.49999999999997 1108.9285714285713 1403.5714285714284 2050.0 1582.1428571428569 1803.5714285714287 box 0
528.5714285714286 626.7857142857142 351.7857142857143 873.2142857142857 1594.6428571428569 1799.9999999999998 1755.3571428571427 1551.7857142857142 box 0
685.7142857142857 401.7857142857142 535.7142857142857 621.4285714285713 1769.6428571428569 1546.4285714285713 1935.7142857142856 1301.7857142857142 box 0
2117.8571428571427 1062.5 866.0714285714284 151.78571428571428 683.9285714285713 399.99999999999994 1946.4285714285713 1298.2142857142856 box 0
2119.642857142857 1051.7857142857142 2300.0 807.1428571428571 1223.2142857142856 5.357142857142857 867.8571428571428 151.78571428571428 box 0
1237.4999999999998 0.0 2307.142857142857 803.5714285714284 2476.785714285714 557.1428571428571 1712.4999999999998 1.7857142857142856 box 0
2660.7142857142853 303.57142857142856 2494.642857142857 558.9285714285713 1728.5714285714284 0.0 2241.0714285714284 5.357142857142857 box 0
