1182.8498546469127 2950.7127341819196 1348.165613899047 2950.3570476484756 1346.1116367276454 1995.7108531775575 1180.7958774755111 1996.0665397110015 box 0
704.1237113402062 2942.226804123711 718.6728106621891 1978.881009006448 556.0827702432862 1976.425464321653 541.5336709213034 2939.7712594389163 box 0
1024.313638176786 2950.7883440659243 1181.4432989690722 2951.5051546391755 1185.8588673923032 1983.5830920489034 1028.729206600017 1982.8662814756526 box 0
1355.6701030927836 2959.7525773195875 1510.2862349882 2959.019057460115 1505.698161761043 1991.9148597003523 1351.0820298656263 1992.648379559825 box 0
1831.3128362834718 2951.6332818247934 1825.9302190874073 1984.3328839166008 1663.689547752389 1985.2356845660347 1669.0721649484537 2952.536082474227 box 0
865.979381443299 2940.1649484536083 868.5846913978551 1981.4904756837145 714.4970800921759 1981.0717245862243 711.8917701376199 2939.7461973561176 box 0
537.1134020618557 2947.3814432989693 553.4042671906394 1982.7797448731458 405.3792354063149 1980.2797950675238 389.0883702775311 2944.8814934933475 box 0
1997.9381443298969 2946.3505154639174 1986.6488317242186 1982.1514919900053 1822.4613228195706 1984.0738794523927 1833.7506354252487 2948.2729029263046 box 0
1025.7731958762886 2947.3814432989693 1032.0998874899499 1985.221423933987 873.0491150189264 1984.175584189988 866.7224234052651 2946.33560355497 box 0
1512.3711340206187 2955.6288659793813 1668.7385989827494 2954.9615434778775 1664.6247458825562 1991.000671404224 1508.257280920425 1991.6679939057274 box 0
