1137.6592666854451 2106.4952573514615 1140.2777777777778 1901.3333333333335 -5.256015317711929 1886.7127210622307 -7.874526410044677 2091.8746450803583 box 0
1134.1865171978372 1895.9163812898194 1136.111111111111 1686.0555555555557 -4.471788156574526 1675.5954856600204 -6.39638206984867 1885.4563113942836 box 0
1125.141786891328 2749.8763768934687 1127.7777777777778 2540.222222222222 -26.335409137134693 2525.7115064798613 -28.971400023584593 2735.3656611511083 box 0
1116.868354189203 2533.7552574696365 1119.4444444444446 2326.3333333333335 -16.42200079403584 2312.2263651667877 -18.998091049277207 2519.6482893030907 box 0
1130.669659357098 2322.8384359331485 1134.7222222222222 2112.4444444444443 -19.498875583742716 2090.2120911057677 -23.551438448867003 2300.6060825944714 box 0
1134.964294975615 1675.8608257342635 1136.888888888889 1466.0 -3.6940103787967544 1455.5399301044647 -5.6186042920708985 1665.4007558387277 box 0
1134.353183864504 1458.5830479564856 1136.2777777777778 1248.7222222222222 -4.30512148990784 1238.2621523266869 -6.229715403181984 1448.1229780609501 box 0
1135.1309616422818 1246.8608257342635 1137.0555555555557 1037.0 -3.527343712130069 1026.5399301044647 -5.451937625404213 1236.400755838728 box 0
1143.1120204148128 1031.1040699523824 1147.135091379906 821.272982790333 6.71381973756138 799.4077969974564 2.6907487724678276 1009.2388841595058 box 0
1149.4453537481463 812.4374032857156 1153.4684247132395 602.6063161236661 13.047153070894694 580.7411303307898 9.024082105801142 790.5722174928391 box 0
