726.5265813544816 1683.9249614772923 986.3069462942676 1591.5699074790678 584.6688183113508 461.8244853916042 324.8884533715647 554.1795393898286 box 0
1541.6931545672473 1395.100681636428 1798.7077504795948 1299.8254531375524 1382.331669193739 176.60872655143834 1125.3170732813915 271.8839550503138 box 0
1006.5438698673353 1592.9153881278178 1265.9188754122795 1497.0372003026043 851.5864146327866 376.1619861397605 592.2114090878425 472.04017396497386 box 0
1286.7332151761568 1501.1457331646038 1538.2425459049743 1405.817103351445 1112.0712213167628 281.4322796832963 860.5618905879453 376.76090949645516 box 0
2088.0323739764585 1237.7736372683369 2346.1773748836617 1145.6555919483837 1939.0184270708419 4.662569490601982 1680.8734261636382 96.78061481055535 box 0
1815.546550352134 1323.852156479843 2071.9109282172612 1232.6789583282084 1669.2061053422885 100.33772787222998 1412.8417274771614 191.5109260238645 box 0
454.9121697910278 1787.6956468283506 717.83169781624 1697.1564735186316 325.82684101982414 558.8013487160831 62.90731299461214 649.3405220258018 box 0
2361.508007713172 1153.1722275112159 2619.2443395226805 1059.5194796405901 2211.5951691471478 -62.34831630406605 1953.858837337639 31.304431566559593 box 0
2628.847966721564 1046.1202116800853 2886.2261698658017 950.135387089086 2505.401960799188 -71.02447918191646 2248.0237576549503 24.96034540908291 box 0
178.89383208554685 1876.6357309499056 443.516427821598 1791.9538561304053 80.82641985613404 658.5829717478485 -183.79617587991706 743.2648465673489 box 0
