2646.5722767045713 1556.7457591728653 2893.603219550761 398.6124980761083 2718.830772764423 361.3333664222273 2471.799829918233 1519.4666275189845 box 0
1739.1413586123797 1326.5090254000575 1993.1126002739304 188.3469189704897 1817.3363513485576 149.1239366360753 1563.365109687007 1287.286043065643 box 0
2834.366018001158 1587.108893901308 3083.0042605137846 427.7189816978529 2904.22798610237 389.3793185657756 2655.5897435897436 1548.7692307692307 box 0
2460.4664407765085 1518.676065355703 2713.4915593718288 359.91511358292723 2534.2558878260897 320.7775097656857 2281.230769230769 1479.5384615384614 box 0
2088.9230769230767 1428.2564102564102 2342.5032120185283 258.62001126797344 2178.219767722149 223.0029442592424 1924.6396326266972 1392.639343247679 box 0
1922.4217243741816 1375.3645374894215 2169.715011763198 204.57049200357892 1997.2542827058962 168.14360650777076 1749.9609953168795 1338.9376519936134 box 0
3000.9030328070266 1644.3161512917984 3259.32972506373 481.6104318223347 3083.247205077216 442.4737677100233 2824.8205128205127 1605.179487179487 box 0
2273.029809223058 1483.7208026883702 2538.0827868114634 300.1116350218716 2359.1042596396874 260.03185797452693 2094.051282051282 1443.6410256410256 box 0
3180.442700486084 1684.8838544408616 3435.262459313162 540.0016204884249 3264.335366530517 501.9578817804517 3009.5156077034394 1646.8401157328885 box 0
1553.7907123211062 1291.7102513653786 1817.6228465584481 150.15777749971392 1646.3934761401974 110.5837664263696 1382.5613419028555 1252.136240292034 box 0
