-7.644262740772149 849.778188483631 724.0003673940926 809.0302651622227 709.0270912625006 540.1793352437859 -22.617538872364037 580.9272585651942 box 0
-22.635371823785142 1111.558288497025 736.25 1063.625 719.7497183524717 802.3906310278231 -39.13565347131339 850.3239195248482 box 0
6.478698104383739 585.6025318719368 716.1700153527352 542.1651488434383 699.4329129757859 268.70999559388355 -10.258404272565485 312.14737862238195 box 0
-17.56295605573674 1965.0134303962286 628.75 1936.125 621.325131732969 1770.0104519899535 -24.987824322767665 1798.8988823861823 box 0
-84.12865865750892 2676.3790306592596 653.75 2641.125 645.7913701954483 2474.5482150163557 -92.0872884620606 2509.8022456756153 box 0
-9.434411631222929 2136.746869650566 642.4071765173004 2108.978907770864 635.2228242347614 1940.329165958453 -16.61876391376188 1968.0971278381558 box 0
-4.785476666135837 3025.5278984332745 667.5 2992.375 658.8777663659972 2817.530484965243 -13.40771030013866 2850.683383398517 box 0
-21.542201599628132 1790.0545876280448 623.75 1767.375 618.1222683598237 1607.2516591500703 -27.169933239804436 1629.9312467781147 box 0
-13.64415658222779 2491.057527809451 651.25 2462.375 644.3746974637287 2302.9975381712884 -20.519459118499128 2331.6800659807395 box 0
-18.051277771146736 1612.8755955166246 615.0 1587.375 608.6071014326992 1428.671545249197 -24.444176338447562 1454.1721407658213 box 0
-13.931079704410674 1272.199398319667 726.25 1242.375 719.8819052873718 1084.3318043072677 -20.2991744170389 1114.1562026269346 box 0
-20.13969204767577 2326.152183682467 646.25 2299.875 639.1928137068243 2120.904671312518 -27.19687834085147 2147.1818549949844 box 0
1.638486624317251 2839.2403427000345 647.5 2812.375 640.8021904607939 2651.3550028388127 -5.059322914888924 2678.2203455388462 box 0
592.5 1258.625 1.25 1274.875 1.25 1443.625 598.75 1421.125 box 0
