2580.7692307692305 549.1538461538462 2583.190449521976 -0.49009923069421274 2129.4774667126435 -2.488735605326667 2127.0562479598984 547.1552097792137 box 0
2114.6153846153848 554.5384615384617 2112.8627119611015 -1.9490256540242468 1660.2110854675122 -0.5233869003577638 1661.9637581217953 555.964100292128 box 0
1643.8461538461538 1241.4615384615383 1648.3093292661226 565.6377538351858 1192.5656359218804 562.6279987833352 1188.1024605019118 1238.451783409688 box 0
2110.3975187259243 1245.5824566164981 2111.9691213886213 565.2499484518007 1660.0331411242355 564.2059533737643 1658.4615384615383 1244.5384615384614 box 0
1177.6923076923076 1238.3846153846152 1177.6789919476737 558.3358375089081 731.9737766919304 558.3445646723432 731.9870924365645 1238.3933425480504 box 0
1647.6923076923076 553.0000000000001 1647.2199835577887 -0.816265070508288 1192.3319993602572 -0.4283122655977536 1192.8043234947763 553.3879528049107 box 0
1183.8461538461538 547.6153846153846 1183.3871109088807 -0.1905877845765511 737.5720304417478 0.18299022356688965 738.0310733790209 547.988962623528 box 0
3034.23144804986 1245.9988929758676 3037.695191093783 561.0465743384757 2589.942769292369 558.7823301068486 2586.4790262484453 1243.73464874424 box 0
2576.8173892858517 1246.768525980023 2581.374087446429 558.5891203999452 2128.4028520067304 555.5898251891526 2123.846153846154 1243.7692307692307 box 0
3042.3076923076924 549.923076923077 3043.9465788056364 -0.44500831082897535 2589.9541523787684 -1.7969072995277882 2588.3152658808244 548.5711779343782 box 0
