-5.751716953217226 851.0449655382166 719.066435270963 809.1503931615118 703.5266874846809 540.2971590192785 -21.291464739499418 582.1917313959832 box 0
-5.394330922598783 2964.169118821958 890.711494985804 2899.2015777750826 871.9771541037511 2640.7963535901513 -24.12867180465173 2705.7638946370266 box 0
-13.83347385662978 1124.7315916521966 753.2740122795735 1071.4619702119603 734.3669091059584 799.190833427149 -32.740577030244935 852.4604548673854 box 0
1.2959461858789505 2435.364542924346 847.5 2367.375 827.0015894107463 2112.2499117687985 -19.202464403374904 2180.2394546931446 box 0
-4.1880825145876175 2180.151372238068 826.25 2116.125 806.5435178026881 1860.526990664193 -23.894564711899424 1924.5533629022602 box 0
6.8165750501047455 588.3973606916588 712.3853426917979 541.7922882186874 694.2733977320302 267.5898890642005 -11.295369909662952 314.19496153717193 box 0
-14.74984140650719 1644.2766083024692 772.5 1588.625 753.7166443701952 1322.914911977444 -33.53319703631195 1378.566520279913 box 0
-24.297911603022555 1919.5324388814493 804.948059462977 1857.4120850685754 785.0 1591.125 -44.24597106599962 1653.2453538128734 box 0
-2.132940299085533 2710.076558878882 867.532608636026 2644.226940584617 847.3005380697764 2377.0251676531 -22.365010865335137 2442.8747859473656 box 0
-11.748950338100576 1373.00489373386 753.75 1323.625 737.5036753237571 1071.770580192122 -27.995275014343463 1121.1504739259815 box 0
