3316.166195754547 2753.3164459230566 3523.863636363636 2744.136363636363 3486.890864997776 1907.635148822044 3279.1934243886867 1916.8152311087372 box 0
3072.905807147485 1920.2776193315797 3270.1070782886673 1913.808761090074 3243.181818181818 1093.0 3045.9805470406363 1099.4688582415056 box 0
2837.3934274098865 1929.4180728905021 3055.6973823531985 1923.2662381725956 3032.5514430659296 1101.909631731107 2814.2474881226176 1108.0614664490133 box 0
3288.782198647469 1903.3563765788608 3491.8538096392062 1896.893834353251 3465.909090909091 1081.6363636363635 3262.837479917354 1088.0989058619737 box 0
2879.498522800646 2765.1822399119937 3080.6818181818185 2756.6363636363635 3045.640837771779 1931.7168720703312 2844.4575423906062 1940.2627483459614 box 0
3100.5716441244826 2759.7566249155916 3301.1363636363635 2750.954545454545 3264.8217303977153 1923.487097345351 3064.2570108858345 1932.2891768063973 box 0
3510.649427344277 1903.1052786786993 3715.202953754873 1895.349230371843 3684.090909090909 1074.8181818181818 3479.5373826803134 1082.5742301250382 box 0
3528.044757591615 2739.3716952021587 3745.4545454545455 2731.6363636363635 3716.230237306968 1910.2558473956583 3498.8204494440374 1917.9911789614534 box 0
2665.5264246663714 2776.7694972251925 2865.8312966625313 2766.6776194034555 2824.35263223787 1943.4038228996549 2624.04776024171 1953.4957007213914 box 0
2616.993958268564 1926.255160219367 2827.4670772035324 1922.0695030549166 2811.3636363636365 1112.3181818181818 2600.8905174286674 1116.503838982632 box 0
