1911.2792519278598 1970.7128100743596 1928.6384529725576 1567.0054732012693 982.6477729134486 1526.3283764490775 965.2885718687511 1930.035713322168 box 0
941.7911080242291 1922.0959005510135 950.5039310675531 1513.7029006159096 17.796845734010695 1493.8041467512326 9.084022690686572 1902.1971466863365 box 0
1885.6368665363825 2379.4616029576705 1898.6892447515052 1982.4312900247046 969.5790907237491 1951.8867780848097 956.5267125086267 2348.917091017776 box 0
934.1689361012632 2341.385069175298 943.0351800062315 1929.9877277606715 -5.276197377508275 1909.550162605707 -14.14244128247666 2320.947504020334 box 0
979.8338867563886 654.8797559010291 987.2734329453655 258.0191191975189 31.477427444966402 240.10177524215942 24.037881255989582 636.9624119456696 box 0
1932.1658075293387 1121.7291319537637 1944.5933098652597 715.5970218978827 1001.2641706505925 686.7314759563925 988.8366683146718 1092.8635860122736 box 0
949.2429828102688 1496.6196802540846 955.5139802773285 1100.2494174523451 24.951684624423688 1085.5269361094408 18.680687157363895 1481.8971989111803 box 0
1944.6917455240534 699.7321639720421 1959.5053544041414 299.6016369086274 1001.4686548665715 264.13325846753304 986.6550459864837 664.2637855309476 box 0
1928.1656211253107 1546.0686299382257 1942.591221225176 1127.1495609973836 991.9258694294986 1094.4131228388742 977.5002693296333 1513.3321917797161 box 0
968.8622367793052 1071.7907280728784 973.2309656702594 677.1562781887285 21.292756659415346 666.6180194094213 16.924027768461286 1061.2524692935713 box 0
1893.3357876285118 2801.5152962447273 1905.425844958304 2406.7264881088086 948.4595576778848 2377.420243763818 936.3695003480924 2772.2090518997366 box 0
923.388596842399 2751.912930514568 933.8369331688575 2349.955589666939 -8.14212009679353 2325.4701207854805 -18.590456423252125 2727.4274616331095 box 0
