1786.6964246658456 875.7167484713364 2540.742844239055 799.4953514511218 2514.9876073864903 544.7028011547003 1760.941187813281 620.9241981749147 box 0
1900.310173197814 1670.2103930964827 2647.4576271186443 1575.4237288135596 2615.9047357264362 1326.7108677178019 1868.7572818056055 1421.4975320007254 box 0
1100.7841590002806 1482.4318526537866 1849.8687251003857 1400.7812727816786 1822.8051782244647 1152.4929532077927 1073.7206121243596 1234.1435330799009 box 0
1819.2935210884443 1143.8522406297925 2581.2908333756263 1053.1203203121372 2552.021767467442 807.308818945145 1790.0244551802593 898.0407392628003 box 0
1745.9709725225734 615.6457646121521 2490.8881899280855 543.6124667572689 2466.1016949152545 287.2881355932204 1721.1844775097425 359.32143344810345 box 0
1029.1616411672612 964.6283857741563 1780.4452294411835 874.8791237300351 1750.8474576271187 627.1186440677966 999.5638693531964 716.8679061119175 box 0
1075.8020185329747 1220.060978845731 1807.311399310999 1144.8634451898624 1781.35593220339 892.3728813559322 1049.846551425366 967.570415011801 box 0
1866.1067833673055 1404.6510710625846 2613.2542372881358 1309.864406779661 2581.7013458959277 1061.1515456839036 1834.553891975097 1155.9382099668271 box 0
1130.9875488307891 1744.8386323148036 1880.0721149308943 1663.1880524426952 1853.0085680549732 1414.8997328688095 1103.9240019548681 1496.5503127409177 box 0
988.1785903198036 708.391097638563 1741.4608964730276 618.4030662968007 1711.0169491525426 363.5593220338983 957.7346429993187 453.5473533756606 box 0
