3394.6851255440124 2371.2984890961425 3752.822973289225 2094.057434406731 3339.5862068965516 1560.241379310345 2981.448359151339 1837.4824339997576 box 0
2979.816091954023 1821.7356321839084 3338.047789634295 1543.2373508753542 2918.3218390804595 1003.3448275862069 2560.090141400188 1281.8431088947616 box 0
3344.16286097937 1538.1196592351816 3697.1144414039027 1274.6153518803794 3289.7927776839765 729.0272118067453 2936.8411972594445 992.531519161548 box 0
3765.1375101473714 2092.8212186922765 4124.091309556381 1820.9566782798884 3714.631960328549 1280.3308618864628 3355.67816091954 1552.195402298851 box 0
3019.484729414988 2648.6568804018775 3377.9134919627777 2374.4830826036537 2970.0459770114944 1841.2758620689656 2611.617214463705 2115.44965986719 box 0
2650.527329727237 2933.3970512459446 3004.0734248433646 2665.3713111297943 2613.7241379310344 2150.4712643678163 2260.178042814906 2418.497004483967 box 0
2608.551724137931 2105.0689655172414 2966.6728174280156 1826.4077772502487 2548.717724349793 1289.273288553813 2190.596631059708 1567.934476820805 box 0
1872.9195402298851 2668.8620689655177 2227.193717269393 2399.512967958179 1817.2219385350231 1860.2781460213325 1462.9477614955154 2129.6272470286713 box 0
2281.8564646316154 3215.130232576478 2638.3219172733757 2945.224922606478 2234.9885057471265 2412.5402298850577 1878.5230531053671 2682.445539855059 box 0
2235.5632183908046 2384.954022988506 2594.7572924968968 2107.5454934504155 2185.6536972620293 1577.8300324711065 1826.4596231559367 1855.238562009197 box 0
