3113.0086502803365 3137.7780922591273 3239.103891871555 2997.404781074762 2354.237288135593 2202.542372881356 2228.142046544375 2342.9156840657215 box 0
2633.7110056833103 3193.4133744687 2753.065582640192 3059.738522791346 2103.3898305084745 2479.661016949153 1984.0352535515929 2613.3358686265074 box 0
4006.9828935832707 2189.0350714905912 4127.517921145294 2056.6468413952243 3246.823799151261 1254.8044858339085 3126.2887715892375 1387.192715929276 box 0
3502.3063563233945 2735.5733203056543 3633.211527142925 2590.14272478976 2744.4644928534285 1790.162624823089 2613.5593220338983 1935.5932203389834 box 0
3248.305084745763 2996.6101694915255 3367.1026490903864 2865.273790346982 2483.6266068335603 2066.1440849252344 2364.8290424889374 2197.4804640697785 box 0
3882.1015376510672 2319.2384613210997 4002.6365652130908 2186.8502312257324 3121.9424432190576 1385.007875664417 3001.407415657034 1517.3961057597844 box 0
3756.372724091745 2459.611342677032 3876.9077516537686 2327.2231125816647 2996.2136296597355 1525.3807570203492 2875.678602097712 1657.7689871157165 box 0
3628.1015376510672 2591.509647761778 3748.6365652130908 2459.1214176664107 2867.9424432190576 1657.2790621050954 2747.407415657034 1789.6672922004625 box 0
3378.903719542941 2874.6806838054717 3504.0928830751286 2735.600351908404 2613.3247567525264 1933.801024035135 2488.135593220339 2072.8813559322034 box 0
2993.2120401108446 3275.608600733704 3112.979540222949 3142.279536521174 2226.271186440678 2345.762711864407 2106.5036863285736 2479.0917760769366 box 0
