3666.7230625584475 2104.673684868417 3674.206969395043 1286.3432238987557 3469.0223683750573 1284.466741827542 3461.538461538462 2102.7972027972028 box 0
3886.713286713287 2099.3006993006993 3901.210281120665 1279.4989390796848 3692.062541609954 1275.8004673794226 3677.565547202576 2095.602227600437 box 0
3232.8323875336337 1275.320225617663 3245.4545454545455 452.4475524475525 3036.580286462929 449.2436012548985 3023.958128542017 1272.1162744250091 box 0
3450.3496503496503 2111.888111888112 3457.8993547631685 1283.0284655305707 3248.2517482517487 1281.1188811188813 3240.7020438382306 2109.978527476422 box 0
3448.328125 1272.65625 3458.878621706497 453.9415336276869 3258.2079494123163 451.35555926471045 3247.657452705819 1270.0702756370233 box 0
3674.8772241678166 1269.5149582963738 3678.796875 453.90625000000006 3477.270018571128 452.93775260354784 3473.350367738944 1268.5464608999218 box 0
3691.5914437770434 1267.968748652407 3896.3646586904692 1268.4585929030397 3898.328125 447.65625 3693.5549100865746 447.1664057493673 box 0
3005.189739405915 1267.7457913479343 3021.0997133109177 451.0638750521276 2817.130525370355 447.0903029761378 2801.2205514653524 1263.7722192719446 box 0
3233.5831154958014 2108.800376191569 3237.975790437505 1285.387316000835 3030.2668008158294 1284.2792475015735 3025.874125874126 2107.6923076923076 box 0
2812.587412587413 2104.195804195804 3011.301427654307 2102.430263991548 3003.9686025055707 1277.1105552836405 2805.2545874386765 1278.8760954878965 box 0
