382.5174825174825 2205.5944055944055 634.7195441686994 1823.0575067411578 63.81123761350087 1446.6643996744783 -188.39082403771607 1829.2012985277256 box 0
959.4405594405595 2586.713286713287 1207.2115689144987 2209.86570921055 637.2822619976537 1835.1466765466243 389.51125252371423 2211.994254049361 box 0
900.6993006993007 1423.7762237762238 1148.1635822567946 1041.7257184368664 580.9204081173009 674.3072159220326 333.45612655980693 1056.3577212613898 box 0
1218.881118881119 2200.0 1465.971023009825 1825.4841899530777 898.2603633095509 1450.932385422822 651.170459180845 1825.4481954697449 box 0
642.284662819837 1815.3933978528428 893.0069930069931 1434.965034965035 328.6194317717763 1063.0039030257983 77.89710158462043 1443.4322659136062 box 0
1473.4265734265734 1810.4895104895106 1723.6607717814259 1422.5982396391878 1151.8162424118482 1053.6931671514367 901.5820440569955 1441.5844380017595 box 0
1404.8951048951049 651.048951048951 1659.8492732834402 275.39289472528367 1103.6918831206315 -102.06580057607715 848.737714732296 273.5902557475903 box 0
1984.6153846153848 1034.2657342657344 2230.6285793484144 654.0159450758898 1657.6011474160405 283.27988365768175 1411.587952683011 663.5296728475265 box 0
1152.4788434459663 1036.1352537077 1400.0288773014445 662.0924195801848 837.4644769906076 289.77453607447273 589.9144431351292 663.817370201988 box 0
1733.7291238832572 1421.875238958793 1981.378405943268 1044.2201982718993 1412.6842470949762 671.2960082641555 1165.0349650349651 1048.951048951049 box 0
