1270.7896731157286 3038.2767550788194 1285.0435129815116 2230.149583227829 1036.0397366743102 2225.7576260246965 1021.7858968085272 3033.884797875686 box 0
1805.8539671433957 3044.4725082128853 1821.584589101368 2244.7062064380316 1565.1689721571413 2239.6627617150934 1549.438350199169 3039.4290634899467 box 0
1015.6390496381453 3046.560446833686 1026.9720483765261 2221.817336818036 772.3833456865618 2218.3189705857476 761.050346948181 3043.0620806013976 box 0
1544.8913017071707 3038.9074986127866 1560.800225233337 2234.747952700533 1300.7562118731514 2229.6034259172425 1284.8472883469851 3033.762971829496 box 0
2591.315456934935 3038.774081373268 2605.153569749446 2230.522428425165 2354.199715641969 2226.22583622927 2340.361602827458 3034.4774891773736 box 0
2067.2038748664504 3036.8893436771245 2077.272436419635 2238.8067468013205 1824.6116456108443 2235.6191936153555 1814.5430840576596 3033.70179049116 box 0
2336.0505934884463 3055.1449616971436 2345.768857245372 2229.0164082759793 2086.191382677325 2225.9628370699456 2076.473118920399 3052.09139049111 box 0
3118.683083872662 3028.246306490928 3130.3926881093603 2217.180968934609 2883.0161936236755 2213.6095170259177 2871.306589386977 3024.6748545822365 box 0
749.9954733161841 3033.0830681084876 766.7479495955439 2214.183576428554 503.96166779709716 2208.8076774359456 487.20919151773745 3027.7071691158794 box 0
2860.6192470298583 3053.1346537692975 2870.5553063351826 2223.1262142780574 2616.282161356372 2220.0823017971084 2606.3461020510476 3050.0907412883485 box 0
