2443.1469358056133 2933.0023886180416 2725.79953706478 2659.2488297597165 2444.8386095435076 2369.154566338013 2162.186008284341 2642.908125196338 box 0
2739.679892056916 2079.61507349863 3023.756036807366 1803.1649034430898 2737.676270205047 1509.1935263548858 2453.6001254545968 1785.643696410426 box 0
2158.0446603209657 2640.887262546478 2440.2440994781946 2364.6508039866326 2156.7368643372374 2075.023637569489 1874.5374251800083 2351.260096129334 box 0
2451.689979150571 2354.6732264087004 2738.3738356444255 2077.379744885636 2452.9671886655906 1782.307975526114 2166.283332171736 2059.601457049179 box 0
3311.8760215428624 1521.6560649333394 3593.2543436893125 1243.3591461557498 3305.564992556259 952.4843952717384 3024.186670409809 1230.781314049328 box 0
2733.21034997633 2657.0376533886483 3017.6437855278537 2382.090513979363 2728.0997162468148 2082.5565215686265 2443.666280695291 2357.5036609779117 box 0
3028.1372328984567 1795.329212318718 3310.186464494133 1517.8823323909594 3024.659111095684 1227.6185866009594 2742.6098795000075 1505.0654665287182 box 0
3026.9231511390362 2377.867146993832 3315.6372192892513 2099.0013632581436 3031.3620913231216 1804.6869171846342 2742.6480231729065 2083.552700920323 box 0
3297.5969409531413 2099.5485639115504 3591.2165022225167 1832.8404835181811 3315.2742763930496 1529.0550295332735 3021.654715123674 1795.763109926643 box 0
3602.2913862141822 1807.7253301035316 3877.6720281728767 1521.764862154411 3586.830127152517 1241.6833880055992 3311.4494851938225 1527.6438559547196 box 0
