177.5882352941177 62.35294117647059 716.4117647058824 57.05882352941177 734.6470588235295 588.2352941176471 194.05882352941182 602.3529411764706 box 0
734.0588235294118 55.88235294117647 1268.764705882353 52.94117647058824 1286.4117647058824 585.2941176470588 741.7058823529412 593.5294117647059 box 0
195.82352941176475 615.2941176470588 734.6470588235295 598.8235294117648 749.3529411764706 1132.3529411764707 206.4117647058824 1145.8823529411766 box 0
751.7058823529412 608.8235294117648 1289.3529411764707 598.8235294117648 1299.3529411764707 1135.8823529411766 755.2352941176472 1135.8823529411766 box 0
766.4117647058824 1152.3529411764707 1301.1176470588236 1140.0 1309.9411764705883 1676.4705882352941 774.0588235294118 1681.764705882353 box 0
209.9411764705883 1160.0 747.0000000000001 1148.235294117647 766.4117647058824 1681.764705882353 218.17647058823536 1694.1176470588236 box 0
222.29411764705887 1712.9411764705883 761.1176470588236 1696.4705882352941 778.1764705882354 2228.2352941176473 233.47058823529417 2242.3529411764707 box 0
775.2352941176472 1698.235294117647 1316.4117647058824 1682.3529411764707 1322.8823529411766 2211.764705882353 786.4117647058824 2227.6470588235293 box 0
784.0588235294118 2237.6470588235293 1318.1764705882354 2222.9411764705883 1339.3529411764707 2749.4117647058824 799.9411764705883 2767.0588235294117 box 0
231.1176470588236 2255.294117647059 768.1764705882354 2242.9411764705883 786.4117647058824 2768.823529411765 251.1176470588236 2781.1764705882356 box 0
