892.4269499818988 979.8674466248904 1102.7087807897121 966.299338069149 1038.84828881815 -23.426025116101187 828.5664580103366 -9.857916560360081 box 0
677.2164772845465 998.8086630682568 886.4491253294664 984.6228875884051 818.0537932537836 -24.171905789814282 608.8211452088638 -9.986130309962668 box 0
1761.0002744879232 928.2896514132035 1965.8461538461538 915.4358974358973 1908.932934650402 8.429395378594029 1704.0870552921715 21.283149355900036 box 0
2190.9939865868846 900.6357618618382 2394.5953623687565 890.7399367800244 2351.800363846465 10.255439157448908 2148.1989880645933 20.151264239262783 box 0
450.9132849176942 1026.6816476846454 670.974358974359 1012.8717948717947 608.2761996848316 13.7717710257828 388.2151256281669 27.581623838633682 box 0
1977.717237847682 916.6042743473155 2181.230769230769 905.1794871794872 2130.9530063322654 9.56498450153245 1927.4394749491785 20.98977166936078 box 0
1545.2710972911934 936.4174902710113 1750.4615384615386 923.1282051282051 1690.0420330998827 -9.766591486445321 1484.8515919295373 3.5226936563608433 box 0
1106.3777308614472 965.4223369715919 1312.6206910337696 953.5095120258601 1257.051842960574 -8.536331188511017 1050.8088827882516 3.3764937572209752 box 0
1317.9622951870103 954.7447897629783 1527.3846153846152 943.6410256410255 1477.3708685865795 0.35775870702419527 1267.9485483889746 11.46152282897695 box 0
2404.497576224934 916.2693853503629 2609.684923073026 907.7660418759109 2572.3771933673506 7.523202311380208 2367.189846519259 16.02654578583229 box 0
3373.697800825765 2709.1113795246592 3527.4104475242725 2569.161055224936 2711.3127704632975 1672.8106213603508 2557.60012376479 1812.760945660074 box 0
3683.2586816204926 2422.2216132634057 3839.189900813304 2285.2069825904337 3047.897435897436 1384.6666666666667 2891.966216704624 1521.6812973396388 box 0
3040.0272123548216 3005.2266523810845 3199.871770158052 2862.4274389834623 2387.1080041673954 1952.6474641350285 2227.263446364165 2095.4466775326505 box 0
3205.155376518135 2866.5734395955255 3364.708940895668 2724.1924753762273 2558.4378417130656 1820.6768373514954 2398.8842773355327 1963.057801570794 box 0
2871.684906575982 3122.541395002229 3021.3779081225803 2986.8183433691015 2219.6923076923076 2102.6153846153848 2069.999306145709 2238.3384362485117 box 0
3521.1333366965528 2571.836975096393 3680.5437720039527 2429.4149123134785 2869.456872501445 1521.5800362037185 2710.046437194045 1664.002098986633 box 0
3859.6762181588847 2299.204971563313 4021.924097323159 2158.2445624154816 3230.178472392873 1246.931596887615 3067.930593228599 1387.8920060354462 box 0
2628.291109285479 3179.8343077469935 2778.517724000735 3043.009532823673 2050.4615384615386 2243.6410256410254 1900.2349237462822 2380.4658005643455 box 0
2366.4689565466174 3219.95061876186 2530.1411469612945 3067.4776429132753 1894.0512820512818 2384.6666666666665 1730.379091636605 2537.1396425152516 box 0
4017.4426950948164 2158.059058439693 4186.729051597611 2014.3738133793977 3411.0896565897538 1100.534907472172 3241.803300086959 1244.2201525324676 box 0
