918.5617277329674 2175.7023188081384 1543.4606615332486 2093.2755929755276 1447.1398884599218 1363.0421912682416 822.2409546596402 1445.4689171008517 box 0
2211.3907576337697 2222.425982766746 2270.2720867296484 1486.235521253107 1626.623264579749 1434.755775045501 1567.741935483871 2170.94623655914 box 0
2030.142857142857 3007.142857142857 2129.603521316873 2278.2700734233586 1492.1726263246956 2191.287404297716 1392.7119621506804 2920.1601880172148 box 0
2875.268817204301 2292.451612903226 2942.504358526652 1569.22186613645 2298.800672646599 1509.379518715286 2231.565131324249 2232.609265482062 box 0
2524.431219153463 1481.3114659730677 2584.583363578371 856.6080636477864 2063.754294962542 806.4578879972994 2003.6021505376345 1431.1612903225805 box 0
2880.1428571428573 3076.7857142857138 2965.564214228755 2346.410473964567 2317.6980575671732 2270.6390030043467 2232.276700481276 3001.0142433254946 box 0
3564.749059731476 2339.4757266519177 3619.89348442939 1615.4465248129916 2975.048356955536 1566.3330173971547 2919.903932257622 2290.362219236081 box 0
3088.1720430107525 1545.1397849462364 3142.2334572149907 919.0837081726653 2611.8947571190724 873.2877144939836 2557.8333429148342 1499.3437912675545 box 0
3281.404382266822 1559.786132948994 3795.5928749447685 1457.8988499682737 3672.043010752688 834.3870967741935 3157.854518074742 936.2743797549143 box 0
1994.047242969236 1427.781080335396 2042.9302400149638 803.903800150174 1519.2201356470973 762.8692565023724 1470.3371386013694 1386.7465366875945 box 0
827.4558598778069 1393.7151436644594 1332.258064516129 1334.3870967741934 1258.482619056052 706.6568836878849 753.6804144177295 765.9849305781511 box 0
