3022.642806187784 2392.7864478907777 3729.5237919777105 1969.0057963914373 3624.0689655172414 1793.1034482758623 2917.187979727315 2216.8840997752027 box 0
2907.036642946775 2192.4591444750768 3615.6498267400866 1783.5098634825383 3513.7241379310344 1606.896551724138 2805.1109541377227 2015.8458327166763 box 0
2803.980697110724 1997.5821124592164 3509.6412205018687 1593.734061789924 3407.977011494253 1416.0919540229886 2702.3164881031075 1819.940004692281 box 0
3140.279622359296 2579.3697900284155 3847.6321634377437 2161.49376219333 3744.7586206896553 1987.3563218390805 3037.406079611207 2405.2323496741665 box 0
2186.59793814433 2622.639175257732 2893.713498086003 2200.081171567729 2791.443406271417 2028.940706572986 2084.3278463297434 2451.498710262989 box 0
2300.0 2810.2680412371133 3009.2141216405976 2398.7686817826066 2905.9397787792586 2220.776612833804 2196.7256571386606 2632.2759722883106 box 0
2085.5670103092784 2436.041237113402 2795.9750818217085 2008.9347481266987 2686.6765183132975 1827.1379744337883 1976.2684468008674 2254.2444634204917 box 0
2680.9958144117213 1810.5442285194067 3399.0774770265934 1406.232387187948 3301.0804597701153 1232.183908045977 2582.998797155243 1636.4957493774355 box 0
1968.8848614677836 2247.13081956423 2670.647226016868 1820.2978991498696 2566.710818157332 1649.4145022660523 1864.9484536082475 2076.2474226804125 box 0
2416.022988505747 2993.1034482758623 3120.3630620025397 2587.101812089521 3019.1812827208755 2411.569559251322 2314.8412092240833 2817.571195437663 box 0
