3371.719859193744 2284.1900909232495 3375.512876711043 2085.2509094074812 2190.1519918762738 2062.650562073976 2186.358974358974 2261.5897435897436 box 0
3374.0283474312314 1845.6667254230463 3375.463452904711 1635.470711668915 2175.481328929852 1627.2778783062017 2174.0462234563724 1837.4738920603327 box 0
3372.6453954452018 2074.2050439606387 3375.420057193977 1857.830984161438 2191.697738671851 1842.6515812264397 2188.9230769230767 2059.025641025641 box 0
3370.7682840991006 2513.5109910100978 3374.759570273248 2290.5058330253974 2188.9230769230767 2269.2820512820513 2184.9317907489294 2492.2872092667512 box 0
3377.6435693742474 1631.2146239170913 3379.3056178307456 1418.9726990041445 2191.758614921407 1409.6731194605945 2190.096566464909 1621.9150443735411 box 0
3376.377230614595 2733.3272642121055 3378.99331830843 2513.7826662255575 2181.6234873114304 2499.5148386016153 2179.0073996175956 2719.0594365881634 box 0
3378.868036544179 1409.3234910318927 3381.3619918489517 1203.6853222358318 2193.981134791951 1189.2849081270158 2191.487179487179 1394.923076923077 box 0
3379.7956378234235 1198.5778178190876 3381.8438790003925 985.0034689004265 2198.6636257923547 973.6564203121085 2196.6153846153848 1187.2307692307693 box 0
3397.4651987027287 764.6051674430818 3398.0387530313724 536.1952846470767 2197.188938944029 533.1798607937384 2196.6153846153848 761.5897435897434 box 0
3373.7923236319602 971.5445573722718 3374.1958665379166 760.667399667726 2191.8907223931355 758.4048935775053 2191.487179487179 969.2820512820512 box 0
