1709.7272727272727 2.5974025974025974 2075.961038961039 139.6103896103896 1920.7662337662337 507.79220779220776 1561.6753246753246 357.79220779220776 box 0
1552.5844155844156 364.93506493506493 1920.1168831168832 510.38961038961037 1770.7662337662339 884.4155844155844 1418.8181818181818 736.3636363636364 box 0
1926.6103896103896 514.9350649350649 2294.142857142857 662.3376623376623 2145.4415584415583 1040.2597402597403 1784.4025974025974 894.8051948051948 box 0
2087.6493506493503 130.5194805194805 2446.7402597402597 288.31168831168833 2292.1948051948048 653.8961038961039 1931.155844155844 503.89610389610385 box 0
2455.8311688311687 283.76623376623377 2818.168831168831 443.50649350649354 2663.6233766233763 810.3896103896104 2307.1298701298697 657.7922077922078 box 0
2296.090909090909 664.2857142857142 2662.324675324675 815.5844155844155 2511.025974025974 1189.6103896103896 2151.935064935065 1051.2987012987012 box 0
2670.116883116883 821.4285714285714 3029.8571428571427 974.6753246753246 2874.6623376623374 1346.103896103896 2520.7662337662337 1190.909090909091 box 0
3038.298701298701 966.2337662337663 3411.025974025974 1120.7792207792209 3246.090909090909 1479.2207792207791 2890.896103896104 1338.9610389610389 box 0
3194.142857142857 583.7662337662338 3554.5324675324673 738.3116883116883 3416.8701298701294 1107.142857142857 3049.987012987013 953.896103896104 box 0
2825.961038961039 439.6103896103896 3186.9999999999995 587.6623376623377 3033.1038961038957 957.7922077922077 2678.5584415584412 808.4415584415584 box 0
