1600.8297872340427 30.765957446808585 3139.604859647838 -0.013648058310493864 3145.2385448830373 281.6330547984844 1606.4634724692414 312.4126603036035 box 0
3151.1438320879315 281.33038900072347 1603.1829260321613 312.2937356781583 1609.340425531915 620.1276595744681 3157.3013315876847 589.1643128970333 box 0
1607.411566425375 638.9527884392608 3161.0733420554116 607.8754091655888 3166.7872340425533 893.531914893617 1613.1254584125172 924.609294167289 box 0
1614.2286294975802 932.9461846132173 3162.555288242738 901.975521906497 3168.649187928692 1206.6298791228892 1620.3225291835342 1237.6005418296095 box 0
1622.3050770672185 1252.7719380846365 3173.7548965682104 1221.7388038330394 3179.2340425531916 1495.659574468085 1627.7842230521996 1526.6927087196825 box 0
1632.2811608907136 1527.5832567672403 3189.835390066518 1512.0071952699711 3192.90350671526 1818.8086330204897 1635.3492775394554 1834.3846945177584 box 0
1643.0601830091912 1844.1878490547265 3189.4656483101026 1828.723278912609 3192.31914893617 2114.0638297872338 1645.9136836352593 2129.528399929351 box 0
1647.3314061479332 2138.538833275248 3194.635659043926 2123.0652749575725 3197.6382978723404 2423.31914893617 1650.3340449763477 2438.7927072538464 box 0
1657.0730359963259 2451.614446252205 3201.54855511616 2420.720816609341 3207.5629923614983 2721.4025815586974 1663.0874732416642 2752.296211201561 box 0
1664.405687177858 2768.288567940582 3203.3276177160865 2752.898835640703 3206.148936170213 3035.0212765957444 1667.2270056319837 3050.4110088956236 box 0
