2136.972747650161 2162.0179637641622 2192.0536637945647 1436.324664014829 1554.2291556494297 1387.9130853766874 1499.1482395050261 2113.6063851260205 box 0
1457.6491228070176 2108.771929824561 1523.4099796352987 1386.8608471498474 905.2536582796278 1330.5512955696788 839.4928014513468 2052.4623782443923 box 0
2076.0629738334205 1041.4266229909422 2143.3112700040747 416.2953513194604 1619.0398952003932 359.8970262247562 1551.7915990297388 985.0282978962379 box 0
2804.8420055691877 2213.756696445512 2856.522289257584 1488.6056829199363 2211.317280166896 1442.6230154685513 2159.6369964785 2167.774028994126 box 0
2615.993054353391 1074.89991182657 2688.0275949774937 452.1422893111282 2163.2908621199977 391.4458511891769 2091.256321495895 1014.2034737046189 box 0
2052.385964912281 2938.5964912280697 2118.436912814373 2194.851119110498 1479.3137858362825 2138.091521073794 1413.2628379341904 2881.836893191365 box 0
2742.2779847253855 2997.4601268304523 2803.7547941759785 2250.2784976867524 2152.352242172808 2196.68222470153 2090.8754327222146 2943.8638538452296 box 0
1365.4453954095432 2870.2007938895877 1453.3713669785207 2139.6941185443097 815.1692753004347 2062.878203150207 727.2433037314571 2793.384878495485 box 0
3173.746321950108 1105.165746935692 3232.38402137013 478.6851592663165 2699.714766611904 428.82806829563106 2641.0770671918813 1055.3086559650067 box 0
1533.2053419754186 974.2767139662434 1602.335430623753 352.9660248637515 1082.9096287036134 295.1721507798502 1013.7795400552793 916.4828398823422 box 0
998.1926102372183 938.6167235464233 1062.7172765183186 331.0911395152143 560.3274463534806 277.7328333196034 495.8027800723807 885.2584173508124 box 0
3714.986498706612 1170.0716220343131 3771.1332987659753 547.1951127807081 3246.8319007561727 499.9339858517503 3190.6851006968095 1122.8104951053551 box 0
4227.52137266023 2420.1719680698097 4244.163507899594 1555.8800646728334 3715.5817263998288 1545.7021034328757 3698.9395911604634 2409.994006829852 box 0
