3323.9550355050987 2741.5472841898145 3509.435897435897 2697.4871794871797 3240.2809182909295 1564.4191157204318 3054.8000563601304 1608.4792204230666 box 0
3125.633164197827 2783.1173978766733 3299.5611013964603 2743.2598715722347 3037.337571733569 1598.9842020073597 2863.409634534936 1638.8417283117983 box 0
3528.653442281937 2684.430318129903 3693.7378241817887 2642.591199012958 3402.048904519821 1491.675834976786 3236.964522619969 1533.5149540937311 box 0
2932.855402282994 2836.6429796807342 3135.076923076923 2789.7948717948716 2873.5405128461352 1660.8636725091171 2671.318992052206 1707.7117803949793 box 0
3720.4380131951057 2646.0853795883577 3894.3912918952574 2600.713957778804 3599.915107227257 1471.697149861105 3425.9618285271054 1517.0685716706587 box 0
2738.8210900846657 2883.912808158803 2914.277149724068 2843.439668510628 2653.314195865041 1712.133029243541 2477.8581362256386 1752.606168891716 box 0
2550.0869687353143 2924.4951320631258 2726.5044699363343 2883.3302766495212 2461.0512987817756 1745.6951587693936 2284.6337975807555 1786.8600141829977 box 0
2353.883552738949 2989.949361592094 2534.178205898059 2947.0805921718543 2265.8793302566564 1818.686813182075 2085.584677097547 1861.555582602315 box 0
1966.7708000986559 3088.612466773846 2162.6220411797744 3044.0700540998682 1909.4358974358975 1930.8205128205125 1713.5846563547784 1975.36292549449 box 0
2157.3222621160216 3028.8167078571164 2334.580680938179 2989.5730365837185 2087.4724491876887 1873.418176023498 1910.214030365532 1912.6618472968964 box 0
