1329.1698515500989 3047.9588465657016 1584.4311270172134 3039.2983703143564 1558.2091012392075 2266.4231205973842 1302.947825772093 2275.0835968487286 box 0
533.6594544858148 3047.9253103703386 786.5576385736018 3041.641194195733 767.8868162661382 2290.2519891291727 514.9886321783512 2296.536105303779 box 0
1847.2416849752992 3052.1544063685096 2102.5347280158303 3045.9281123557616 2083.0187665322687 2245.7267108800256 1827.7257234917377 2251.953004892773 box 0
1056.88880820403 3046.1869971425012 1315.3311968733512 3041.279049445935 1300.734306954051 2272.636975178055 1042.2919182847297 2277.544922874621 box 0
2122.7916143503776 3055.4884935305545 2382.311367819894 3043.897653961084 2345.8563638600713 2227.6674245907834 2086.336610390555 2239.258264160254 box 0
1591.6943727255418 3035.844373806072 1846.5622766143667 3027.7418930809104 1821.6694143533157 2244.7234766883125 1566.8015104644908 2252.825957413474 box 0
801.4550128919151 3034.9753951848993 1058.7683426097585 3025.8126987237915 1032.2365680712198 2280.728620165442 774.9232383533764 2289.8913166265497 box 0
2378.9751941569093 3048.8866289367975 2627.432692277373 3040.403912064956 2599.1794871794873 2212.871794871795 2350.721989059023 2221.354511743636 box 0
266.17260106156186 3041.961842093602 519.6618569773977 3037.739304991203 507.3207126324383 2296.8701494835464 253.8314567166025 2301.092686585945 box 0
17.722146235644743 2983.263295939294 254.07196348566947 2981.469532659955 248.85222519761328 2293.706434437903 12.502407947588551 2295.5001977172424 box 0
