2755.2832220003675 912.1186036561127 3953.251992520978 812.3276435858425 3935.6721139981673 601.2850256468657 2737.7033434775567 701.0759857171361 box 0
2779.406657861926 1344.4282024590443 3969.688161169215 1253.1643458696253 3953.4382258661017 1041.229433801942 2763.1567225588124 1132.493290391361 box 0
1378.092229721344 1175.025754724194 1491.1136392619444 987.5531849531693 477.6829285885923 376.5871778624757 364.6615190479921 564.0597476335005 box 0
1260.3405451485653 1355.7454674587784 1372.0051398616304 1168.3046144631007 360.30709584264554 565.6032809390489 248.64250112958044 753.0441339347263 box 0
2766.9342352691224 1127.1750246121364 3963.7101045815666 1035.902556473362 3947.6230187591977 824.9667013094943 2750.8471494467535 916.2391694482689 box 0
1489.667655533361 986.5133374043915 1601.920491501206 801.1943343590058 585.1470943750861 185.30661918435362 472.89425840724095 370.6256222297393 box 0
2851.3054864225983 2215.0332126369112 4040.7150968519322 2127.851289057411 4025.035927456796 1913.9427860508324 2835.626317027462 2001.124709630333 box 0
1147.4741861313296 1536.78217442632 1257.905575247415 1348.6735157492453 232.28409080806247 746.5704226195784 121.85270169197705 934.6790812966527 box 0
2827.0817945105873 2436.003700183225 4021.681060266372 2352.8914252710347 4006.6063921349205 2136.2184067503686 2812.007126379136 2219.330681662559 box 0
1602.8388499261 797.4853237895098 1715.1844371851876 612.1706151529371 693.7365315436264 -7.074158552083033 581.3909442845388 178.2405500844896 box 0
2716.7337707845372 700.0571023677594 3897.0186394316024 597.5475777455049 3878.8583343180017 388.45156042826113 2698.5734656709365 490.9610850505155 box 0
2835.6378513858617 2004.4033307213574 3991.918713523298 1910.288296412214 3974.8505961849387 1700.59238995125 2818.5697340475026 1794.707424260393 box 0
1033.2645581824106 1722.3141383294674 1144.153640175393 1535.1927587214077 94.60679420406406 913.225955664673 -16.282287788918225 1100.3473352727328 box 0
905.2137330096289 1913.051698019123 1021.4062603062381 1721.8673316345034 4.38794335908446 1103.773233316326 -111.8045839375246 1294.9575997009458 box 0
2714.041788638818 476.64378205782236 3905.3631989641576 378.4558206172396 3887.698895870459 164.1335944985741 2696.3774855451197 262.32155593915684 box 0
2795.295485890961 1561.5965182790983 3984.863867600458 1468.6520570409334 3968.235048376163 1255.8247695310663 2778.6666666666665 1348.7692307692307 box 0
1724.9794287090376 612.583568246744 1833.4690509106545 429.49004180702997 883.1787255878372 -133.59179063596525 774.6891033862202 49.501735803748794 box 0
2812.9181182427874 1783.2540298027845 3981.820725195238 1695.2487987943985 3965.517991567837 1478.7127177095626 2796.6153846153848 1566.717948717949 box 0
796.6153846153846 2087.230769230769 899.6445051080427 1919.854309900849 -60.799856674511716 1328.6496788987151 -163.82897716716994 1496.0261382286353 box 0
668.4102564102565 2279.5384615384614 788.1560791522563 2086.051357162887 -64.98477454758398 1558.0572369821514 -184.73059728958384 1751.5443413577257 box 0
