2495.4994079859835 904.1020913527597 2497.222222222222 726.3333333333334 1311.3292854600693 714.8404632875997 1309.6064712238303 892.6092213070259 box 0
2498.3372859208125 1680.9979770478676 2497.671200906268 1491.2555487037666 1315.7312853962515 1495.4047127715205 1316.3973704107964 1685.1471411156215 box 0
2489.229838317945 1877.7824338477856 2490.277777777778 1687.4444444444446 1312.9747948684144 1680.9625946789977 1311.9268554085813 1871.300584082338 box 0
2481.1595729419437 2068.2552549880866 2481.9444444444443 1881.8888888888894 1296.7101907210558 1876.897341277559 1295.9253192185556 2063.263707376757 box 0
2498.9346969248113 1493.5251547930523 2500.0 1306.8888888888891 1316.1952178641973 1300.131837312 1315.1299147890086 1486.7681032161631 box 0
2503.6949709000733 1305.811899809937 2505.5555555555557 1111.0555555555557 1310.1708072246313 1099.6355706063773 1308.3102225691491 1294.3919148607586 box 0
2499.178971053772 1104.1186814203638 2501.388888888889 915.2222222222223 1316.7896859950865 901.3634822699044 1314.5797681599693 1090.2599414680458 box 0
2484.4738098163557 511.92419296088957 2484.722222222222 327.7222222222223 1289.864946150789 326.1108530852597 1289.6165337449224 510.312823823927 box 0
1258.0543333249507 427.65369434864067 1257.8603592434274 251.69365555851883 73.58477402745541 252.99917225703933 73.77874810897879 428.9592110471612 box 0
2465.277777777778 2256.8888888888887 2464.777560023685 2073.0583767226885 1270.1085558279738 2076.3091681126552 1270.6087735820663 2260.139680278855 box 0
1236.111111111111 809.6666666666667 1235.337590000124 622.7339221668753 43.46194522067549 627.6658615944746 44.23546633166224 814.598606094266 box 0
1241.6666666666667 623.5555555555555 1241.4550869528312 431.6248895545056 45.195885138566496 432.9436167014838 45.407464852402185 624.8742827025337 box 0
1234.1111111111109 1004.8888888888893 1233.3375900001238 817.9561443890976 41.46194522067549 822.8880838166967 42.23546633166224 1009.8208283164881 box 0
1230.722222222222 1198.7222222222226 1229.9487011112349 1011.7894777224311 38.073056331786574 1016.7214171500306 38.846577442773324 1203.6541616498216 box 0
1228.7222222222222 1389.7777777777783 1227.948701111235 1202.8450332779867 36.073056331786574 1207.776972705586 36.846577442773324 1394.7097172053773 box 0
1228.1111111111113 1580.8333333333335 1227.3375900001242 1393.900588833542 35.461945220675375 1398.8325282611415 36.235466331662124 1585.7652727609327 box 0
1221.9444444444446 1773.277777777778 1221.1709233334575 1586.3450332779867 29.295278554008746 1591.276972705586 30.068799664995495 1778.2097172053775 box 0
1228.277777777778 1964.3333333333337 1227.504256666791 1777.400588833542 35.62861188734212 1782.3325282611415 36.40213299832887 1969.2652727609327 box 0
1249.8888888888896 2154.0 1249.1153677779025 1967.0672555002086 57.2397229984532 1971.9991949278078 58.01324410943995 2158.931939427599 box 0
2498.228692932235 714.6613845440966 2500.0 531.8888888888889 1307.9888894027067 520.3367256518184 1306.2175823349412 703.1092213070259 box 0
