-6.461078611123185 897.5267401462814 718.4009494629609 879.488185624812 712.1561539323206 628.5470612758376 -12.705874141763388 646.585615797307 box 0
-17.13794677205317 1695.1613467456675 759.0604962820584 1673.12655422234 751.7327268356823 1414.998267817321 -24.46571621842918 1437.0330603406483 box 0
-9.245841053986283 1426.327278458739 747.8679269289495 1406.7934227732337 741.2796084680792 1151.4364315632336 -15.834159514856537 1170.970287248739 box 0
21.325727582850732 2746.604840172125 776.0071129374263 2716.4994845694587 766.2951772442672 2473.0405737988217 11.613791889691583 2503.145929401488 box 0
-1.2861996103178512 631.4797969634194 718.6417245974119 622.6187644957911 715.4583093095671 363.9773964112144 -4.469614898162661 372.8384288788427 box 0
-8.924303281730147 3015.8580932875393 780.1557651672354 2989.5474329853223 771.4742143992839 2729.1800155381443 -17.605854049681568 2755.4906758403613 box 0
-2.4289083961465394 1950.9206567952976 763.6739808537883 1933.7538088915032 757.9507134918191 1678.3422338297023 -8.152175758115732 1695.5090817334965 box 0
-5.764714502477943 2495.0316606726396 759.8635588887616 2474.4728417205147 752.6902802220825 2207.3337140832195 -12.937993169157096 2227.8925330353445 box 0
-5.458154377248661 1162.1395612137173 731.661328921276 1148.0573530365202 726.9151525347498 899.6233687026646 -10.204330763774806 913.7055768798614 box 0
-12.365338748888576 2218.1502477826716 751.5358488778467 2207.051516276543 747.8116790236993 1950.7251268206 -16.089508603035938 1961.8238583267287 box 0
