889.1428571428572 888.5714285714284 1085.5714285714284 427.1428571428571 1554.8571428571427 611.4285714285713 1362.7142857142856 1082.142857142857 box 0
1362.0 1094.2857142857142 884.1428571428572 905.0 724.1428571428572 1382.8571428571427 1190.5714285714284 1564.9999999999998 box 0
1844.142857142857 1285.7142857142856 1372.7142857142856 1100.0 1199.8571428571427 1570.0 1667.7142857142856 1746.4285714285713 box 0
2039.1428571428569 796.4285714285713 1572.7142857142856 607.8571428571428 1383.4285714285713 1075.7142857142856 1853.4285714285713 1261.4285714285713 box 0
2334.1428571428573 1459.9999999999998 2512.0 992.142857142857 2044.8571428571427 810.7142857142857 1861.9999999999998 1279.2857142857142 box 0
2322.714285714286 1480.7142857142856 1853.4285714285713 1300.7142857142856 1675.5714285714284 1767.8571428571427 2143.4285714285716 1949.285714285714 box 0
2812.714285714286 1659.9999999999998 2337.714285714286 1474.9999999999998 2159.857142857143 1944.285714285714 2626.285714285714 2125.7142857142853 box 0
2996.285714285714 1169.2857142857142 2825.5714285714284 1636.428571428571 2346.285714285714 1462.142857142857 2518.4285714285716 987.8571428571429 box 0
3477.714285714286 1350.7142857142856 3004.8571428571427 1178.5714285714284 2842.0 1646.4285714285713 3313.4285714285716 1823.5714285714287 box 0
3299.142857142857 1833.5714285714284 2832.0 1654.9999999999995 2645.5714285714284 2119.285714285714 3114.142857142857 2293.5714285714284 box 0
