2969.2307692307695 497.4358974358975 2659.82905982906 894.4444444444445 2258.974358974359 601.7094017094017 2559.82905982906 196.5811965811966 box 0
2647.0085470085473 908.9743589743589 2245.726495726496 605.1282051282052 1944.4444444444446 1006.8376068376069 2345.2991452991455 1311.965811965812 box 0
3055.5555555555557 1218.803418803419 2666.666666666667 904.2735042735044 2984.188034188034 510.68376068376074 3363.2478632478633 820.940170940171 box 0
3057.2649572649575 1239.7435897435898 2663.675213675214 928.2051282051283 2352.1367521367524 1326.0683760683762 2750.854700854701 1636.752136752137 box 0
2749.1452991452993 1650.8547008547007 2352.5641025641025 1338.888888888889 2043.5897435897439 1738.0341880341882 2440.5982905982905 2047.4358974358977 box 0
2027.7777777777778 1723.076923076923 2338.4615384615386 1328.2051282051282 1942.3076923076924 1015.3846153846156 1630.3418803418804 1412.820512820513 box 0
2420.08547008547 2045.2991452991455 2025.2136752136755 1738.888888888889 1711.965811965812 2142.3076923076924 2111.965811965812 2444.444444444445 box 0
1692.3076923076924 2122.6495726495727 1300.0 1810.2564102564104 1616.2393162393164 1412.3931623931626 2008.9743589743591 1727.7777777777778 box 0
1704.7008547008547 2151.709401709402 1390.5982905982908 2553.846153846154 1792.735042735043 2844.871794871795 2105.128205128205 2450.854700854701 box 0
1692.7350427350427 2146.153846153846 1310.2564102564104 1827.7777777777778 989.3162393162394 2217.9487179487182 1376.0683760683762 2543.5897435897436 box 0
