0.0 1300.0 0.0 1006.0 628.216216216216 1360.8108108108108 497.81081081081066 1578.3783783783783 box 0
2.5405405405403805 983.7837837837836 51.04166666666667 719.5625 765.3783783783782 1119.5945945945946 641.6666666666667 1341.4375 box 0
654.1666666666667 1338.3125 775.0 1116.4375 1479.1666666666667 1503.9375 1356.25 1721.6458333333335 box 0
512.5 1587.2708333333333 637.5 1363.3125 1341.6666666666667 1740.3958333333333 1215.625 1969.5625 box 0
1364.5833333333335 1732.0625000000002 1486.4583333333335 1496.6458333333333 2191.666666666667 1888.3125 2079.166666666667 2108.104166666667 box 0
1231.25 1975.8125000000002 1357.2916666666667 1757.0624999999998 2060.416666666667 2132.0625000000005 1936.4583333333335 2352.8958333333335 box 0
2083.3333333333335 2117.479166666667 2204.166666666667 1894.5625000000002 2911.4583333333335 2268.5208333333335 2789.5833333333335 2489.354166666667 box 0
1945.8333333333335 2365.3958333333335 2069.791666666667 2146.6458333333335 2770.8333333333335 2515.3958333333335 2652.0833333333335 2742.479166666667 box 0
2797.916666666667 2500.8125000000005 2916.666666666667 2275.8125000000005 3608.3333333333335 2651.854166666667 3496.875 2873.729166666667 box 0
2656.25 2745.604166666667 2770.8333333333335 2517.479166666667 3486.4583333333335 2887.2708333333335 3258.0 3035.0 box 0
