1056.3829787234042 1571.1063829787233 1127.034095595728 853.7261390726052 504.01348259094885 792.3680203940149 433.3623657186249 1509.7482643001333 box 0
2624.4680851063827 911.5319148936171 2689.180136457907 291.1436890935824 2167.950765077212 236.77479483674372 2103.2387137256883 857.1630206367784 box 0
2378.723404255319 1651.9574468085107 2437.596598039054 930.9935897282812 1791.6122978465244 878.2431522229892 1732.7391040627901 1599.207009303219 box 0
1709.5744680851064 1611.5319148936169 1761.1660079376284 899.5604853072851 1138.4835130759652 854.4390837816811 1086.8919732234433 1566.4105133680127 box 0
3062.765957446809 1697.7021276595744 3111.2776043572294 974.3406250580374 2466.6604750008355 931.1099050663319 2418.1488280904146 1654.4714076678688 box 0
2080.851063829787 871.1063829787234 2154.5101834386687 256.12479920803105 1640.3467586501677 194.54112547784365 1566.6876390412865 809.5227092485361 box 0
3740.6327480081245 1721.2220768844354 3776.329298862637 999.0651409982589 3133.9005336996393 967.3095904434454 3098.203982845126 1689.466526329622 box 0
1542.4451490518607 856.4287164247684 1624.5904051442462 237.6041397914109 1112.4755548360788 169.62396072977265 1030.3302987436934 788.4485373631303 box 0
3174.5006165006807 946.2709410790234 3226.5912233776053 320.8524030290363 2701.973749496634 277.15743569099607 2649.8831426197094 902.5759737409832 box 0
3714.8936170212764 956.212765957447 3762.8295722042 336.306076219792 3244.7187679583417 296.2417621814512 3196.7828127754187 916.148451919106 box 0
1008.5106382978723 781.7446808510639 1106.4986986158033 162.82557058226584 601.7000189571431 82.90520191030447 503.7119586392123 701.8243121791024 box 0
3277.8049817142914 2658.657169508501 3312.558039224558 1757.967270224738 2780.497738361329 1737.437760290705 2745.7446808510635 2638.127659574468 box 0
2706.382978723404 2627.4893617021276 2744.014105586114 1722.5901134148496 2204.518865320822 1700.1546722685816 2166.887738458112 2605.053920555859 box 0
472.529955027078 819.9279593832376 568.0851063829787 110.46808510638313 -13.631696745794198 32.1182880499973 -109.18684810169486 741.578162326852 box 0
367.02127659574467 1558.340425531915 459.7490152391165 847.2970750152845 -21.01729564694938 784.5999514264205 -113.74503429032117 1495.6433019430506 box 0
1860.6382978723402 2376.425531914894 1901.8340645456217 1889.8703455292996 1014.8880414633419 1814.7741952033305 973.6922747900605 2301.329381588925 box 0
