1290.909090909091 2589.5104895104896 1834.8583566161674 2376.1771685314397 1767.8695634369828 2205.371667106751 1223.9202977299062 2418.704988085801 box 0
1711.0768645305886 1992.9126485797806 2261.5384615384614 1787.4125874125873 2195.1344892969405 1609.5399561339289 1644.6728922890682 1815.040017301122 box 0
1937.7128116903518 2559.1677944380226 2477.2583850469355 2355.0119107077994 2410.4026776118253 2178.3248599054696 1870.8571042552417 2382.4807436356928 box 0
1216.0839160839162 2405.5944055944055 1762.516211178355 2191.891917796518 1696.1332325619344 2022.1521841398733 1149.7009374674954 2235.8546719377605 box 0
1778.8821835510787 2188.8309216303996 2327.2727272727275 1981.1188811188813 2258.556346618643 1799.6974610766106 1710.1658028969937 2007.4095015881287 box 0
1853.6663045709363 2371.251426432088 2397.2027972027972 2165.0349650349654 2329.3210532435087 1986.11517960468 1785.7845606116475 2192.3316410018033 box 0
1153.8461538461538 2218.881118881119 1694.5255563880696 2002.4786074394897 1626.2582702724642 1831.913509907803 1085.5788677305486 2048.3160213494325 box 0
1074.1258741258741 2041.958041958042 1621.6683022051525 1824.9731274348958 1551.3688584502304 1647.578638003297 1003.8264303709524 1864.563552526444 box 0
1629.6457611335395 1808.429333937431 2179.8215652278386 1605.2766538279955 2115.3846153846157 1430.769230769231 1565.2088112903168 1633.9219108786665 box 0
1375.5244755244755 2769.2307692307695 1920.671958600621 2557.0077931004676 1854.113793093908 2386.0365954207577 1308.9663100177625 2598.25957155106 box 0
