1631.1483067212318 2348.872601657318 1620.4609316002827 1717.3452950674596 989.043172389486 1728.0308163114323 999.7305475104351 2359.5581229012905 box 0
2272.428361452813 3013.42028798445 2258.885277022816 2381.817547724983 1623.6365173924019 2395.438811594407 1637.179601822399 3027.0415518538744 box 0
2922.3301525591805 2288.7545102204235 2896.9571579016056 1656.9172736839441 2268.674977445702 1682.147506228551 2294.047972103277 2313.98474276503 box 0
2281.4249245417204 2328.74458576825 2262.8326132491666 1703.8493708004862 1623.3896491277133 1722.874516709777 1641.9819604202671 2347.769731677541 box 0
1002.7750462962136 3014.3772882010467 981.8313559868806 2381.8194369881135 351.4466898488059 2402.6911741707795 372.39038015813895 3035.2490253837127 box 0
3543.211804413198 2956.609167045262 3520.734894903348 2316.335471992918 2898.1032254940287 2338.193055397365 2920.5801350038787 2978.466750449709 box 0
3553.5860251784347 2254.794850642262 3526.1287721203603 1619.75794654315 2902.168303740022 1646.7362849168196 2929.6255567980966 2281.773189015932 box 0
999.1165804958583 2342.7140858091616 978.9427945662459 1705.8556152377141 351.2649798297642 1725.7385852418638 371.4387657593766 2362.5970558133113 box 0
1622.1378832880887 3018.1431532922215 1611.5418569123472 2382.551942999481 988.435839169797 2392.939827054458 999.0318655455385 3028.5310373471984 box 0
2919.877004588253 2985.3279128830927 2891.477776732281 2346.3548620093297 2260.2013683670693 2374.412011738489 2288.600596223041 3013.385062612252 box 0
