1754.2857142857142 2300.0 1811.003048889536 1574.9720527839831 1169.2947487650054 1524.7726301052198 1112.5774141611832 2249.8005773212367 box 0
1973.7091037401165 1455.3522967701313 2011.1173668311508 823.3488668877751 1490.0926185956992 792.5094284648542 1452.684355504665 1424.5128583472103 box 0
2455.2726331439103 2354.0995616777086 2496.6010391042432 1618.0261499976475 1838.2147468021185 1581.0596524510586 1796.8863408417856 2317.133064131119 box 0
1433.6863631410313 1418.4122638788199 1475.5381443689855 792.8970966804667 955.4650006132413 758.1001987371468 913.613219385287 1383.6153659355 box 0
2514.4358501561474 1516.5399532166166 2559.424593387328 872.7274355366912 2030.374303805034 835.7581207427338 1985.385560573854 1479.5706384226592 box 0
3619.329622875718 2423.6440326794227 3689.6431037717693 1521.1670641813807 3147.222031177016 1478.906136693136 3076.908550280965 2381.383105191178 box 0
1080.0 2270.0 1156.8274960759047 1550.4631019479089 523.4217146220669 1482.8321294142709 446.59421854616227 2202.3690274663622 box 0
2542.3787365610497 835.0375684884173 2593.708400227588 212.41141193601948 2071.2462039296734 169.33932360142649 2019.916540263135 791.9654801538243 box 0
2006.7065802980558 798.3235195081913 2067.232194922348 174.5538320167978 1543.7497994016512 123.75929299180876 1483.2241847773596 747.5289804832023 box 0
4181.846814199191 2414.7666567861015 4236.964476756155 1520.9468091686174 3706.904076914091 1488.260479444367 3651.7864143571264 2382.0803270618517 box 0
902.4754926733714 1363.4035287468744 949.1767745338325 752.982816632762 441.8816133174469 714.1713316352059 395.18033145698604 1324.5920437493182 box 0
1451.4285714285713 762.8571428571428 1527.4456041050692 148.14668426853336 1017.3486823446467 85.06649126405154 941.3316496681485 699.7769498526609 box 0
415.7142857142857 2220.0 488.98945888285266 1490.4517826590095 -6.165883095205146 1440.7188211269759 -79.44105626377205 2170.267038467966 box 0
