757.7792207792209 544.1558441558442 968.1688311688312 706.4935064935065 525.3116883116884 1281.168831168831 316.87012987012986 1119.4805194805194 box 0
985.0519480519481 709.7402597402597 1195.4415584415585 868.1818181818181 755.8311688311688 1445.4545454545455 546.0909090909091 1282.4675324675325 box 0
1208.4285714285716 875.9740259740261 1415.5714285714287 1036.3636363636363 975.3116883116884 1617.5324675324678 761.025974025974 1458.4415584415583 box 0
1422.064935064935 1048.7012987012986 1632.4545454545455 1211.6883116883116 1196.090909090909 1788.9610389610386 981.1558441558442 1626.6233766233765 box 0
1638.948051948052 1218.8311688311687 1850.6363636363637 1378.5714285714284 1412.3246753246754 1955.8441558441557 1201.935064935065 1796.1038961038962 box 0
1855.8311688311687 1385.064935064935 2067.51948051948 1546.753246753247 1625.3116883116884 2122.7272727272725 1416.2207792207791 1966.2337662337661 box 0
2072.7142857142853 1553.8961038961038 2284.402597402597 1714.935064935065 1842.1948051948052 2295.4545454545455 1631.8051948051948 2131.1688311688313 box 0
2293.493506493506 1720.1298701298704 2498.0389610389607 1884.4155844155844 2059.077922077922 2456.4935064935066 1850.6363636363637 2301.2987012987014 box 0
2505.181818181818 1889.6103896103896 2712.324675324675 2056.4935064935066 2275.311688311688 2624.025974025974 2065.5714285714284 2462.337662337662 box 0
2722.7142857142853 2059.7402597402597 2927.25974025974 2220.12987012987 2490.896103896104 2789.6103896103896 2277.25974025974 2629.87012987013 box 0
