1407.6923076923076 1956.076923076923 1665.881770298853 1235.8657392183168 1424.823156809296 1149.4483171226243 1166.6336942027508 1869.6595009812304 box 0
1160.1691656814428 1855.3584277238592 1409.9887939902933 1146.13310466347 1175.9044983855283 1063.6785590917207 926.084870076678 1772.9038821521096 box 0
1414.5025767692455 1150.061427581758 1691.1339011330697 436.1916326413457 1454.6153846153845 344.5384615384616 1177.98406025156 1058.408256478874 box 0
1905.8749179461088 2121.3855822868795 2167.4384161572525 1415.5204763566192 1921.4415181231302 1324.3645194204898 1659.8780199119865 2030.2296253507504 box 0
2149.230769230769 2209.153846153846 2412.920481503579 1507.476287194221 2180.6702818942517 1420.1968986370475 1916.9805696214419 2121.8744575966725 box 0
1665.5794998461688 1230.36911988945 1942.210824209993 516.4993249490377 1705.6923076923078 424.84615384615364 1429.0609833284834 1138.7159487865663 box 0
1919.146511900108 1315.4726196027061 2188.625425841279 598.872250715948 1951.2022187152916 509.5888079790515 1681.7233047741227 1226.18917686581 box 0
2419.0541720811993 1496.7894926828185 2674.1481401063975 774.9432201117746 2434.9868662265076 690.4257810527852 2179.892898201311 1412.2720536238294 box 0
2175.515710542738 1400.9433388366647 2430.609678567936 679.0970662656207 2191.448404688046 594.5796272066314 1936.3544366628494 1316.4258997776756 box 0
1654.1538461538462 2051.0 1914.192134146685 1325.631577318524 1668.2077721939115 1237.448317122624 1408.1694842010725 1962.8167398041 box 0
