2274.015748031496 5.401574803149707 2474.803149606299 166.81889763779537 1876.3779527559054 900.6771653543308 1671.6535433070867 736.1102362204725 box 0
2482.6771653543306 175.48031496063004 2686.6141732283463 336.89763779527567 2097.6377952755906 1077.0551181102362 1885.8267716535433 917.212598425197 box 0
2699.212598425197 337.6850393700788 2897.6377952755906 499.1023622047245 2317.3228346456694 1242.4094488188975 2111.8110236220473 1082.5669291338584 box 0
1659.0551181102362 746.3464566929135 1867.716535433071 906.976377952756 1286.6141732283465 1655.0078740157478 1081.1023622047244 1483.3543307086613 box 0
1872.4409448818897 923.5118110236222 2086.6141732283463 1084.1417322834645 1496.0629921259842 1836.1102362204722 1287.4015748031495 1672.3307086614172 box 0
2084.251968503937 1102.251968503937 2299.212598425197 1266.0314960629921 1707.8740157480315 2014.8503937007872 1500.0 1851.8582677165355 box 0
2308.6614173228345 1270.755905511811 2519.685039370079 1432.9606299212599 1929.9212598425197 2180.9921259842517 1722.8346456692914 2018.7874015748032 box 0
2530.7086614173227 1436.1102362204724 2744.0944881889764 1599.8897637795276 2155.9055118110236 2341.6220472440946 1946.4566929133857 2179.417322834646 box 0
2907.8740157480315 506.97637795275597 3119.685039370079 669.968503937008 2534.6456692913384 1415.6377952755906 2329.1338582677163 1257.3700787401574 box 0
3121.259842519685 681.7795275590553 3323.6220472440946 846.3464566929135 2761.417322834646 1599.1023622047244 2558.267716535433 1436.8976377952756 box 0
