1725.6470588235293 1701.1764705882354 1770.0996512134084 990.8664230736814 1140.2009182256281 951.4461280597163 1095.7483258357488 1661.75617557427 box 0
3099.7647058823527 1770.5882352941178 3143.8157706006964 1041.2501653868906 2487.4881863528904 1001.6088384315981 2443.437121634546 1730.946908338825 box 0
3777.772571301105 1828.8695152443372 3829.9700180733494 1099.1587990049313 3194.849050663803 1053.7275176046187 3142.6516038915584 1783.4382338440246 box 0
2564.8139242931134 2620.2042738757596 3211.738222205244 2566.695893709529 3150.5219615065184 1826.582170395553 2503.5976635943885 1880.0905505617834 box 0
2429.0770017509894 1729.6360061829034 2449.162074710621 1006.5024271611633 1805.7321317831604 988.6311268606127 1785.6470588235293 1711.764705882353 box 0
1777.411764705882 2452.9411764705883 2509.4703831702054 2373.1724971352874 2439.604612751471 1731.9955364926643 1707.5459942871478 1811.764215827965 box 0
2176.3991383531506 911.0222915060208 2209.3400478763415 294.0355345352005 1683.7227324506823 265.9728375070409 1650.7818229274917 882.9595944778612 box 0
2710.3529411764703 919.9999999999999 2731.6673129236106 305.24122191425323 2212.68377541476 287.2474844623795 2191.3694036676197 902.0062625481263 box 0
3260.9411764705883 1001.1764705882354 3295.347173813556 373.78131136340556 2771.616484689982 345.0602152034034 2737.2104873470144 972.4553744282332 box 0
1617.4117647058822 888.2352941176471 1639.6712993133879 263.59275963043365 1134.8040719287999 245.60149438720424 1112.5445373212945 870.2440288744177 box 0
3800.4630814818815 1035.8898643844007 3830.3529411764703 407.05882352941177 3309.2720566037397 382.290589270119 3279.38219690915 1011.1216301251079 box 0
