2598.823529411765 419.76470588235287 2618.823529411765 913.8823529411764 3122.3529411764707 877.4117647058823 3094.1176470588234 384.47058823529403 box 0
3112.9411764705883 375.0588235294117 3622.3529411764707 376.235294117647 3642.3529411764707 870.3529411764707 3147.0588235294117 884.4705882352943 box 0
3152.9411764705883 904.4705882352943 3649.4117647058824 880.9411764705883 3662.3529411764707 1388.0 3178.823529411765 1397.4117647058824 box 0
3127.0588235294117 900.9411764705883 3143.529411764706 1406.8235294117646 2640.0 1426.8235294117646 2614.1176470588234 930.3529411764707 box 0
3132.9411764705883 1416.235294117647 3163.529411764706 1923.294117647059 2654.1176470588234 1937.4117647058824 2631.764705882353 1442.1176470588236 box 0
3661.1764705882356 1412.7058823529412 3678.823529411765 1902.1176470588236 3176.470588235294 1919.7647058823532 3148.2352941176473 1416.235294117647 box 0
3678.823529411765 1908.0 3710.5882352941176 2408.0 3214.1176470588234 2439.7647058823527 3185.8823529411766 1936.235294117647 box 0
3165.8823529411766 1937.4117647058824 2668.2352941176473 1960.9411764705883 2691.764705882353 2464.470588235294 3189.4117647058824 2439.7647058823527 box 0
3207.0588235294117 2455.0588235294117 2714.1176470588234 2472.705882352941 2736.470588235294 2977.411764705882 3228.2352941176473 2959.7647058823527 box 0
3714.1176470588234 2423.2941176470586 3217.6470588235293 2459.7647058823527 3245.8823529411766 2964.470588235294 3732.9411764705883 2920.9411764705883 box 0
