2028.5584415584412 792.8571428571428 1849.987012987013 1258.4415584415583 1377.2597402597403 1068.1818181818182 1564.922077922078 598.7012987012987 box 0
1544.7922077922078 616.8831168831168 1358.4285714285713 1083.7662337662337 887.0 889.6103896103895 1079.857142857143 425.97402597402595 box 0
1361.025974025974 1093.5064935064934 880.5064935064935 907.7922077922077 716.8701298701299 1380.5194805194806 1186.3506493506493 1562.987012987013 box 0
1842.1948051948052 1281.168831168831 1366.8701298701299 1092.857142857143 1194.142857142857 1568.831168831169 1662.3246753246754 1750.0 box 0
2320.116883116883 1480.5194805194806 1849.3376623376623 1291.5584415584415 1671.4155844155844 1768.1818181818182 2140.896103896104 1948.051948051948 box 0
2507.7792207792204 992.8571428571429 2328.5584415584412 1462.987012987013 1852.5844155844156 1281.168831168831 2036.3506493506493 801.9480519480519 box 0
2990.896103896104 1164.2857142857142 2521.4155844155844 984.4155844155844 2345.4415584415583 1462.3376623376623 2817.51948051948 1639.6103896103898 box 0
2799.987012987013 1661.6883116883118 2333.1038961038957 1470.7792207792209 2153.233766233766 1944.805194805195 2620.116883116883 2127.272727272727 box 0
3296.090909090909 1845.4545454545455 2827.25974025974 1655.1948051948052 2635.051948051948 2118.181818181818 3111.025974025974 2295.4545454545455 box 0
3305.181818181818 1827.2727272727273 2830.5064935064934 1648.051948051948 3001.9350649350645 1164.2857142857142 3472.0649350649346 1350.6493506493507 box 0
