-15.933489503505143 1852.839390273054 904.8240907779345 1787.2720780593206 886.133620729091 1524.80300016884 -34.62395955234865 1590.3703123825735 box 0
-11.135010064858022 2647.0626826544412 978.3237436461816 2578.985024146941 960.4835183274922 2319.690455315529 -28.975235383547272 2387.768113823029 box 0
-4.875331014889014 532.378983058308 796.445628462392 474.81894381677023 777.2206789915735 207.17918611588632 -24.100280485707515 264.7392253574241 box 0
0.5498457633076441 1055.5346123382133 839.0993085730288 996.6439445913302 819.9626681603373 724.1556174591498 -18.58679464938382 783.0462852060328 box 0
19.7744391446937 2385.7576571785303 959.5275386813179 2314.770579732075 939.0744915956627 2044.005602709165 -0.6786079409614558 2114.9926801556203 box 0
6.656491195853448 1320.3489327956513 864.1870376751685 1253.5936737557495 843.9144863966148 993.1747610520047 -13.616060082700244 1059.9300200919065 box 0
12.183638567789217 2118.58271072496 938.7333376021544 2057.645606021259 920.9035810519617 1786.5438586414948 -5.646117982403439 1847.480963345196 box 0
-11.51931643835627 1592.0686892887045 887.3842693065787 1523.0523270006447 866.5753760849627 1252.0269047359538 -32.3282096599724 1321.0432670240134 box 0
10.014890336158317 2906.469167463914 996.5288887973727 2840.018730095527 979.0676898487782 2580.792186601027 -7.446308612436098 2647.2426239694137 box 0
-21.21190560784754 793.4859880086872 809.8629972357069 742.5305941783902 793.5516411158126 476.4947992685345 -37.52326172774184 527.4501930988315 box 0
