3028.0881165791775 2392.561015035938 3734.722222222222 1972.166666666667 3625.6826152803474 1788.8837433116641 2919.048509637302 2209.278091680935 box 0
2913.4577213309744 2196.958778561349 3616.666666666667 1793.0000000000002 3517.909790827277 1621.0846408363952 2814.7008454915845 2025.0434193977444 box 0
2813.8091486144144 2005.6275619114685 3520.591171041246 1602.1227152364963 3413.888888888889 1415.2222222222224 2707.1068664620575 1818.7270688971948 box 0
3141.0567562918827 2577.534732794568 3855.5555555555557 2158.277777777778 3752.9304536758486 1983.383810748832 3038.4316544121757 2402.6407657656223 box 0
2190.277777777778 2626.3333333333335 2902.2088966642036 2202.4255063277215 2803.203535904785 2036.1511590029804 2091.272417018359 2460.0589860085925 box 0
2302.777777777778 2809.6666666666665 3012.7330316639695 2399.552858297599 2911.639269762409 2224.5476623434465 2201.684015876218 2634.6614707125145 box 0
2094.4444444444443 2440.222222222222 2805.929250598496 2009.8353460906221 2697.219988690853 1830.1249682308217 1985.7351825368016 2260.5118443624215 box 0
2690.6865322285403 1820.9414104885375 3410.6600368811773 1408.2008556120254 3302.6932427819634 1219.8664886221427 2582.7197381293267 1632.6070434986545 box 0
1972.2222222222224 2243.0 2679.9761782822347 1817.3597427469947 2577.360078676861 1646.7298523323277 1869.6061226168492 2072.370109585333 box 0
2418.833333333333 3000.7222222222217 3128.7885872195247 2590.608413853154 3027.6948253179644 2415.6032178990017 2317.739571431773 2825.7170262680697 box 0
