1125.8575234815387 505.0849770517384 623.2852505448509 510.11086731189755 618.2983206743055 11.434503467742388 1120.8705936109932 6.4086132075833016 box 0
622.3918846705556 541.9108253976046 1118.3127814474378 517.094096503761 1143.1870045297123 1014.1639186530496 647.2661077528305 1038.9806475468934 box 0
1141.7936852034268 513.7368912504023 1642.857142857143 503.71428571428595 1652.7380663312279 997.694584838702 1151.6746086775117 1007.7171903748182 box 0
1646.948051948052 476.4415584415585 1137.6623376623377 476.4415584415585 1137.6623376623377 2.415584415584581 1646.948051948052 2.415584415584581 box 0
2170.12987012987 455.66233766233785 1659.7402597402597 455.66233766233785 1659.7402597402597 3.7142857142858796 2170.12987012987 3.7142857142858796 box 0
2687.0129870129867 453.0649350649353 2163.6363636363635 453.0649350649353 2163.6363636363635 -0.18181818181801646 2687.0129870129867 -0.18181818181801646 box 0
3210.3896103896104 453.0649350649353 2693.5064935064934 453.0649350649353 2693.5064935064934 1.1168831168832822 3210.3896103896104 1.1168831168832822 box 0
1654.6946837673818 490.7070675383637 2167.6560476174895 485.5772829059015 2172.5780435053452 977.7604649291692 1659.616679655238 982.8902495616313 box 0
2177.8699760836694 493.29800920475907 2689.532703569599 488.1812113688349 2694.4676862539927 981.6630297562803 2182.804958768063 986.7798275922044 box 0
2702.5516318209534 472.4862889669318 3207.721177485996 467.43442511369693 3212.6431733738523 959.6176071369646 2707.4736277088095 964.6694709901993 box 0
