1323.0 1572.0576923076924 1383.755850061618 856.991029410769 755.0267025749356 803.570871828096 694.2708525133179 1518.6375347250196 box 0
3348.0 1740.326923076923 3397.635000662399 1015.0766754209347 2756.6153637758594 971.2062869525315 2706.980363113462 1696.45653460852 box 0
1996.0769230769233 1618.2115384615386 2056.88295105677 898.1782487021284 1418.7874606948121 844.2917787394305 1357.9814327149656 1564.325068498841 box 0
1841.2692307692305 2369.1730769230767 1911.5949354615327 1646.745315004012 1283.53801871967 1585.6062674964578 1213.212314027368 2308.034029415522 box 0
2694.0675469384105 2528.205700079796 2732.193203543883 1797.023775203904 2087.423076923077 1763.4038461538462 2049.297420317604 2494.5857710297378 box 0
2667.2307692307695 1651.8653846153848 2723.265270836585 939.1273370843041 2076.022848265945 888.2420129564309 2019.9883466601295 1600.9800604875118 box 0
1247.2096049021661 797.4948735341728 1289.5440624314815 171.16436000673548 784.8609030863969 137.0521982748623 742.5264455570815 763.3827118022996 box 0
2342.9654448852784 831.1020023671133 2384.114452238039 214.23669004778964 1859.3413150450679 179.23084152683 1818.1923076923076 796.0961538461538 box 0
1786.1841189958761 836.4012750592983 1838.59601757314 210.13808625693457 1322.5272831926486 166.94834965917454 1270.1153846153845 793.2115384615385 box 0
2876.846153846154 872.0576923076923 2913.952796036345 249.1586083257054 2390.17739155497 217.9568502530047 2353.0707493647797 840.8559342349917 box 0
3419.992811979051 936.2378886699034 3474.731737561341 320.7525938019623 2958.508156351521 274.8416282089819 2903.769230769231 890.3269230769231 box 0
