1725.3968253968253 1715.873015873016 1771.5990034565684 999.6847726730127 1139.6974427456535 958.9200314176303 1093.4952646859106 1675.1082746176332 box 0
3787.455891202862 1829.0474899275073 3849.773051080311 1118.893804428054 3204.154998885901 1062.2397530587782 3141.8378390084517 1772.3934385582315 box 0
2087.178687585267 550.1057616866756 2129.664515526721 13.328302343782724 1609.614116085222 -27.833582170897614 1567.1282881437683 508.9438771719951 box 0
3100.0 1769.8412698412699 3137.8738917137375 1049.465928353265 2489.653239281104 1015.385585255832 2451.779347567367 1735.7609267438368 box 0
2426.9841269841268 1738.095238095238 2457.0071794824935 1021.6797013916753 1802.1339724170948 994.2357227672506 1772.1109199187276 1710.6512594708133 box 0
1531.8909628590266 511.8749626856114 1569.1588375810666 -1.5419707497243564 1065.1135496379297 -38.12957708286319 1027.8456749158895 475.28735635247256 box 0
3164.524308296772 2531.794851731954 3210.8738016933694 1804.6303898139718 2560.505218223004 1763.175868940653 2514.155724826406 2490.3403308586353 box 0
2625.1136842005426 598.4172455314483 2671.325776117965 19.82111736128462 2151.021726871235 -21.73522458113092 2104.8096349538127 556.8609035890327 box 0
1765.079365079365 2431.746031746032 2494.9200420577154 2385.17969184063 2453.972546382397 1743.403936542858 1724.1318694040467 1789.9702764482602 box 0
3150.289279379089 674.7662370656934 3219.038600716956 55.925072374117406 2696.1256917818 -2.167229268452161 2627.3763704439325 616.6739354231238 box 0
3690.977695701018 754.1097507986123 3759.4784375879844 140.90022699539986 3238.1599923575022 82.6645035249536 3169.659250470536 695.874027328166 box 0
