660.1517848530613 2518.043262173457 659.5330676177038 2260.006357129664 -0.8205128205127039 2261.5897435897436 -0.20179558515531595 2519.6266486335367 box 0
671.8375694126134 2782.9574473961593 671.6268481376378 2528.2435807307374 -2.806449684525027 2528.801530112385 -2.595728409549402 2783.515396777807 box 0
654.8550537001258 1456.740301101973 654.961580900679 1202.2590365601745 -10.970395876369953 1201.9802739197398 -11.07692307692298 1456.4615384615386 box 0
650.4615384615387 2000.0512820512822 649.9712763409561 1722.8935768790277 -2.206531348768479 1724.0472091577913 -1.7162692281859784 2001.2049143300458 box 0
655.5897435897438 1210.3076923076924 655.2162968502028 934.2558761727382 -3.9838147485897126 935.1476512598522 -3.6103680090485746 1211.1994673948066 box 0
646.8048985708049 410.50141310363114 650.1687911392169 147.26286484793548 -16.115958522587118 138.74849515289952 -19.47985109099908 401.98704340859524 box 0
653.4692489334628 672.4708853676595 656.752374326487 413.35776730492177 -15.425384492545044 404.8408543631754 -18.708509885569136 663.9539724259132 box 0
657.6036103944765 1716.3975779124657 656.9973582396959 1466.3226823649115 -3.99086753939584 1467.9251044524456 -3.3846153846152447 1718.0 box 0
648.1521953029728 938.5580929998206 652.2714165924629 674.1379416740072 0.9529335575007867 663.9914950128748 -3.1662877319891454 928.4116463386881 box 0
640.8996862599744 2251.7920218159143 640.2051282051283 2005.179487179487 -3.0921474473077017 2006.9912657459083 -2.3975893924615317 2253.603800382335 box 0
