1955.877800843491 1338.6085861279032 1957.969196706385 832.2280106573178 1451.1746932055812 830.134905235622 1449.0832973426873 1336.5154807062074 box 0
2457.025533966021 1867.360102748424 2459.574149565867 1358.9499307192245 1955.4382744751408 1356.4227417950333 1952.8896588752943 1864.8329138242325 box 0
2466.3040120816645 832.9243759958067 2467.277407293502 314.4714291052049 1969.5828829073494 313.5370078237734 1968.6094876955117 831.9899547143754 box 0
1937.4923684105645 2889.6748092995913 1940.6923750909898 2385.955256752374 1445.7621069922673 2382.8110862387384 1442.562100311842 2886.5306387859555 box 0
1963.0833087256685 830.1053654932502 1965.293732395551 318.5399971876443 1459.6265339562162 316.3550589299675 1457.4161102863338 827.9204272355735 box 0
2470.7273428716308 1344.595980482921 2475.453913646079 844.4611017917994 1973.2384370050772 839.7148681346328 1968.5118662306295 1339.8497468257544 box 0
1939.4798902783903 1854.5906843793023 1936.7628903568736 1350.4175160573186 1433.9361673082797 1353.127259956635 1436.6531672297963 1857.3004282786187 box 0
1940.2961445406024 2376.2894595103685 1942.8442993594037 1870.3431420659651 1434.216694967454 1867.78148317762 1431.6685401486527 2373.7278006220236 box 0
2450.599641557205 2380.9655245074873 2450.0945854548613 1876.9615773902262 1952.0376455826874 1877.460674070393 1952.5427016850315 2381.4646211876543 box 0
2439.8971763890936 2897.290062112631 2442.821746254887 2397.7200218167527 1949.1654197412774 2394.8300718595365 1946.2408498754846 2894.4001121554147 box 0
