2549.775297837914 1902.621051971169 3491.4637454331723 1152.5675841606403 3382.4360524123304 1015.6838506777567 2440.747604817072 1765.7373184882854 box 0
2343.9092821109407 1616.963146240523 3279.895830225021 879.8309995674002 3174.183617211569 745.6010520626991 2238.1970690974886 1482.733198735822 box 0
2019.35574147969 1196.3693099959382 2967.5914170251094 467.59621766630426 2865.545920202439 334.82076034707933 1917.3102446570197 1063.5938526767134 box 0
1803.0578778120373 927.8694620116135 2746.9150918287473 205.32797200930634 2642.7692307692305 69.28205128205124 1698.912016752521 791.8235412843584 box 0
2121.623610325316 1338.2387970307486 3068.7900168115493 615.7200342488239 2964.02713506653 478.38397137135087 2016.8607285802966 1200.9027341532756 box 0
2225.5374259292203 1490.7889516225584 3166.3288105104775 740.6518464252442 3060.791791600076 608.2916185983886 2120.000407018819 1358.428723795703 box 0
1902.4717653492712 1078.063232328349 2854.2336081304234 344.7127226633669 2742.7692307692305 200.051282051282 1791.0073879880779 933.4017917162637 box 0
2466.5950565926664 1752.453472012196 3377.4529428234023 1018.884331929421 3263.633809984482 877.5574288667104 2352.775923753746 1611.1265689494853 box 0
2657.446753960803 2026.467723196374 3602.9172985911127 1281.4728831920177 3500.2300328433957 1151.1528059784307 2554.759488213086 1896.1476459827868 box 0
1684.9297302930809 804.7702318782228 2640.6102357522295 67.16827592036799 2535.3650679857274 -69.19355760759305 1579.6845625265787 668.4083983502619 box 0
