2774.4680851063827 1054.1702127659573 3073.404255319149 1311.6170212765958 2817.0212765957444 1602.5744680851062 2516.4893617021276 1341.936170212766 box 0
2507.446808510638 1344.063829787234 2806.914893617021 1609.4893617021276 2546.808510638298 1903.6382978723402 2240.9574468085107 1635.5531914893616 box 0
2557.978723404255 1925.978723404255 2848.404255319149 2188.7446808510635 2590.9574468085107 2478.106382978723 2293.0851063829787 2208.9574468085107 box 0
2287.7659574468084 2215.872340425532 2588.829787234042 2483.4255319148933 2325.0 2773.31914893617 2022.872340425532 2509.4893617021276 box 0
2017.5531914893616 2515.872340425532 2322.8723404255315 2785.0212765957444 2094.0 3035.0 1751.5957446808509 2817.4680851063827 box 0
1714.3617021276596 2239.808510638298 2014.3617021276596 2507.8936170212764 1748.404255319149 2804.1702127659573 1460.6382978723404 2535.0212765957444 box 0
1973.404255319149 1932.8936170212764 2278.723404255319 2205.7659574468084 2011.7021276595744 2498.851063829787 1716.4893617021276 2227.574468085106 box 0
2242.0212765957444 1641.404255319149 2544.1489361702124 1905.2340425531916 2281.382978723404 2202.0425531914893 1978.723404255319 1931.8297872340424 box 0
2820.7446808510635 1622.2553191489365 3121.808510638298 1892.4680851063831 2853.1914893617018 2183.4255319148933 2561.1702127659573 1910.0212765957447 box 0
3080.31914893617 1314.8085106382978 3372.8723404255315 1585.5531914893616 3118.6170212765956 1879.1702127659573 2822.8723404255315 1607.8936170212767 box 0
