1465.2553684670263 310.3591131682435 1967.3731186762518 315.38045804961433 1962.316060104402 821.0694582603278 1460.1983098951764 816.048113378957 box 0
1464.2571607091556 822.1581197337844 1967.7278783519678 832.2288768900701 1957.599982147987 1338.5561659805012 1454.129264505175 1328.4854088242155 box 0
1989.9250354244098 827.4812319859784 2488.0857819029698 837.44577555679 2477.8915434558403 1347.0897345111937 1979.730796977282 1337.1251909403825 box 0
1991.2857142857142 309.99999999999994 2491.285714285714 334.2857142857143 2486.285714285714 831.4285714285712 1971.9999999999998 814.2857142857142 box 0
1439.142857142857 1344.2857142857142 1942.7142857142856 1344.2857142857142 1942.7142857142856 1853.5714285714284 1439.142857142857 1853.5714285714284 box 0
1965.312492514799 1346.7915416777676 2466.715992723727 1351.8057438210426 2461.544650342344 1868.922744036518 1960.1411501334157 1863.908541893243 box 0
1445.97322555036 1858.2162738823802 1948.0909757595855 1863.2376187637508 1943.0267744496398 2369.6408689747623 1440.9090242404143 2364.619524093391 box 0
1961.2857142857142 1872.8571428571427 2468.4285714285716 1872.8571428571427 2468.4285714285716 2379.285714285714 1961.2857142857142 2379.285714285714 box 0
1456.4637992973362 2367.9230449505176 1954.9355169068158 2377.893808773337 1944.6790578455207 2890.64838362091 1446.207340236041 2880.677619798091 box 0
1959.8571428571427 2394.9999999999995 1955.5714285714284 2899.285714285714 2461.285714285714 2886.428571428571 2461.285714285714 2386.428571428571 box 0
