1876.2740653041922 249.04167457215607 3416.581662099863 233.6380851477955 3414.0720885419614 -17.310905341386842 1873.7644917462908 -1.907315917026267 box 0
1871.6734849325749 267.1992935310963 3425.4419471184697 251.66109096569892 3428.2880535289632 536.2622449304422 1874.5195913430684 551.8004474958395 box 0
1872.0932984625672 575.6856250695937 3430.2783889461966 560.1032547489506 3433.1658597143987 848.8407066024337 1874.9807692307693 864.4230769230769 box 0
1878.394614900723 876.8099186108237 3431.201586701602 861.2813312697859 3434.066923560815 1147.8054660045611 1881.259951759936 1163.3340533455987 box 0
1881.2410097705115 1178.781263961789 3443.6628854215505 1163.1565243771536 3446.605144075642 1457.372582192057 1884.1832684246028 1472.9973217766924 box 0
3436.7593033679063 1750.5121965334083 1886.8368027220758 1766.0119382013668 1883.9714658628627 1479.4878034665917 3433.893966508693 1463.9880617986332 box 0
1886.7984379778418 1773.728476380855 3438.6439193937044 1758.2095042641772 3441.624638945235 2056.271523619145 1889.7791575293722 2071.790495735823 box 0
1895.6206258778798 2078.743019408701 3450.3505784487907 2063.195201618944 3453.3793741221198 2366.0646728989914 1898.649421551209 2381.6124906887485 box 0
1898.534038859052 2391.233259954774 3451.341010659931 2375.7046726137364 3454.3121149871017 2672.8052015836874 1901.5051431862225 2688.333788924725 box 0
1904.3273317274434 2697.968716606417 3458.095793913338 2682.4305140410193 3461.01882211871 2974.723591085891 1907.2503599328152 2990.2617936512884 box 0
