-6.136919135257047 1744.4535578381851 563.2820512820514 1723.128205128205 556.4647232114538 1541.0952988616675 -12.954247205854585 1562.4206515716478 box 0
-14.140873997504778 1555.5986359534468 563.2820512820514 1538.5128205128208 558.042604061176 1361.443312087016 -19.380321218380175 1378.5291275276425 box 0
-3.767329496856746 2875.156550543474 586.4361243027153 2858.185696663773 581.0144863076172 2669.634814507795 -9.188967491954827 2686.6056683874963 box 0
-0.2665864562722504 2686.101719537804 583.7391983220543 2671.881291193749 579.1014483070107 2481.4177712764044 -4.90433647131573 2495.6381996204595 box 0
-4.3945304386744795 1944.7073057148252 569.2790827931976 1918.5450538828775 560.7179487179488 1730.820512820513 -12.955664513923265 1756.9827646524611 box 0
-2.8304935471367116 2498.2058134603317 582.7483752689782 2481.7990586970795 577.5434048668693 2296.026751847285 -8.035463949245582 2312.4335066105373 box 0
-8.966868362218918 2320.693845373436 589.0246290345883 2299.1995491564353 581.8295358274288 2099.025302118019 -16.16196156937832 2120.51959833502 box 0
-3.2289010575799466 2132.725957023397 579.5146887379415 2104.964729935652 570.974358974359 1925.6923076923076 -11.769230821162411 1953.4535347800525 box 0
-15.224626254573618 1379.104495080254 547.8974358974359 1364.1538461538462 542.7881551381935 1171.710780209321 -20.333907013815974 1186.661429135729 box 0
7.154158662541704 3050.153432791211 606.4200327656133 3036.4052936376156 602.234551168696 2853.9648731780276 2.9686770656244335 2867.7130123316233 box 0
