1158.8235294117646 2298.5882352941176 1069.4117647058824 2590.3529411764703 2310.5882352941176 3030.3529411764703 2618.823529411765 2816.235294117647 box 0
1258.8235294117646 2004.4705882352941 1162.3529411764707 2289.176470588235 2611.764705882353 2808.0 2720.0 2532.705882352941 box 0
1360.0 1718.5882352941173 1261.1764705882354 2004.4705882352941 2720.0 2522.1176470588234 2814.1176470588234 2239.7647058823527 box 0
2909.4117647058824 1958.5882352941178 2818.823529411765 2233.882352941176 1361.1764705882354 1716.2352941176473 1449.4117647058824 1432.7058823529412 box 0
3011.764705882353 1668.0000000000002 2914.1176470588234 1953.8823529411766 1451.764705882353 1428.0 1549.4117647058824 1148.0 box 0
3102.3529411764707 1373.8823529411766 3016.470588235294 1670.3529411764707 1547.0588235294117 1143.2941176470588 1643.5294117647059 857.4117647058823 box 0
3208.2352941176473 1084.4705882352941 3117.6470588235293 1364.4705882352941 1652.9411764705883 849.1764705882352 1745.8823529411766 573.8823529411765 box 0
3308.2352941176473 799.7647058823529 3218.823529411765 1076.235294117647 1751.764705882353 563.2941176470588 1843.5294117647059 285.64705882352933 box 0
3402.3529411764707 515.0588235294117 3311.764705882353 796.235294117647 1848.235294117647 279.76470588235287 2015.2941176470588 11.529411764705829 box 0
3497.6470588235293 223.29411764705878 3411.764705882353 504.4705882352941 2027.0588235294117 5.647058823529359 2883.529411764706 15.058823529411711 box 0
