3645.1071655326673 1861.2634436634783 3856.3620248764105 1698.3651109253487 3251.25 913.6250000000002 3039.995140656256 1076.5233327381293 box 0
2073.9224686723146 3053.838953002335 2286.516190753311 2887.9991316415353 1676.6153846153845 2106.153846153846 1464.0216625343883 2271.9936675146455 box 0
2989.885490341618 2384.8407776972995 3197.7969723176643 2223.1829548378273 2588.75 1439.875 2380.8385180239543 1601.5328228594728 box 0
3425.0124739641287 2038.550591345999 3643.9292514820118 1867.7232293291477 3035.0 1087.375 2816.0832224821165 1258.2023620168507 box 0
1830.9300630215937 3196.160656866729 2045.2161790499301 3031.6939466689078 1460.13226987449 2269.379443648333 1245.8461538461538 2433.846153846154 box 0
3869.626144428702 1691.7390166833572 4083.0402411849245 1529.1073265684472 3478.75 736.1250000000001 3265.3359032437775 898.7566901149111 box 0
2308.0807237286563 2904.2834853863155 2527.177953667386 2734.388948368542 1924.3076923076922 1956.9230769230771 1705.210462368962 2126.81761394085 box 0
2532.3187643140286 2735.6195585682253 2752.495577783284 2566.5631424599123 2147.5 1778.6250000000002 1927.3231865307448 1947.6814161083128 box 0
2760.004252406223 2560.6491497809798 2977.5 2393.625 2372.1262096474993 1605.3184869655065 2154.6304620537226 1772.3426367464863 box 0
3209.5392629954486 2208.769388428351 3423.327028606992 2042.5231626842149 2813.75 1258.625 2599.9622343884557 1424.8712257441357 box 0
