3211.614249501651 1770.548668754576 3901.3325107949827 646.1827926814495 3716.869776444847 533.0280633208132 3027.151515151515 1657.3939393939393 box 0
2241.326923076923 0.9615384615384615 2000.9423076923076 1.923076923076923 1534.5961538461538 746.1538461538461 1712.4807692307693 859.6153846153845 box 0
2252.8653846153843 1.923076923076923 2506.711538461538 0.9615384615384615 1889.4038461538462 978.8461538461538 1716.326923076923 865.3846153846154 box 0
2512.480769230769 1.923076923076923 2759.5961538461534 1.923076923076923 2084.596153846154 1082.6923076923076 1901.9038461538462 978.8461538461538 box 0
2767.2884615384614 0.9615384615384615 2963.4423076923076 75.96153846153845 2271.1346153846152 1200.9615384615383 2092.2884615384614 1087.5 box 0
3899.8378378378375 649.7567567567567 4020.108108108108 888.9459459459458 3397.135135135135 1882.1891891891894 3216.0540540540537 1774.081081081081 box 0
3026.2809161683176 1654.9123051182123 3715.999177461649 530.5464290450858 3531.5364431115136 417.39169968444946 2841.8181818181815 1541.7575757575755 box 0
2840.9475828349846 1543.8213960273029 3530.665844128316 419.45551995417657 3346.2031097781805 306.3007905935402 2656.4848484848485 1430.6666666666663 box 0
2651.0687949561966 1431.2153354212428 3340.787056249528 306.84945934811583 3156.3243218993925 193.69472998747952 2466.6060606060605 1318.060606060606 box 0
2461.1900070774086 1308.0032142091218 3150.90826837074 183.63733813599458 2966.4455340206046 70.48260877535824 2276.7272727272725 1194.848484848485 box 0
