2705.0 2817.375 2829.1162779630195 2682.5374544240008 1953.6020976798654 1876.6375776768296 1829.485819716846 2011.4751232528288 box 0
2560.414574375821 2958.7961113664587 2695.6616159578875 2811.3490690307167 1816.4970415820662 2004.9279576642575 1681.25 2152.375 box 0
3615.965333331685 1838.6030054723626 3737.991786976756 1704.946591576773 2842.5 887.3750000000001 2720.473546354928 1021.0314138955897 box 0
2422.1898866098495 3073.022828665326 2533.016495882893 2953.8564088172257 1653.75 2136.125 1542.923390726956 2255.2914198481003 box 0
3487.5 1982.3749999999998 3615.960681100052 1841.9164106655294 2738.9685818664466 1039.8365740338104 2610.507900766394 1180.295163368281 box 0
2833.75 2679.875 2969.4650277881506 2534.338213561815 2091.34535017552 1715.4797011187222 1955.630322387369 1861.016487556907 box 0
3111.25 2403.625 3230.955091326004 2276.998431479305 2354.781006349378 1448.716499141678 2235.0759150233744 1575.343067662374 box 0
3232.3131069183623 2271.0230323042283 3355.0 2141.125 2486.2270604247187 1320.580986675305 2363.5401673430806 1450.4790189795335 box 0
3357.8131069183623 2139.0230323042283 3480.5 2009.1249999999998 2611.7270604247187 1188.580986675305 2489.0401673430806 1318.4790189795335 box 0
2967.5 2533.625 3093.0222794023425 2400.8448873285365 2226.531006349378 1581.7164991416782 2101.008726947036 1714.4966118131417 box 0
