1634.7457627118645 1068.6440677966102 1769.3274512844234 931.2344472635705 914.6493314917441 94.1458642260992 780.067642919185 231.55548475913892 box 0
1778.813559322034 943.2203389830507 1911.8933941141088 808.7960274633529 1048.4256913078 -46.03549771739496 915.3458565157256 88.38881380230333 box 0
964.406779661017 1759.3220338983053 1105.2999939497315 1614.3503107354852 242.93686096661372 776.2481550922262 102.04364667789952 921.2198782550463 box 0
1240.677966101695 1477.9661016949153 1372.9384486193433 1343.4934362947517 516.631809455853 501.2737261268662 384.3713269382048 635.74639152703 box 0
828.9473684210526 1896.0526315789475 955.0537232783042 1769.1379231283192 103.55335316353717 923.0609857452401 -22.553001693714506 1049.9756941958685 box 0
1363.5593220338983 1331.35593220339 1493.0876597331094 1198.5268822448093 648.7881812445581 375.2076760693987 519.2598435453473 508.03672602797957 box 0
1094.915254237288 1611.0169491525426 1230.9028004945544 1472.2711613842228 382.24501568123424 640.4845419475397 246.25746942396805 779.2303297158595 box 0
1495.7627118644068 1200.8474576271187 1625.0484252520766 1069.9234402444993 776.3821597590328 231.87687128179516 647.0964463713628 362.80088866441463 box 0
1927.7238525898738 822.1500642523915 2055.9322033898306 693.2203389830509 1202.89538545556 -155.0436542157594 1074.687034655603 -26.113928946419062 box 0
704.578947368421 2030.8947368421052 830.6853022256727 1903.9800283914772 -20.815067889094394 1057.9030910083982 -146.92142274634608 1184.8177994590264 box 0
