1039.3617021276596 2245.574468085106 1088.483832614208 1525.4416783391148 454.65139934846246 1482.2063196152485 405.5292688619141 2202.3391093612404 box 0
4194.388838817356 2409.9291031508974 4249.232228522656 1509.3979207078542 3719.8778694268053 1477.1596284931038 3665.0344797215043 2377.690810936147 box 0
1695.7446808510638 2286.0 1750.3667202536908 1576.0742674488595 1118.5513102451355 1527.4620751612838 1063.929270842509 2237.3878077124245 box 0
2426.420755331639 2340.119581507831 2446.4852255060214 1608.9643271004431 1792.4048957062969 1591.0149583585696 1772.340425531915 2322.1702127659573 box 0
3631.851262164292 2412.197311082873 3696.6297019169765 1525.5884798301406 3153.808399895734 1485.9282421131613 3089.02996014305 2372.537073365894 box 0
1535.6245139849086 1485.5889973189992 1536.0395800008569 857.8999633335095 1022.2633102643588 857.5602233383496 1021.8482442484107 1485.2492573238392 box 0
2054.255319148936 1526.4255319148936 2062.9449467364525 903.8833964458559 1552.1766174774857 896.7539407642504 1543.486989889969 1519.296076233288 box 0
1035.0475994519338 816.9415951238354 1545.1522118326993 791.211707950379 1514.0755700443906 175.10569059190357 1003.9709576636251 200.83557776535997 box 0
506.4074135062765 820.4292606325805 1013.2568259299884 805.9933742571249 995.4715942146707 181.54718437474367 488.62218179095896 195.98307075019937 box 0
1568.2947551639709 853.756765228036 2085.5555555555557 815.4444444444446 2039.9113809504538 199.19510724532512 1522.6505805588688 237.50742802891662 box 0
1015.9574468085106 1460.4680851063831 1016.8564182569257 841.9588311907034 501.3377315725504 841.2095512445752 500.43876012413523 1459.718805160255 box 0
371.0561279646672 2191.1797133092023 432.4826581776404 1470.8688275227519 -22.023911127616117 1432.1095055933856 -83.45044134058944 2152.420391379836 box 0
12.886085770451727 1212.5679388141857 497.6834269604622 1193.041113079126 472.8114133231648 575.5374673250601 -11.98592786684577 595.0642930601196 box 0
