1.3333333333333333 1778.6666666666667 1248.0 1785.3333333333333 1244.6666666666667 2089.3333333333335 0.6666666666666666 2082.6666666666665 box 0
1.9999999999999998 1476.6666666666667 1240.6666666666667 1474.0 1239.3333333333333 1774.6666666666667 0.6666666666666666 1775.9999999999998 box 0
0.6666666666666666 1169.3333333333333 1235.3333333333333 1168.6666666666667 1243.3333333333333 1470.0 1.3333333333333333 1474.0 box 0
0.6666666666666666 866.0 1236.6666666666667 864.0000000000001 1240.6666666666667 1163.3333333333333 3.3333333333333335 1169.3333333333333 box 0
1.9999999999999998 547.3333333333334 1237.3333333333333 556.6666666666666 1240.6666666666667 862.0 0.0 865.3333333333333 box 0
1.3333333333333333 252.66666666666669 1230.0 251.33333333333337 1237.3333333333333 554.0 1.9999999999999998 550.0 box 0
0.0 2.0 1224.6666666666667 2.6666666666666665 1232.0 247.33333333333331 1.3333333333333333 252.00000000000003 box 0
2.4109589041095765 2083.5616438356165 1247.6164383561645 2100.0 1248.986301369863 2395.8904109589043 1.0410958904109464 2386.301369863014 box 0
2.4109589041095765 2389.041095890411 1246.2465753424658 2400.0 1254.4657534246576 2690.4109589041095 1.0410958904109464 2698.6301369863013 box 0
2.4109589041095765 2702.7397260273974 1254.4657534246576 2694.5205479452056 1254.4657534246576 2998.6301369863013 3.780821917808207 3001.3698630136987 box 0
