416.6664049914766 2803.237469444967 1238.1661523883918 1937.766478687681 1085.7547263332915 1793.0984894173375 264.25497893637635 2658.5694801746235 box 0
718.5239754239935 3108.210667487786 1551.6168631630642 2233.988388866078 1398.9121497591118 2088.467948845222 565.8192620200414 2962.69022746693 box 0
256.7769644510721 2682.8548020760845 1068.862217524871 1794.5047645559023 909.9175130116964 1649.2054510672258 97.83225993789728 2537.5554885874085 box 0
107.68814793077898 2517.764252812584 922.9259852354874 1634.5696789147273 775.9557860226571 1498.9079902047072 -39.28205128205116 2382.102564102564 box 0
554.5630156053838 2973.1053943771503 1385.4092357061418 2102.53756770401 1230.7185761914911 1954.9050159316873 399.8723560907332 2825.4728426048277 box 0
932.63214616977 3197.0847184478052 1700.9479342973304 2398.519764605284 1542.2752554873346 2245.8575125397438 773.9594673597741 3044.422466382265 box 0
1207.9329404146297 3218.1993365729177 1842.2845828643017 2555.1200395979563 1682.9858011930364 2402.7228161370426 1048.6341587433644 3065.8021131120045 box 0
-37.901595658964666 2372.174509222841 777.3362416457437 1488.9799353249834 630.3660424329134 1353.3182466149635 -184.8717948717948 2236.5128205128212 box 0
-188.61954437691338 2236.841175889509 626.618292927795 1353.6466019916502 479.6480937149647 1217.9849132816303 -335.58974358974353 2101.179487179489 box 0
-190.61954437691338 2234.841175889509 624.618292927795 1351.6466019916502 477.6480937149647 1215.9849132816303 -337.58974358974353 2099.179487179489 box 0
-349.02980078716973 2089.2514322997667 466.20803651753863 1206.0568584019065 319.23783730470836 1070.3951696918866 -495.9999999999999 1953.589743589746 box 0
