1097.6047904191616 1749.7005988023952 1402.994011976048 1737.7245508982037 1416.1676646706587 2377.245508982036 1105.9880239520958 2391.616766467066 box 0
1409.5808383233534 1720.9580838323354 1712.5748502994013 1713.7724550898204 1728.74251497006 2351.497005988024 1428.1437125748503 2362.2754491017963 box 0
1721.556886227545 1715.5688622754492 2026.9461077844312 1707.185628742515 2044.3113772455088 2342.5149700598804 1742.5149700598804 2352.095808383234 box 0
2037.7245508982037 1698.8023952095812 2338.9221556886228 1693.413173652695 2358.682634730539 2331.736526946108 2056.88622754491 2334.131736526946 box 0
2349.7005988023952 1682.0359281437125 2653.293413173653 1675.4491017964074 2679.6407185628746 2308.3832335329344 2375.4491017964074 2316.7664670658683 box 0
2372.4550898203593 2331.1377245508984 2682.0359281437127 2329.3413173652693 2673.652694610779 2961.0778443113772 2371.25748502994 2965.2694610778444 box 0
2050.8982035928143 2356.2874251497005 2358.682634730539 2359.2814371257487 2355.0898203592815 2993.4131736526947 2058.0838323353296 2994.011976047904 box 0
1738.9221556886228 2375.4491017964074 2040.7185628742516 2373.053892215569 2053.293413173653 3008.982035928144 1750.2994011976048 3016.7664670658683 box 0
1420.359281437126 2393.4131736526947 1726.3473053892217 2385.6287425149703 1748.5029940119762 3029.9401197604793 1445.5089820359283 3029.9401197604793 box 0
1097.5206611570247 2409.735537190083 1409.9173553719008 2396.512396694215 1438.01652892562 3032.0495867768595 1133.0578512396694 3034.528925619835 box 0
