3426.1007227422724 1579.9407415698788 3726.3191641335125 617.4756706695395 3524.589304113196 554.5507646251896 3224.3708627219557 1517.015835525529 box 0
3219.1831736128006 1489.6944092518268 3515.307381944882 524.7271405009058 3310.111572786125 461.7577025645793 3013.987364454044 1426.7249713155004 box 0
2137.3001950584294 1157.5109866382832 2429.0977738105357 191.96201036805337 2220.6645273841978 128.97160994985165 1928.8669486320914 1094.5205862200814 box 0
2353.477673916947 1222.5713691544672 2648.9290965898786 259.8047648866762 2439.5898004482874 195.56324197529355 2144.138377775356 1158.3298462430846 box 0
1921.9743525019055 1078.1975267188802 2211.407568868607 113.30832641278577 2005.1811086186997 51.447557662223225 1715.7478922519979 1016.3367579683177 box 0
3004.683969475899 1419.2993848627202 3297.9676291520727 452.9183599590537 3091.3988033512487 390.22749616450136 2798.115143675075 1356.6085210681679 box 0
2572.357432288201 1291.494617579469 2862.0626712409526 327.07743101884904 2654.643865471809 264.77004420947156 2364.9386265190574 1229.1872307700914 box 0
3634.4046182350944 1659.5549088603457 3941.8928190722686 704.5734185124206 3740.730034474866 639.8023383015193 3433.241833637692 1594.7838286494443 box 0
2789.910152086589 1357.5078152846943 3075.590096579386 391.05090819856304 2868.9473003059893 329.96830623630166 2583.267355813192 1296.425213322433 box 0
1700.0528664901117 1024.4512441091588 2002.0187805329515 42.666148762335695 1791.0907187149664 -22.208624022488834 1489.1248046721266 959.5764713243344 box 0
