1192.0986076126703 2951.4276773539605 1352.970712325635 2949.4038404680987 1340.9473684210527 1993.6842105263156 1180.0752637080877 1995.708047412177 box 0
702.6230763316861 2943.478262057617 707.5235523981886 1978.291043378083 551.3378424922336 1977.4980528385165 546.4373664257308 2942.6852715180503 box 0
1025.0817800675582 2953.515030893531 1188.339232354007 2952.619907476348 1183.0526315789475 1988.4210526315787 1019.7951792924987 1989.3161760487606 box 0
864.1052631578947 2936.8421052631575 872.9081788409858 1985.322651030479 711.3583026256953 1983.8280836492124 702.5553869426042 2935.3475378818903 box 0
1350.5474105333324 2955.4422203060176 1510.421052631579 2953.6842105263154 1499.8184087025409 1989.4783680008172 1339.9447666042943 1991.2363777805197 box 0
1825.157894736842 2954.736842105263 1821.1873197963973 1989.7053801161887 1663.5950162660313 1990.3537859722162 1667.5655912064758 2955.385247961291 box 0
539.9920508200473 2942.650468483118 556.9271767920623 1980.2431956855748 406.30354702464666 1977.592727202457 389.3684210526317 2940.0 box 0
1993.578947368421 2949.4736842105262 1992.2892565936302 1987.824795242066 1824.6452797944683 1988.0496266673472 1825.9349705692593 2949.698515635808 box 0
1016.0933911467949 2950.445300662442 1027.2631578947369 1986.3157894736842 875.9974306546551 1984.563324819691 864.8276639067134 2948.69283600845 box 0
1506.493042462031 2953.1419359463434 1662.4606214398618 2952.4055172664607 1657.9181348834047 1990.3432419542835 1501.950555905574 1991.0796606341655 box 0
