1710.6176701326797 1674.482232309681 1781.704458815782 958.1124161638047 1149.675023977219 895.3948897364764 1078.5882352941173 1611.764705882353 box 0
2395.5258273332547 564.8155074165106 2411.5712189096207 10.090810369527219 1896.1905117780734 -4.816557737304436 1880.1451202017076 549.908139309679 box 0
2389.176470588235 1676.4705882352941 2432.6369884303735 957.4290857826043 1785.3200361628487 918.3037642850561 1741.8595183207103 1637.3452667377462 box 0
3083.886497087176 1692.0092122888136 3119.1737721817044 974.1412035099376 2467.9931574474695 942.1319912211238 2432.705882352941 1660.0 box 0
1860.1689150946545 577.5698644731215 1872.0894146556711 11.6333538008152 1362.8743512017325 0.9075960066149945 1350.9538516407154 566.8441066789212 box 0
3760.256920840033 1698.1121287130209 3779.0736669602684 987.7859067362399 3139.7579225908244 970.8502486114544 3120.9411764705883 1681.1764705882354 box 0
2926.397827915704 589.9983165285764 2951.4639142283463 15.356266710367835 2435.9371894793153 -7.131188537853689 2410.871103166673 567.5108612803549 box 0
3462.352936275854 632.3234208556677 3472.3315848552174 30.385830310867846 2953.661097995386 21.787546039940594 2943.682449416023 623.7251365847405 box 0
1060.0515506457878 1622.1498387130705 1127.8561728125514 907.6459580772416 500.5346082973887 848.114718553165 432.72998613062487 1562.6185991889938 box 0
1325.4775399013142 567.0662773165484 1342.2238599372463 17.424404039499905 832.7946294250195 1.9032704712861912 816.0483093890878 551.5451437483346 box 0
795.2604291363823 697.9628405379037 808.5186503144186 17.39179820615567 187.1444080904856 5.28679134381008 173.88618691244926 685.8578336755581 box 0
3988.0000000000005 712.9411764705883 4000.6559715870244 107.00012264694797 3483.975422789923 96.2084882067976 3471.319451202898 702.1495420304378 box 0
2692.705882352941 2642.3529411764707 2751.2071070027005 1738.7005850047674 2210.561979208526 1703.6999546618358 2152.060754558766 2607.352310833539 box 0
3264.9218983627475 2737.3695109852133 3353.660361712583 1848.5446151033175 2814.385522173364 1794.7045158828096 2725.6470588235293 2683.529411764706 box 0
375.0588235294114 1670.5882352941176 450.03492092993406 956.7991246173377 -22.261780835072386 907.1892847027111 -97.23787823559502 1620.978395379491 box 0
1873.8823529411764 2381.176470588235 1920.0445590570334 1894.3294102284344 1031.7142461822805 1810.099083415776 985.5520400664236 2296.9461437755767 box 0
