594.0588235294118 815.8823529411765 900.529411764706 812.3529411764706 908.764705882353 1456.4705882352941 596.4117647058824 1455.8823529411766 box 0
912.2941176470589 800.5882352941177 1217.5882352941178 800.0 1227.0 1440.0 918.1764705882354 1439.4117647058824 box 0
1223.4705882352941 795.2941176470589 1528.1764705882354 796.4705882352941 1545.235294117647 1430.0 1238.1764705882354 1432.9411764705883 box 0
1852.294117647059 769.4117647058824 2159.9411764705883 772.3529411764706 2172.8823529411766 1407.0588235294117 1865.235294117647 1408.235294117647 box 0
1537.5882352941178 777.6470588235295 1846.4117647058824 782.3529411764706 1853.4705882352941 1420.5882352941178 1550.529411764706 1422.9411764705883 box 0
1865.235294117647 1420.0 2173.470588235294 1421.764705882353 2161.1176470588234 2058.2352941176473 1856.4117647058824 2058.2352941176473 box 0
1544.058823529412 1443.5294117647059 1853.4705882352941 1447.6470588235295 1846.4117647058824 2089.4117647058824 1545.8235294117649 2085.8823529411766 box 0
1229.9411764705883 1456.4705882352941 1537.5882352941178 1460.5882352941178 1538.764705882353 2102.9411764705883 1233.4705882352941 2097.6470588235293 box 0
907.5882352941177 1468.235294117647 1215.235294117647 1465.2941176470588 1231.7058823529412 2110.0 929.3529411764707 2106.470588235294 box 0
591.7058823529412 1477.6470588235295 905.2352941176472 1470.5882352941178 921.7058823529412 2114.1176470588234 617.5882352941177 2112.9411764705883 box 0
