378.0282600136481 743.0146793306607 410.24602379256305 5.707444479314688 206.92496219053123 -3.1769793054229463 174.70719841161633 734.1302555459232 box 0
609.0743763677126 755.0146688904327 636.5856474415843 5.99699276273202 424.1212122789352 -1.8067839111847661 396.6099412050635 747.210892216516 box 0
1050.3177570093458 755.8504672897195 1075.669007119986 -0.7083740325669309 868.1176070997132 -7.663137053419746 842.7663569890728 748.8957042688668 box 0
828.8224299065421 747.4392523364484 856.8787502947329 8.380699390397117 646.945352895263 0.4111567416553612 618.8890325070721 739.4697096877068 box 0
1272.747663551402 774.5420560747663 1290.302316551192 -10.835450121609124 1085.5474375256185 -15.41210379827959 1067.9927845258285 769.965402398096 box 0
582.0934579439253 1596.03738317757 606.1447422730605 765.1693006916779 398.86408836804213 759.1691111933849 374.8128040389068 1590.037193679277 box 0
153.4609335382462 3033.996287800231 361.13256012413376 3033.4421050230667 359.66355140186926 2482.9532710280373 151.99192481598166 2483.5074538052017 box 0
381.9891991056644 3041.4964044905505 584.1989650760702 3038.680446980662 576.4859813084113 2484.8224299065423 374.2762153380055 2487.6383874164303 box 0
797.9813084112151 1596.9719626168226 827.9032461494903 763.3942746191832 627.4180070621436 756.197696630364 597.4960693238681 1589.7753846280027 box 0
1043.4304763864204 2460.8134529069175 1242.6630638021352 2456.5095150128623 1225.0841121495328 1642.766355140187 1025.851524733818 1647.0702930342413 box 0
819.5201827226033 2466.195981340733 1027.7668877676685 2461.216008158088 1008.2616822429907 1645.570093457944 800.0149771979255 1650.550066640589 box 0
1011.0654205607477 1603.5140186915887 1047.1910210936335 776.5481418898836 845.5408382133348 767.7391521135571 809.4152376804493 1594.7050289152621 box 0
1242.264040260284 3033.847543973022 1246.5794392523364 2477.345794392523 1042.279479243968 2475.7615480857303 1037.9640802519154 3032.2632976662294 box 0
1018.834928399519 3065.4119096278346 1026.018691588785 2482.9532710280373 817.4589748702991 2480.3809963351464 810.275211681033 3062.8396349349437 box 0
605.2551930274595 2458.8486072333317 803.904997166503 2454.794429312876 787.2944361263627 1640.8970715736577 588.6446319873191 1644.951249494113 box 0
579.2897196261683 2465.196261682243 580.2959423975303 1640.9007062581552 373.7564757861542 1640.6485822316192 372.75025301479224 2464.944137655707 box 0
358.7289719626169 2473.607476635514 364.73974964044334 1656.5870590547627 158.44262687540578 1655.0693416099675 152.4318491975794 2472.089759190719 box 0
798.8397102533329 3044.5858864571987 801.7196261682244 2472.6728971962616 602.6071008448447 2471.670249343703 599.7271849299532 3043.5832386046404 box 0
356.1724408067909 1585.9235430849087 384.3321919070982 753.2185158871933 185.95414362367188 746.5099260733125 157.79439252336462 1579.214953271028 box 0
1225.0841121495328 1601.644859813084 1260.9652283014982 787.7781879813406 1066.7734579975036 779.2168133641061 1030.8923418455379 1593.0834851958493 box 0
