2009.4358974358975 1779.5384615384614 1755.711284685401 1362.5937669272982 1327.2968434067197 1623.2980992165606 1581.021456157216 2040.2427938277235 box 0
2886.7535712033487 1246.8052284495964 2634.719593921856 820.2489897427004 2211.423820611837 1070.3564964039188 2463.45779789333 1496.912735110815 box 0
1586.3589743589741 2061.5897435897436 1334.1808806107754 1645.0302171023063 895.3528995022768 1910.6892567417447 1147.5309932504758 2327.248783229182 box 0
3603.1676340932854 1411.23088926504 3346.7134587301803 983.758051514611 2925.5491719369875 1236.4275320606432 3182.0033473000926 1663.9003698110723 box 0
2716.361906788085 1958.2159156228768 2462.678605193486 1528.7560863094925 2042.371841838624 1777.0326424215557 2296.055143433223 2206.4924717349422 box 0
2286.802557421812 2222.0582732581715 2021.0640187724614 1795.8178784883808 1598.0911101807283 2059.5193108177555 1863.8296488300782 2485.759705587548 box 0
3331.4920696918234 968.6709008037258 3073.575742996192 547.7854168328387 2648.4987544353735 808.2702746570897 2906.415081131005 1229.1557586279769 box 0
3166.454659291963 1694.3794883016242 2906.9740666090647 1270.3357452811647 2482.592389658232 1530.023126291882 2742.0729823411302 1954.0668693123412 box 0
1847.5182545505545 2505.5165084151977 1587.289236338448 2082.1138451399925 1163.3027743495918 2342.7016739578494 1423.5317925616982 2766.1043372330546 box 0
2452.4401898962706 1503.1721502217115 2190.6726777984436 1077.836310783529 1764.0350595849302 1340.404986008757 2025.8025716827567 1765.7408254469392 box 0
