2122.0649350649346 535.0649350649351 1869.4675324675325 100.64935064935064 1428.5584415584415 336.3636363636364 1678.5584415584415 782.4675324675325 box 0
1675.3116883116884 792.2077922077922 1411.6753246753246 346.75324675324674 992.1948051948052 617.5324675324675 1247.3896103896104 1051.948051948052 box 0
2390.246753246753 975.974025974026 2139.5974025974024 538.961038961039 1701.935064935065 788.3116883116882 1954.5324675324675 1229.2207792207791 box 0
1934.4025974025974 1238.3116883116884 1681.155844155844 796.7532467532468 1249.3376623376623 1062.3376623376623 1506.4805194805194 1496.103896103896 box 0
2636.9999999999995 1428.5714285714284 2388.298701298701 988.3116883116884 1949.3376623376623 1248.051948051948 2204.5324675324673 1685.714285714286 box 0
2182.454545454545 1690.9090909090908 1935.7012987012988 1249.3506493506493 1496.090909090909 1515.5844155844156 1753.8831168831168 1947.4025974025972 box 0
2905.8311688311687 1870.1298701298701 2650.6363636363635 1423.3766233766235 2217.51948051948 1695.4545454545457 2481.805194805195 2129.220779220779 box 0
2459.7272727272725 2130.5194805194806 2201.285714285714 1690.9090909090908 1764.2727272727273 1952.5974025974026 2022.064935064935 2385.714285714286 box 0
3168.8181818181815 2308.4415584415583 2914.9220779220777 1864.2857142857144 2487.6493506493503 2143.5064935064934 2748.0389610389607 2577.272727272727 box 0
2733.7532467532465 2575.3246753246754 2473.363636363636 2141.5584415584417 2040.8961038961038 2387.6623376623374 2296.090909090909 2822.077922077922 box 0
