3002.920796584924 3010.294861087879 3035.9289338871845 2489.8302253355123 2620.6349206349205 2463.4920634920636 2587.6267833326606 2983.95669924443 box 0
3508.842292791533 2490.146320353484 3526.9841269841268 1979.3650793650793 2950.386951033281 1958.885606897031 2932.245116840688 2469.6668478854363 box 0
2570.807969619622 2957.6956481242632 2602.8660545720077 2378.972041830507 2079.510922287116 2349.9810639118696 2047.45283733473 2928.704670205626 box 0
3504.7619047619046 1922.222222222222 3516.1215693330705 1418.5343541829336 2930.7888229417167 1405.3333539535483 2919.4291583705512 1909.021221992837 box 0
2750.7936507936515 1469.8412698412696 2770.0780744158715 899.834154727283 2270.086762736763 882.9184987535475 2250.8023391145425 1452.9256138675341 box 0
778.6771564064184 2501.4357324857133 1389.067683604294 2438.617704276868 1298.4540199699245 1558.1424092989548 688.0634927720491 1620.9604375077995 box 0
2903.422108981705 2360.8159197691375 2907.8996128373337 1943.3469087162784 2381.8460711025236 1937.7047970887722 2377.3685672468946 2355.1738081416315 box 0
3382.5396825396824 1363.4920634920634 3385.0107204309347 782.6734172214278 2872.1389787250923 780.4914529968886 2869.66794083384 1361.3100992675243 box 0
2343.326826006731 2271.5273419336563 2346.7004638407284 1555.0316082850907 1920.2267167026198 1553.0235461278673 1916.8530788686228 2269.519279776433 box 0
1568.0877681108386 2800.134025961718 1995.4761904761906 2807.936507936508 2004.9437218569171 2289.3434097945096 1577.5552994915652 2281.54092781972 box 0
1908.8810722833616 2247.997473556369 1904.719150715519 1530.8831273885062 1482.5396825396826 1533.3333333333333 1486.7016041075246 2250.447679501196 box 0
2372.853343213352 1921.5266575228868 2887.3271202519595 1907.4083373039043 2876.1904761904757 1501.5873015873017 2361.7166991518684 1515.7056218062844 box 0
