1156.3478260869567 506.08695652173907 1419.8260869565217 513.0434782608695 1397.217391304348 1461.7391304347825 1136.3478260869567 1462.6086956521738 box 0
1431.1304347826087 512.1739130434783 1693.7391304347827 511.3043478260868 1681.5652173913045 1462.6086956521738 1420.695652173913 1461.7391304347825 box 0
1702.4347826086957 512.1739130434783 1954.608695652174 511.3043478260868 1952.8695652173913 1460.869565217391 1693.7391304347827 1466.086956521739 box 0
1976.3478260869565 522.6086956521739 2230.2608695652175 518.2608695652174 2240.695652173913 1466.9565217391303 1981.5652173913043 1460.869565217391 box 0
2253.7391304347825 526.9565217391304 2505.0434782608695 527.8260869565216 2541.5652173913045 1474.782608695652 2285.0434782608695 1472.173913043478 box 0
2250.2608695652175 1486.086956521739 2514.608695652174 1488.6956521739128 2512.869565217391 2434.782608695652 2249.391304347826 2437.391304347826 box 0
1968.5217391304348 1494.782608695652 2233.7391304347825 1485.2173913043478 2235.478260869565 2435.652173913043 1972.0 2438.260869565217 box 0
1693.7391304347827 1491.3043478260868 1952.8695652173913 1484.3478260869563 1956.3478260869565 2426.086956521739 1703.304347826087 2434.782608695652 box 0
1413.7391304347827 1480.869565217391 1677.2173913043478 1478.2608695652173 1685.913043478261 2430.4347826086955 1420.695652173913 2430.4347826086955 box 0
1135.4782608695652 1479.1304347826085 1393.7391304347827 1476.5217391304345 1408.5217391304348 2414.782608695652 1150.2608695652175 2419.1304347826085 box 0
