3661.205180152152 2110.7484425821467 3669.207496705193 1906.2048007820383 2463.2820512820513 1859.025641025641 2455.2797347290107 2063.5692828257493 box 0
3657.434945440472 2319.19838290873 3664.225423060722 2108.478365274678 2447.897435897436 2069.2820512820513 2441.106958277186 2280.0020689161033 box 0
3663.774348648778 1898.8023331168226 3672.5547774692236 1688.1250680275514 2472.0624801024974 1638.0919656799595 2463.2820512820513 1848.7692307692307 box 0
3658.6146979634664 2534.9853812832525 3664.7075668003313 2323.798921264627 2451.2169922525977 2288.78891681245 2445.124123415733 2499.9753768310757 box 0
3608.4603414487165 2960.860085994525 3613.8124117870084 2751.049734551191 2416.037647442885 2720.4955948526426 2410.685577104593 2930.305946295977 box 0
3631.723065611439 2745.2877702244596 3636.744880601309 2535.0593070705936 2438.56729541151 2506.4379393092313 2433.5454804216397 2716.6664024630973 box 0
3668.06470702582 1681.3034600485541 3678.095154161707 1472.9290582918252 2484.076746526426 1415.4530035744929 2474.0462993905394 1623.8274053312216 box 0
3667.3599392449114 1251.3760853580304 3677.181088748369 1044.4152966323115 2476.174193903282 987.4225283809832 2466.3530443998243 1194.383317106702 box 0
3681.7413118369427 1039.7756738700464 3690.9107269388137 827.0496432398015 2488.170848655 775.2063348732396 2479.001433553129 987.9323655034847 box 0
3675.6256516684434 1466.0532030229604 3684.333351069423 1257.5302018423538 2490.0317778359513 1207.6574346418345 2481.324078434972 1416.180435822441 box 0
