1972.1281917918136 1454.2799587354673 2012.7925252696637 822.3138710540995 1491.964952052791 788.8008289232241 1451.300618574941 1420.7669166045919 box 0
1751.8961038961038 2294.805194805195 1806.3431286260075 1573.286873899519 1169.7128120305304 1525.2456453026198 1115.2657873006265 2246.763966208295 box 0
2461.2894044203767 2343.6510352703194 2493.2435247158073 1606.2349247102547 1835.7067100280728 1577.7421779770045 1803.7525897326416 2315.15828853707 box 0
1437.2367915949496 1402.9113607958627 1480.5673268859523 777.7686509593461 960.1128986516326 741.6943776532341 916.7823633606298 1366.8370874897507 box 0
2512.924307919847 1518.8682407084225 2559.9266190662556 875.0349695571344 2031.2809891687764 836.44180033772 1984.2786780223676 1480.275071489008 box 0
3622.3047558702815 2422.8546886127683 3690.5595786797467 1520.7183205221806 3149.039104755939 1479.7473705608156 3080.784281946474 2381.8837386514033 box 0
1094.7315563896748 2263.372774045105 1156.6302768879564 1546.4383252779653 518.663473453074 1491.3575170940305 456.7647529547924 2208.29196586117 box 0
2016.1666474578465 800.982098862994 2100.1259419502744 180.9336366355564 1576.0253805878078 109.96642027152745 1492.06608609538 730.0148824989651 box 0
909.1928307872759 1352.8760365886042 954.8695925077889 743.059386105196 444.7221472400679 704.8480921345403 399.0453855195549 1314.6647426179484 box 0
4181.99348798411 2415.0367750293008 4236.945781132527 1521.7599036463046 3707.5928813396213 1489.1953576916464 3652.640588191203 2382.472229074643 box 0
2561.2715384746743 845.9846407440687 2627.9216578794367 224.7534465935978 2100.263352985794 168.1424950553889 2033.6132335810316 789.3736892058598 box 0
1466.1818181818182 738.961038961039 1548.3567553978746 116.45909395579959 1040.1461957349493 49.37147894041789 957.9712585188928 671.8734239456572 box 0
420.7272727272728 2210.3896103896104 492.2872814268387 1492.2963999059855 -5.8767564148097335 1442.6529520063034 -77.43676511437566 2160.7461624899283 box 0
