1313.1393994193386 1735.6016423490435 1824.415460519392 1713.175072573432 1799.1420269286664 1136.9968292652495 1287.865965828613 1159.4233990408609 box 0
2988.5714285714284 3037.142857142857 3056.146892874354 2515.636143568136 2644.5266583379994 2462.2994793579865 2576.9511940350726 2983.8061929327077 box 0
1991.602640762901 2807.307924211826 2006.107888136537 2301.65234984518 1580.3793580621725 2289.43989149252 1565.8741106885363 2795.095465859166 box 0
2369.4344725281994 1729.71056247386 2888.445699137987 1703.3493282868299 2858.702283169868 1117.7482636456991 2339.69105656008 1144.1094978327292 box 0
1840.5690236114117 1730.7633146890835 2346.0551439918686 1707.5148727258454 2319.4973868347543 1130.0749886861609 1814.011266454298 1153.323430649399 box 0
2924.0743956629676 1662.8143903078058 3434.285714285714 1635.7142857142856 3403.952620835573 1064.6357663050273 2893.7413022128267 1091.7358708985473 box 0
2859.2799276131204 2375.4829189776656 2897.142857142857 1964.285714285714 2394.8882204663046 1918.0382405736439 2357.025290936568 2329.2354452655954 box 0
1287.142857142857 1685.7142857142856 1278.2829211356332 1129.044444839749 771.3330747431404 1137.1130393065398 780.1930107503641 1693.7828801810763 box 0
926.5044092624163 2696.547536259654 1359.7102544415484 2658.83772451285 1297.7642289669539 1947.209130305287 864.5583837878216 1984.9189420520906 box 0
474.4745796914208 2762.7914858779595 908.9139255714449 2726.4486827162773 849.4254243140113 2015.3272686996772 414.98607843398713 2051.6700718613597 box 0
3853.652823480887 2391.147881272113 3989.9999999999995 2001.4285714285713 3498.6275209330392 1829.5170226606294 3362.2803444139267 2219.2363325041715 box 0
