420.76623376623377 1794.155844155844 681.1558441558442 1788.3116883116882 710.3766233766235 2516.2337662337663 446.09090909090907 2522.7272727272725 box 0
689.5974025974026 1788.9610389610386 955.8311688311688 1781.168831168831 984.4025974025974 2507.142857142857 716.2207792207793 2519.4805194805194 box 0
962.3246753246754 1778.5714285714284 1229.857142857143 1770.7792207792209 1261.6753246753246 2495.4545454545455 997.3896103896104 2504.5454545454545 box 0
1238.2987012987014 1767.5324675324675 1502.5844155844156 1755.1948051948052 1533.7532467532467 2483.116883116883 1268.1688311688313 2493.5064935064934 box 0
1513.6233766233765 1754.5454545454547 1776.6103896103896 1746.7532467532467 1807.7792207792209 2473.3766233766232 1544.142857142857 2479.87012987013 box 0
2061.6753246753246 1733.7662337662337 2324.6623376623374 1727.2727272727275 2359.7272727272725 2452.5974025974024 2091.5454545454545 2462.337662337662 box 0
1783.7532467532467 1745.4545454545455 2052.584415584415 1737.012987012987 2079.8571428571427 2457.142857142857 1818.8181818181818 2472.7272727272725 box 0
2336.9999999999995 1723.376623376623 2601.285714285714 1717.5324675324678 2631.155844155844 2442.207792207792 2368.8181818181815 2455.194805194805 box 0
2613.6233766233763 1713.6363636363633 2875.961038961039 1703.8961038961038 2906.4805194805194 2425.974025974026 2644.142857142857 2440.909090909091 box 0
2895.4415584415583 1696.7532467532467 3162.324675324675 1687.6623376623377 3182.454545454545 2409.7402597402597 2920.7662337662337 2429.87012987013 box 0
