3699.3968290015428 2353.773123697368 3721.3524890500175 2136.9058739650086 2705.4411836937697 2034.0549211939895 2683.485523645295 2250.922170926349 box 0
3781.4009699282487 1440.292749975311 3798.8341295644523 1222.5614277116474 2784.8128835263406 1141.3714818972476 2767.379723890137 1359.102804160911 box 0
3801.6542361010424 1214.6552814849874 3818.68684753409 997.0254935106519 2810.735748029817 918.139052545164 2793.7031365967696 1135.7688405194995 box 0
3730.230660563979 2129.487635176535 3751.813665741161 1911.3900658313385 2735.213571613755 1810.7869955607696 2713.630566436573 2028.8845649059663 box 0
3878.740976255988 530.4436075284536 3893.174912323316 311.54120734875613 2877.260665589715 244.55408763145846 2862.8267295223864 463.45648781115597 box 0
1050.9832033310433 675.8887199774776 1057.314691082053 458.21586944032913 38.85585440058498 428.5917815789188 32.52436664957548 646.2646321160673 box 0
1050.7542747071136 897.731985475941 1054.8141133264082 682.1840431134375 20.001813740457195 662.6933864570423 15.941975121162656 878.2413288195459 box 0
3859.834898407663 753.4669008546057 3874.4367447034447 537.8469635128222 2862.6415969536647 469.3278951353846 2848.039750657883 684.947832477168 box 0
3765.0408894064776 1670.155538706526 3783.8519058050833 1449.8094790798402 2767.689263486589 1363.0593363239911 2748.8782470879833 1583.405395950677 box 0
3743.707153032369 1900.3709050947484 3764.451886354068 1680.422890857428 2749.8021090525917 1584.7246454423612 2729.057375730893 1804.6726596796814 box 0
3836.9245220580365 992.5680700750157 3855.7839324804477 773.6192851399308 2835.9266208252643 685.7726792841149 2817.067210402853 904.7214642192 box 0
1045.26583207863 443.4947423177851 1050.2957717559684 234.4884484293543 28.76266142112592 209.90426090181927 23.73272174378736 418.9105547902501 box 0
3676.7858740462957 2580.2141852225423 3698.9352702986275 2360.344024968591 2680.782679878265 2257.776831928337 2658.633283625933 2477.646992182288 box 0
1032.0800275408594 1123.6082349052567 1035.6914138794043 900.1246109986852 -1.8893279635278253 883.3578123817305 -5.500714302072589 1106.841436288302 box 0
1021.6175882650836 1799.0657970641948 1023.7593792406097 1577.0547325023622 -1.9592378927691956 1567.1593929077287 -4.101028868295359 1789.1704574695611 box 0
1017.1282051282053 1569.282051282051 1020.4515318308859 1353.058367928288 10.709823105463292 1337.5387840817427 7.386496402782613 1553.7624674355059 box 0
1031.414434909005 1342.473493519342 1033.7512989851518 1123.3362709118965 -7.046887492318041 1112.2372715563415 -9.38375156846501 1331.374494163787 box 0
1014.7231950644514 2023.8872602396148 1017.9148420767846 1805.102737571288 14.173470699403586 1790.4600740499359 10.981823687070298 2009.2445967182628 box 0
1000.3739266409757 2252.814228920717 1001.8931401573129 2029.7331723750194 -9.729449178207098 2022.843879599791 -11.248662694544372 2245.9249361454886 box 0
1006.0448655165897 2483.8675853887326 1008.3193575341783 2258.165077386826 21.6663701020015 2248.222191222595 19.391878084413015 2473.9246992245016 box 0
