2474.285714285714 2842.8571428571427 2541.751763826569 2108.72923455182 1890.3773032170016 2048.868192447348 1822.9112536761463 2782.996100752671 box 0
3123.943110406121 1902.6975727538472 3192.175528764366 1180.2979863507965 2554.171222174445 1120.0369098206158 2485.9388038162 1842.4364962236668 box 0
3493.5921375252833 1137.1765566482459 3539.7150247977975 520.156665051162 3023.2657444153706 481.5515369743445 2977.1428571428564 1098.5714285714284 box 0
1864.2857142857142 1057.142857142857 1900.811611397826 437.793511649714 1372.2832161830402 406.6237462742881 1335.7573190709281 1025.9730917674312 box 0
2407.142857142857 1068.5714285714284 2443.479717693002 448.38261814533286 1918.7917862979166 417.64115381232 1882.4549257477713 1037.8299642384154 box 0
1792.8571428571427 1821.4285714285713 1859.0881376006387 1113.1307553616589 1235.5041281243807 1054.8211173578497 1169.2731333808847 1763.118933424762 box 0
2950.0 1102.8571428571427 2989.297442670063 478.2499127206629 2459.877354169549 444.9412115522777 2420.5799114994857 1069.5484416887575 box 0
2467.142857142857 1858.5714285714287 2535.400901310622 1142.3776712835916 1888.7750091719242 1080.7499088848122 1820.516965004159 1796.9436661726493 box 0
1314.2857142857142 1030.0 1364.1460876509852 421.79785009420146 861.1274383223812 380.56041338158343 811.2670649571102 988.7625632873819 box 0
3181.8593804264447 2852.5768794519877 3221.7716852853846 2123.1604627622337 2574.1980191446546 2087.726440453104 2534.285714285714 2817.142857142857 box 0
1765.7142857142856 2747.1428571428573 1832.412852589903 2030.8233268401882 1192.8652081387884 1971.273210545659 1126.1666412631707 2687.5927408483285 box 0
