1439.9999999999998 1531.2173913043478 1467.7313044635105 817.2682317927387 842.4815417109612 792.9822006298339 814.750237247451 1506.9313601414433 box 0
2796.5217391304345 1595.5652173913043 2837.5250043607334 881.4403759433732 2190.1319548204465 844.2686835755087 2149.1286895901476 1558.39352502344 box 0
2692.709959236299 2525.462701132661 2726.9841269841268 1792.063492063492 2089.746537003782 1762.283274435594 2055.4723692559537 2495.6824835047632 box 0
1367.8260869565215 773.8260869565217 1416.4182575881666 149.47737570720832 916.8605075498833 110.59750778588614 868.2683369182381 734.9462190351996 box 0
3490.071004102969 1672.2748728041686 3524.302194873447 956.2937030034736 2883.796408161782 925.6710041123481 2849.565217391304 1641.6521739130435 box 0
3011.304347826086 833.8260869565217 3048.796716411531 211.720089046614 2530.3265064431125 180.47352290190986 2492.8341378576674 802.5795208118176 box 0
2125.198959658931 1570.6743479503662 2165.711673419869 852.9800515473587 1528.3388007174594 817.0013557709052 1487.8260869565215 1534.695652173913 box 0
1848.07466219488 2331.3771218074407 1918.2855487918664 1606.5646099443206 1281.9540392058768 1544.9246703373342 1211.7431526088906 2269.7371822004548 box 0
1929.6892833221275 806.7850296189358 1974.2867055194306 175.4671663501071 1448.0086521637124 138.289944059653 1403.4112299664093 769.6078073284818 box 0
2473.1234844723303 802.8599398724189 2511.1754531436113 174.29697613514406 1988.486751279976 142.65442756707316 1950.4347826086953 771.2173913043479 box 0
3575.652173913043 866.0 3606.7927471769426 241.05456562447108 3083.545612409402 214.98154414278565 3052.405039145502 839.9269785183146 box 0
