3060.7558780534473 0.5422507679994624 3345.4815321258857 6.237523239361622 3319.678904555248 1296.196879666783 3034.95325048281 1290.501607195421 box 0
3061.3709872599716 4.248597870043113 2758.170767846955 -1.816215181522239 2732.324664913941 1290.3166195212611 3035.5248843269574 1296.3814325728267 box 0
2453.6248969122007 -2.663839826130925 2732.9168552962337 2.9227442392893863 2707.027277000843 1297.2290572174352 2427.7353186168093 1291.642473152015 box 0
2405.5202159097903 1287.2504386738033 2122.9256505746457 1284.4243988184953 2135.7841319162967 -1.3808734564121323 2418.3786972514413 1.4451663988958217 box 0
2102.2970902782263 1282.9625844149768 1807.7466010250562 1280.0169813350212 1820.5289966782952 1.8200242806752842 2115.0794859314656 4.765627360630901 box 0
1796.2221494903495 1277.742747703045 1509.323017142549 1272.003999869306 1534.6474157270416 5.952904470867907 1821.5465480748421 11.691652304606919 box 0
1492.841505294538 1285.3719854240878 1203.7688946713752 1279.589762227972 1229.3324077489403 1.5845363150424419 1518.4050183721029 7.366759511158307 box 0
1188.4825929829292 1284.3066578915084 897.2365040844045 1278.4809593330156 922.8217548431578 -0.6110057175952761 1214.0678437416825 5.214692840897442 box 0
885.2759589286538 1279.970244105291 592.9431308924479 1274.12280786561 618.4196932452592 0.46453850340446934 910.7525212814651 6.311974743085443 box 0
580.8847661713494 1281.04589701832 289.6386772728247 1275.220198459827 315.20219035038957 -2.7850274531025434 606.4482792489143 3.040671105390174 box 0
