1450.9379149926217 308.4415584415584 1950.7225768529913 303.4435452214034 1955.8311688311687 814.2857142857142 1456.0465069707993 819.2837275058693 box 0
1977.909090909091 304.54545454545456 2481.155844155844 325.3246753246753 2464.9220779220777 831.1688311688312 1960.3766233766235 809.0909090909091 box 0
1451.2397790081934 823.477022242486 1953.1627337627924 828.4964191043762 1948.084896316482 1336.2632374977736 1446.161941561883 1331.2438406358835 box 0
1979.3447459421955 823.1702439896015 2476.6103896103896 833.1168831168831 2466.3286506634545 1347.1352837093796 1969.0630069952604 1337.1886445820983 box 0
1426.6103896103896 1342.857142857143 1932.4545454545455 1342.857142857143 1932.4545454545455 1849.3506493506493 1426.6103896103896 1849.3506493506493 box 0
1955.1685284655828 1343.5713410181863 2464.233983223158 1348.662165261035 2459.0912117941575 1862.9221654753198 1950.0257570365827 1857.8313412324715 box 0
1435.6716780876052 1854.6297010837995 1940.8412237526475 1859.6815649370344 1935.7309193149922 2370.6949742408756 1430.56137364995 2365.6431103876407 box 0
1952.5844155844156 1868.1818181818182 2458.428571428571 1868.1818181818182 2458.428571428571 2377.9220779220777 1952.5844155844156 2377.9220779220777 box 0
1445.7282088230102 2363.396927893632 1945.5032256975041 2378.3946779948797 1929.9601028653017 2896.3433318466277 1430.1850859908077 2881.34558174538 box 0
1950.6363636363637 2393.5064935064934 1947.3896103896104 2898.051948051948 2451.285714285714 2884.4155844155844 2451.9350649350645 2384.4155844155844 box 0
