1316.2352941176468 1734.1176470588236 1400.700469048152 1022.2172791227499 770.2091047522105 947.4110762100813 685.7439298217057 1659.3114441461553 box 0
1963.609824584464 1802.3375645782487 2051.0354468797873 1089.1895879047158 1417.7785634717939 1011.5579056794082 1330.3529411764705 1724.7058823529412 box 0
3321.171182291552 1939.6493289027107 3395.400653190873 1213.772089902641 2743.7391616415534 1147.1320506174814 2669.509690742233 1873.0092896175515 box 0
2630.3529411764703 1858.8235294117649 2711.9770650122437 1140.8629532889092 2069.5738099918635 1067.8288556181835 1987.94968615609 1785.7894317410394 box 0
737.476769957402 898.5636201841992 799.5101467078819 193.59418617389179 173.26543275345475 138.48814553644291 111.23205600297506 843.4575795467504 box 0
1810.3529411764703 997.6470588235294 1857.0669944773435 376.2859320353623 1339.2132950359983 337.3535877434022 1292.4992417351252 958.7147145315694 box 0
635.4760492971745 1650.368625034646 736.217695065603 953.07898564385 117.02341216907763 863.6202477169583 16.281766400649076 1560.9098871077545 box 0
2345.6470588235293 1044.7058823529412 2387.157579449507 414.44051487701444 1866.6281521372964 380.15741978104745 1825.1176315113191 1010.4227872569743 box 0
2888.0 1067.0588235294117 2923.8361912445225 448.7689250836699 2397.5028884833173 418.26255429623507 2361.6666972387957 1036.552452741977 box 0
1264.7929229295964 951.6720335050562 1317.6250406403856 319.62290989809 807.4032905794587 276.9741749326949 754.5711728686694 909.0232985396611 box 0
4013.9110808470814 1945.5090464442833 4050.5724648301484 1220.6405942346034 3408.57603777295 1188.1705957730164 3371.9146537898823 1913.0390479826963 box 0
3435.4697835106435 1160.8214266521234 3462.9850061174757 534.5498226532621 2935.5152226068326 511.3754548246682 2908.0 1137.6470588235295 box 0
3779.6604316481416 3164.9727611273565 3855.0181216311466 2261.143642490456 3312.039529441946 2215.872239330407 3236.681839458941 3119.7013579673076 box 0
3972.7058823529405 1142.3529411764707 4018.66862033714 514.0720048632804 3494.8501605441033 475.7513600255826 3448.8874225599047 1104.032296338773 box 0
4347.386507083143 3146.178242691682 4412.158588504921 2239.205302377622 3875.281940254287 2200.8638961148295 3810.5098588325095 3107.8368364288895 box 0
2852.705882352941 2665.8823529411766 2931.720071876124 2180.366914808075 2030.0012048242882 2033.6185730213995 1950.9870153011047 2519.134011154501 box 0
