2359.7402597402597 2.415584415584581 3181.8181818181815 1328.3896103896104 3442.8571428571427 1147.87012987013 2720.779220779221 1.1168831168832822 box 0
2350.6493506493507 11.50649350649367 2103.896103896104 166.05194805194822 2922.077922077922 1493.3246753246754 3171.4285714285716 1333.5844155844156 box 0
2097.402597402597 180.3376623376625 1849.3506493506493 334.88311688311705 2671.4285714285716 1659.5584415584417 2915.5844155844156 1501.1168831168832 box 0
1842.857142857143 343.9740259740261 1598.7012987012986 498.5194805194807 2411.688311688312 1815.4025974025976 2662.337662337662 1667.3506493506497 box 0
1589.6103896103896 508.90909090909105 1333.7662337662337 666.0519480519482 2164.935064935065 1979.0389610389611 2407.7922077922076 1823.1948051948052 box 0
1328.5714285714284 672.5454545454547 1083.1168831168832 837.4805194805197 1912.987012987013 2145.2727272727275 2159.7402597402597 1984.2337662337663 box 0
1076.6233766233765 840.0779220779223 831.1688311688312 1002.4155844155846 1662.3376623376623 2310.2077922077924 1902.5974025974026 2160.857142857143 box 0
823.3766233766233 1011.5064935064937 576.6233766233767 1159.5584415584417 1400.0 2476.4415584415588 1650.6493506493507 2311.506493506494 box 0
568.8311688311688 1164.753246753247 315.5844155844156 1333.5844155844156 1138.9610389610389 2636.1818181818185 1392.2077922077922 2479.038961038961 box 0
310.38961038961037 1338.7792207792209 66.23376623376623 1499.818181818182 716.8831168831168 2551.7662337662337 1079.2207792207791 2556.961038961039 box 0
