2786.0335042571223 2741.3240542486406 2956.5338615592937 2605.154970107126 2322.0034120941955 1810.6451954767012 2151.503054792024 1946.814279618216 box 0
3153.7130691614943 2464.2980548269243 3320.177676774056 2328.51502125566 2662.6020492467082 1522.3534123056438 2496.1374416341464 1658.136445876908 box 0
2609.7944088563772 2880.955899249447 2780.6177261303337 2745.3450483387874 2143.6277377500683 1942.955400646793 1972.804420476112 2078.5662515574527 box 0
3323.825033027661 2311.6150449266847 3492.276495165886 2172.5259996441932 2844.8905683212156 1388.4735552320067 2676.4391061829906 1527.5626005144984 box 0
2964.1295784221916 2596.0998139052635 3132.7368831065546 2459.967646456803 2486.239147926685 1659.2440360398048 2317.631843242322 1795.376203488266 box 0
1177.2585806903787 1228.898477860959 1330.733774194495 1074.4185779216625 596.091382307058 344.5541535172146 442.61618880294145 499.03405345651106 box 0
3685.763546621615 2036.6104793858347 3854.5786093676834 1897.900395955847 3206.9344239594393 1109.694585006255 3038.119361213371 1248.4046684362427 box 0
699.1794871794874 1707.7435897435898 853.583749532852 1549.050450102291 122.26895206754047 837.5003345398552 -32.13531028582426 996.1934741811538 box 0
1510.0990563481453 916.285078721166 1663.6885143122292 759.6129036999635 921.1560027033684 31.69062928664657 767.5665447392842 188.362804307849 box 0
3862.3995059978784 1899.114307155823 4034.2952087265753 1757.6694566478889 3374.265853499192 955.5461596105345 3202.370150770495 1096.9910101184685 box 0
3509.7264676126347 2171.2559413495837 3674.448379080259 2035.1223228648414 3019.212918373693 1242.2862934526624 2854.4910069060684 1378.4199119374048 box 0
857.0460536499963 1546.74717394171 1014.0555263525459 1386.742051999954 281.4023558119786 667.8057668084124 124.39288310942905 827.8108887501683 box 0
1339.03444675044 1075.9432206993201 1496.6875323934237 918.4297174205003 779.8392379419427 200.94617978285754 622.1861522989589 358.4596830616775 box 0
1014.1627761863531 1387.5986519056823 1171.0168453620238 1228.6541072343175 449.4575839973626 516.584960536334 292.603514821692 675.5295052076991 box 0
2439.0097286400796 3036.2429437102464 2612.1986543079365 2898.056737072132 1966.114697629451 2088.318999343953 1792.9257719615941 2226.5052059820673 box 0
2258.855920885512 3165.5278361702112 2429.2961578276154 3028.2526060162827 1779.1197978034527 2220.9968998527374 1608.679560861349 2358.272130006666 box 0
1657.4606041353 763.3951699648421 1815.0393712249934 609.543770491551 1102.9328380186307 -119.81501287560879 945.3540709289373 34.036386597682295 box 0
538.6753134765924 1857.4991683523579 691.4871794871796 1705.179487179487 -17.055840278344544 994.3469790923405 -169.86770628893177 1146.666660265211 box 0
365.8461538461539 2020.5641025641025 527.3889945953194 1860.706218478387 -129.93899675664238 1196.4497657281313 -291.48183750580796 1356.3076498138469 box 0
1820.0650053093564 608.7320953680337 1982.4362412396463 447.56020510758043 1383.6085077216494 -155.72364943755278 1221.2372717913595 5.448240822900544 box 0
