2176.621401331945 3008.59957589648 2349.7885032617423 3005.5230623124344 2339.1540449876347 2406.9434462592817 2165.9869430578374 2410.0199598433273 box 0
1660.390219096384 3021.2991225825713 1832.02299813947 3016.2578374164655 1814.8028259475614 2429.989472998483 1643.1700469044754 2435.030758164589 box 0
1481.6393546974878 3012.684358244373 1656.19024375122 3007.767863127972 1640.427328118064 2448.1352645583615 1465.8764390643319 2453.0517596747627 box 0
1825.7664489982983 3015.4348309066786 2001.9899452254638 3012.526614523446 1992.5758117438893 2442.0767932388294 1816.3523155167238 2444.985009622062 box 0
2354.253346038152 3008.1663615637026 2524.17289100617 3004.602169879304 2511.788118195246 2414.169570595721 2341.868573227228 2417.7337622801197 box 0
2004.6438245850181 3007.4373681640427 2178.4784779008983 3003.039369765337 2163.978269378605 2429.9062094116407 1990.143616062725 2434.3042078103463 box 0
2697.404707426625 3015.289474318638 2872.1514202962894 3012.7508059705906 2863.540589814586 2420.0328470009417 2688.7938769449215 2422.571515348989 box 0
2513.531852281635 3008.1879742488345 2685.9723709706386 3010.1230885724526 2692.5845379466364 2420.904410852484 2520.144019257633 2418.969296528866 box 0
2870.760564807971 3024.781837445827 3042.6105668042333 3022.968141715371 3036.076670452039 2403.8730629142806 2864.2266684557767 2405.6867586447365 box 0
3046.558146835481 3038.598492795175 3231.176247373925 3035.8383578528233 3221.6883032072433 2401.214954775625 3037.070202668799 2403.975089717977 box 0
