3166.39576341479 2517.4315145634473 3673.372781065089 2499.9053254437868 3653.1700122282605 1915.5033528732672 3146.1929945779625 1933.0295419929278 box 0
1509.1259017925197 2336.3827338307306 2030.144653108798 2331.70308115365 2026.407520651605 1915.6217561685153 1505.388769335327 1920.3014088455957 box 0
2077.5147928994083 2517.6568047337278 2596.5881278652423 2500.4925146683327 2577.337751424674 1918.3328645876368 2058.2644164588396 1935.4971546530317 box 0
1530.7692307692307 2780.9704142011833 2044.864924916151 2770.129011942176 2036.0831978706717 2353.702432298958 1521.9875037237512 2364.543834557965 box 0
3147.38933438217 2499.3691515570727 3132.65428900438 1910.7458417517337 2614.8507534387786 1923.7080511414067 2629.585798816568 2512.3313609467455 box 0
1079.4960629921259 929.9212598425198 1165.3228346456692 1492.9133858267717 1658.2362204724411 1462.992125984252 1593.6692913385825 896.0629921259842 box 0
2117.2913385826773 851.1811023622047 1599.1811023622047 879.5275590551181 1671.6220472440946 1448.8188976377953 2171.6220472440946 1418.8976377952756 box 0
2147.212598425197 942.5196850393701 2182.6456692913384 1439.3700787401574 2591.3070866141734 1422.0472440944882 2568.472440944882 920.472440944882 box 0
2600.0 1437.7659574468084 3016.4893617021276 1424.468085106383 3001.063829787234 925.0 2575.531914893617 936.1702127659573 box 0
3537.2781065088757 909.9644970414199 3019.526627218935 918.8402366863903 3022.4852071005917 1483.3372781065086 3526.6272189349115 1475.644970414201 box 0
3555.6213017751475 954.3431952662719 3981.6568047337273 954.9349112426034 3946.153846153846 1452.568047337278 3536.6863905325445 1450.7928994082838 box 0
