1.995014667585565 1696.4795896807975 674.374618530021 1674.825455874077 667.0306844710558 1446.7899446209601 -5.348919391379695 1468.4440784276806 box 0
0.3793130862925409 2407.451484097965 677.8933860731472 2382.3715213903074 669.3646381389882 2151.9745779137534 -8.149434847866473 2177.054540621411 box 0
2.7349411370692565 992.4643065661669 678.1333020376853 974.675540270653 672.2529266951146 751.4112732678175 -3.145434205501431 769.2000395633315 box 0
-11.90760716558458 1931.2592849182922 674.9607214658854 1911.1492270182055 668.3357604897117 1684.8706207823916 -18.532568141758304 1704.9806786824781 box 0
-12.10703045392961 1223.4746282916296 676.3048973505739 1208.6255491034442 671.5572343494985 988.5211373944054 -16.854693455005076 1003.370216582591 box 0
-8.757190180108125 2634.694679434258 680.1837787706784 2620.163015276294 675.4471429350824 2395.600814645332 -13.493826015703974 2410.1324788032957 box 0
-3.445688080652019 756.7066740217726 686.3905736982549 744.7974979147489 682.3565756081177 511.1290948686083 -7.4796861707891935 523.038270975632 box 0
-7.171244167760733 2170.0403290138706 676.4721103835536 2149.8841516403713 669.6171152348078 1917.3811431540976 -14.026239316506576 1937.5373205275973 box 0
-5.711177057291309 1460.687469954747 671.2118757743228 1443.9280560017537 665.6240018787635 1218.2303874060926 -11.299050952850791 1234.989801359086 box 0
1.3464097992448387 2873.143642930828 674.5270175494785 2859.8210175091117 670.1542441352339 2638.868602247395 -3.026363614999809 2652.191227669111 box 0
