1.6929824561406062 477.1929824561402 835.4649122807019 468.4210526315789 844.2368421052632 639.0350877192982 3.0087719298248166 649.1228070175438 box 0
1.6929824561406062 654.3859649122807 838.9736842105265 646.0526315789473 842.043859649123 817.5438596491227 2.131578947368676 821.9298245614033 box 0
0.37719298245639565 827.1929824561403 842.043859649123 823.6842105263158 849.0614035087721 994.298245614035 3.4473684210528868 993.8596491228069 box 0
2.5701754385967464 998.6842105263157 849.9385964912282 999.9999999999999 847.7456140350878 1167.5438596491226 2.5701754385967464 1168.8596491228068 box 0
3.0087719298248166 1174.9999999999998 853.4473684210527 1172.3684210526314 853.8859649122808 1346.4912280701753 0.37719298245639565 1341.2280701754385 box 0
2.131578947368676 1346.9298245614034 851.2543859649124 1352.1929824561403 856.0789473684212 1519.2982456140348 1.6929824561406062 1516.6666666666665 box 0
1.254385964912536 1521.491228070175 849.9385964912282 1522.8070175438595 862.6578947368422 1692.1052631578946 0.8157894736844657 1692.982456140351 box 0
0.8157894736844657 1697.3684210526314 845.9912280701756 1699.9999999999998 850.3771929824562 1867.9824561403507 2.131578947368676 1865.3508771929824 box 0
1.6929824561406062 1870.614035087719 846.4298245614036 1875.438596491228 850.8157894736843 2049.5614035087715 1.254385964912536 2032.894736842105 box 0
1.6929824561406062 2043.4210526315785 851.6929824561405 2055.7017543859647 852.1315789473686 2219.736842105263 0.37719298245639565 2205.2631578947367 box 0
