2540.573321927593 1182.9419839981185 3486.336120273739 443.73872076710427 3379.3124713768498 306.8088792678727 2433.5496730307036 1046.012142498887 box 0
2865.746805102167 1601.8201251859637 3800.172633486116 855.8717088550588 3688.6442151004694 716.1636104707745 2754.2183867165204 1462.1120268016793 box 0
2337.9960283609944 898.533297263426 3280.6754707644977 178.37944245342686 3175.5289930013105 40.74298828955244 2232.849550597807 760.8968430995517 box 0
2648.511558100398 1314.7415428188147 3595.636833592817 582.0034572830284 3490.7613201649824 446.4430824253258 2543.6360446725635 1179.1811679611121 box 0
3102.22771932257 1853.2354627852214 4009.81588802824 1119.0932907445815 3901.1567226987254 984.7626711040014 2993.5685539930555 1718.904843144641 box 0
2226.4717190084175 766.472962928243 3123.5906311755716 82.1085740403114 3014.8341785135553 -60.45797689003484 2117.715266346401 623.9064119978966 box 0
2773.55740703966 1443.284404218159 3691.084910450972 721.4273299506988 3580.503210025769 580.8707639336967 2662.975706614457 1302.7278382011566 box 0
2107.946597325723 636.2639474596426 2939.0725572896745 14.626720054129123 2832.4423286081146 -127.937378856127 2001.3163686441628 493.69984854938645 box 0
2443.019135917042 1031.0761839142924 3384.2597482279953 314.5233544113891 3279.2901055685534 176.63862817372018 2338.0494932576003 893.1914576766236 box 0
2976.956425992213 1722.8348580094917 3914.4088218314187 976.070189087878 3812.461374911107 848.0902747419731 2875.0089790719016 1594.8549436635867 box 0
