2272.8571428571427 1847.1428571428567 2334.3372547080985 1119.8728981172148 1687.6485727555132 1065.2047628453297 1626.1684609045574 1792.474721870972 box 0
1604.2857142857142 1768.5714285714284 1672.4846426404795 1053.921625469015 1039.1213130213525 993.4798536365524 970.9223846665874 1708.129656738966 box 0
2959.5567764634916 1888.4638642967848 3014.2474146911895 1172.7159269143904 2362.7778005437112 1122.9368257492795 2308.0871623160133 1838.684763131674 box 0
3903.6180086065383 1166.6987534639072 3942.829127592432 541.0192644413771 3423.915332610503 508.4991148832607 3384.704213624608 1134.1786039057909 box 0
3662.476308501975 1941.7915777199978 3705.147558199513 1212.355469671015 3053.8065963136983 1174.2527043757748 3011.135346616161 1903.6888124247575 box 0
691.9633757510749 861.6028415067349 765.1262496875916 158.5669945419251 131.4310628017816 92.62019926474954 58.26818886526474 795.6560462295593 box 0
3375.7711732468024 1159.4077419716361 3429.3946261245733 535.0422742956333 2899.4421331801996 489.52745324277123 2845.8186803024287 1113.8929209187743 box 0
742.6600428162178 2339.457651066862 865.7142857142857 1704.2857142857142 158.96371718800026 1567.364274449265 35.90947428993252 2202.536211230413 box 0
1619.7983332138447 2446.3960661753927 1697.63653870809 1906.551541831816 824.1365790045218 1780.6047806874003 746.2983735102766 2320.449305030977 box 0
2824.2857142857138 1087.142857142857 2881.4957044607368 463.20531551016023 2361.035416236785 415.48334658060077 2303.825426061763 1039.4208882132975 box 0
2297.069716909327 1034.8718027367413 2345.354126684712 397.5112987539119 1817.0422471257073 357.48806681151046 1768.7578373503227 994.8485707943405 box 0
1219.9192844814152 906.1645469690029 1280.2904958947083 279.07635911450456 765.8960038443033 229.55442706271785 705.5247924310104 856.6426149172163 box 0
958.0496865035714 1644.148455999642 1031.4650754522966 924.0420863827447 405.8132805243654 860.256412752974 332.39789157563985 1580.3627823698714 box 0
1744.2857142857142 1024.2857142857142 1798.0953216820528 393.1436740721608 1288.8926717785976 349.7303171244773 1235.0830643822587 980.8723573380308 box 0
3977.9038417426364 2964.6353455591684 4013.3432310614953 2066.9009417398074 3489.746290899837 2046.231180472325 3454.3069015809783 2943.9655842916864 box 0
2859.1758589634464 2677.6650694746686 2938.5714285714284 2181.428571428571 2034.224856929147 2036.7372569821778 1954.8292873211649 2532.9737550282757 box 0
