381.967212301441 746.2863401776299 416.1175822583942 4.366156142883483 212.95588150519563 -4.985317763749833 178.80551154824252 736.9348662709967 box 0
602.0618556701031 761.8144329896908 635.7256366212862 -2.6770244976529938 435.50178426184254 -11.493724594189928 401.8380033106596 752.9977328931539 box 0
1239.658870412192 3038.2502388263647 1242.2680412371135 2478.3092783505153 1041.3476513765622 2477.373044610961 1038.7384805516406 3037.314005086811 box 0
826.8041237113403 757.6907216494845 857.9472555373703 -5.264212852339483 652.9687881442351 -13.631248889258584 621.825656318205 749.3236856125654 box 0
1269.9554650825328 773.302691545986 1282.7536595176202 -7.780209958175703 1084.963142888696 -11.021045834058574 1072.1649484536083 770.0618556701032 box 0
1022.4455936671528 3038.5399931463307 1025.7731958762886 2490.680412371134 822.6039164351072 2489.446398096636 819.2763142259715 3037.3059788718324 box 0
1038.9186454879025 756.9069175849056 1066.014895222358 -9.082106376131662 878.2920398182473 -15.722652404574035 851.1957900837916 750.2663715564631 box 0
351.96432016999955 1581.56136868618 375.64187970984597 757.4544620169684 190.68786881819702 752.1405160112007 167.01030927835052 1576.2474226804125 box 0
157.7319587628866 3036.041237113402 360.30409829062864 3031.5427874647553 348.45360824742266 2497.896907216495 145.8814687196806 2502.3953568651414 box 0
816.9269733563439 2476.0280208825066 1022.5101624118124 2472.1969591693155 1007.2164948453608 1651.5051546391753 801.6333057898925 1655.3362163523668 box 0
562.7523052081333 2467.926555292959 565.979381443299 1658.721649484536 362.61738766343444 1657.9106501288074 359.3903114282688 2467.1155559372305 box 0
353.6257215545954 2477.482199877742 358.53589916050436 1665.7005444368428 154.3947136883832 1664.4657672395135 149.48453608247422 2476.2474226804125 box 0
382.618540519115 3046.7654579953346 580.5212893530908 3045.2465286568054 576.2886597938144 2493.773195876289 378.3859109598387 2495.292125214818 box 0
800.3911030190523 3034.9789218157775 804.1237113402062 2488.618556701031 602.883841074088 2487.2437322037495 599.151232752934 3033.6040973184968 box 0
1247.4226804123712 2461.814432989691 1236.365767998829 1648.1866005866164 1027.0459979354366 1651.0311816983244 1038.1029103489786 2464.6590141013985 box 0
574.9417939025756 1589.099807732354 602.3829823297868 771.4266613088588 403.72984822102575 764.7598432672265 376.2886597938144 1582.4329896907216 box 0
1228.8659793814434 1605.1134020618558 1267.8743245944586 791.2785283185918 1063.338139806187 781.4747974117606 1024.3297945931715 1595.3096711550243 box 0
790.5590233051049 1595.2275978003488 821.4234943477726 783.7460416451273 620.5551926921522 776.1060727107579 589.6907216494845 1587.5876288659795 box 0
801.9653550066606 2465.8715089720476 791.2500779342178 1650.1726946111971 580.9724252118258 1652.9349682241957 591.6877022842685 2468.633782585046 box 0
1011.3402061855671 1599.958762886598 1039.6602525950568 786.4763661663814 835.3176275797568 779.3625150895762 806.9975811702669 1592.844911809793 box 0
