1115.061224489796 2.0408163265306123 1348.734693877551 3.0612244897959178 1009.9591836734694 1024.4897959183675 801.7959183673469 957.1428571428571 box 0
1360.9795918367347 2.0408163265306123 1599.7551020408164 1.0204081632653061 1233.4285714285716 1103.061224489796 1024.2448979591838 1029.591836734694 box 0
1608.938775510204 0.0 1837.5102040816328 22.448979591836736 1463.0204081632653 1176.530612244898 1251.795918367347 1102.0408163265306 box 0
1853.8367346938776 30.612244897959183 2062.0 105.10204081632654 1687.5102040816328 1257.142857142857 1476.2857142857144 1181.6326530612246 box 0
2073.2244897959185 111.22448979591837 2284.4489795918366 180.6122448979592 1907.9183673469388 1335.7142857142858 1699.7551020408164 1256.1224489795918 box 0
2298.7346938775513 181.6326530612245 2510.979591836735 257.14285714285717 2131.387755102041 1413.265306122449 1924.2448979591838 1339.795918367347 box 0
2527.3061224489797 260.2040816326531 2732.408163265306 334.6938775510204 2350.775510204082 1487.7551020408164 2143.6326530612246 1418.3673469387754 box 0
2746.6938775510207 335.7142857142857 2953.8367346938776 412.2448979591837 2577.3061224489797 1559.1836734693877 2371.183673469388 1491.8367346938776 box 0
2969.1428571428573 412.2448979591837 3177.3061224489797 484.6938775510204 2794.65306122449 1638.7755102040817 2598.7346938775513 1567.34693877551 box 0
3191.591836734694 490.8163265306122 3401.795918367347 559.1836734693877 3017.6962025316457 1713.9240506329115 2815.164556962025 1640.5063291139243 box 0
