1035.1687155216669 1955.5318128581616 1155.740415312911 1825.8688282454846 281.7688632518316 1013.1755533222583 161.19716346058738 1142.8385379349352 box 0
1290.6947880293355 1687.0415143239711 1415.4121072395392 1553.033962910387 548.1884704087748 745.9316317331575 423.4711511985712 879.9391831467418 box 0
1671.4997442007227 1277.0165908672127 1796.2422084280267 1140.9581862687944 926.3840425729588 343.44588662607356 801.6415783456548 479.50429122449157 box 0
1935.0769230769229 1017.9999999999999 2058.4970459043634 881.9764485054177 1186.713387899146 90.96897246370482 1063.2932650717055 226.99252395828685 box 0
1143.7341014432018 1823.7480790573677 1274.3216872679 1685.407181784894 407.0275587511951 866.7205267470756 276.43997292649703 1005.061424019549 box 0
1790.99559532739 1152.766480676032 1919.5182758881517 1016.8697849446356 1071.6205698337428 214.98063350548682 943.0978892729811 350.87732923688304 box 0
1420.8979893966655 1552.6984503690346 1542.4485712982043 1420.156453017019 660.5087729171771 611.3539765413656 538.9581910156382 743.8959738933812 box 0
1530.8485303510508 1403.0304642445103 1655.8924282884852 1265.9605107714187 774.2173170457996 461.64060089526004 649.1734191083655 598.7105543683517 box 0
900.8582917066315 2088.163062160999 1025.5786882843577 1954.614787366436 160.61055213492105 1146.823229342907 35.8901555571949 1280.37150413747 box 0
2038.7100930857239 864.9812995619639 2168.3600265302384 720.6384313041237 1300.3219663930352 -59.04038540791106 1170.6720329485208 85.30248284992894 box 0
