784.7562363296131 2121.9568673422345 785.4273602570017 1896.155727986697 -4.580535092888298 1893.807674283742 -5.251659020276903 2119.6088136392796 box 0
791.9875579799789 1905.6175607558303 792.1738233332377 1698.2108561290484 -13.641025641025522 1697.4871794871797 -13.8272909942844 1904.8938841139611 box 0
784.3857945288732 2344.0962180801766 784.8791946819164 2124.9025698861697 -3.3846153846152447 2123.128205128205 -3.878015537658243 2342.321853322212 box 0
789.2312930908013 2552.1965370204844 788.8581464318074 2342.1698703120883 -2.935218700389838 2343.576620480736 -2.5620720413959943 2553.603287189132 box 0
802.5181448947266 2767.5228357504357 802.8120235400628 2547.7783802767544 9.282090662829573 2546.7171407510286 8.988212017493284 2766.46159622471 box 0
816.921638142956 1261.332631334888 817.1282051282052 1053.897435897436 -24.940452712639484 1053.05889167809 -25.14701969788866 1260.4940871155418 box 0
807.9362759286969 1688.232945371215 808.1225412819557 1480.826240744433 2.3076923076924913 1480.1025641025642 2.1214269544336126 1687.5092687293456 box 0
805.9362759286969 1470.8483299865995 806.1225412819557 1263.4416253598176 0.30769230769249134 1262.7179487179487 0.12142695443361262 1470.1246533447304 box 0
809.7934330147507 1049.0762210784774 809.9999999999999 841.6410256410255 -32.06865784084479 840.8024814216797 -32.27522482609397 1048.2376768591312 box 0
807.7934330147507 834.2557082579648 807.9999999999999 626.8205128205128 -34.06865784084479 625.9819686011668 -34.27522482609397 833.4171640386185 box 0
