2882.883652322422 3033.860769667874 2884.348844330832 2342.4556807599824 2649.438630087245 2341.9578704688442 2647.9734380788354 3033.362959376736 box 0
1305.1675987420274 3037.181752472555 1311.2483903059258 2396.15278486132 1057.9891227545547 2393.7503710931182 1051.9083311906563 3034.7793387043534 box 0
2099.3445626485036 3038.6578790806884 2103.3628149582937 2392.6254811954745 1848.8404829752758 2391.042379555786 1844.8222306654857 3037.074777441 box 0
1039.1781670907922 3032.107609150757 1047.2670397427482 2404.363841771836 795.121287407499 2401.11478541101 787.0324147555427 3028.858552789931 box 0
784.3530697603094 3042.573935390842 787.7994837039914 2397.444636452148 532.3165496091974 2396.079793857205 528.8701356655154 3041.209092795899 box 0
2652.064058709679 3050.6213885693737 2650.1248304888554 2367.4764152126677 2360.99069898075 2368.2971737475204 2362.9299272015737 3051.4421471042265 box 0
1578.5321018253824 3036.32288529967 1581.3903657091612 2389.5826524639524 1323.00120925555 2388.44070341493 1320.1429453717712 3035.1809362506474 box 0
513.5792774346531 3044.6464337409498 519.5589507975648 2404.3994164334763 277.0156122061549 2402.134150212907 271.0359388432433 3042.3811675203806 box 0
2361.5752465121027 3029.5638277283297 2360.661469068597 2380.7284050295884 2106.2818053372625 2381.0866567382227 2107.1955827807683 3029.922079436964 box 0
1834.7759869618772 3035.865935255695 1840.7323832265806 2400.4237113614 1583.2320460276246 2398.0100001080746 1577.2756497629211 3033.45222400237 box 0
