754.6022475759418 736.9093540135365 977.0881772628371 727.499821964418 946.2186935861677 -2.401063531969166 723.7327638992723 7.0084685171493755 box 0
1457.7138977618406 730.0696924754833 1679.7148798682006 720.5415319380135 1648.624441090088 -3.848859650776287 1426.6234589837281 5.679300886693593 box 0
2156.218346485836 709.8545715580257 2379.7151705679275 701.3290386071209 2352.7599684860875 -5.301513696697633 2129.2631444039957 3.2240192542071995 box 0
988.0535715196197 741.8759539198163 1211.2476255095175 733.2367071837828 1182.8312925245696 -0.8963430952314173 959.6372385346717 7.742903640802228 box 0
1689.4261879305227 732.1913608529978 1913.1926723040706 723.4620999410083 1884.9304488797798 -1.013710782807383 1661.1639645062319 7.7155501291820245 box 0
287.49022953837994 748.7176495196557 502.9673970044279 741.9394824795547 479.34755971104016 -8.932487166139989 263.8703922449922 -2.1543201260390714 box 0
2392.2132049714205 719.9272418056674 2615.2006488029897 711.5767345143673 2588.43889997853 -3.0545752559848305 2365.451456146961 5.2959320353152615 box 0
518.0177296099679 738.0274623679333 745.0545367277172 728.4725839117174 714.0630637707694 -7.926638774793629 487.0262566530202 1.6282396814222715 box 0
1222.9330695401106 727.257838304611 1450.5002589907456 717.0230838833171 1417.8299782504166 -9.392388399215466 1190.2627887997817 0.8423660220783553 box 0
1923.5376910897603 707.2297452798196 2150.967378994114 697.1779960173856 2119.6690403250345 -10.974506556064718 1892.239352420681 -0.9227572936306592 box 0
