702.9302617161112 525.4215899070747 708.2991724419163 271.8505768666782 -7.707909116013492 256.6904130378717 -13.076819841818665 510.26142607826813 box 0
689.3930044504315 798.412806307144 696.3797264853359 535.0492273977192 -14.527795443168317 516.1896976601412 -21.51451747807289 779.553276569566 box 0
709.6403486233534 2117.4507570355395 715.3617466492059 1855.343075631871 -13.492850111085362 1839.433327284529 -19.214248136937798 2101.541008688197 box 0
722.0476051660708 2629.2500799889153 721.2529135050033 2374.9936809770484 10.38253685510847 2377.215543485205 11.177228516175887 2631.471942497072 box 0
701.1612818641196 1053.9847474144992 703.5591466968962 793.4805272641972 -4.13679913706886 786.9663939429228 -6.534663969845329 1047.4706140932246 box 0
714.8591655033186 1847.9334529484468 716.0127870972689 1582.2253303805094 4.701249955360536 1579.1370380793849 3.54762836141032 1844.8451606473225 box 0
705.0683603369077 1314.8355098356926 707.7115467972576 1056.842495274648 -13.037391766198517 1049.4582882294928 -15.680578226548413 1307.4513027905375 box 0
701.9654628783013 1577.1882410344026 703.3342524987814 1315.2368433289398 4.446761223718871 1311.584906548605 3.0779716032388165 1573.5363042540682 box 0
723.8631080743319 2373.364558756007 725.7986370209226 2110.5235612266865 1.3751109961025572 2105.1889950159652 -0.5604179504880671 2368.029992545286 box 0
721.7740950451663 2891.6632714478524 721.6630763363931 2656.673525686719 7.4212502612301865 2657.010962560936 7.532268970003413 2892.0007083220694 box 0
