1321.1787439613524 1766.0676328502411 1114.8985507246375 1307.1304347826085 661.2753623188402 1516.3091787439612 857.893719806763 1982.0096618357488 box 0
1332.2898550724635 1773.3140096618356 873.3526570048306 1991.1884057971015 1103.7874396135264 2438.531400966184 1554.9951690821254 2221.6231884057975 box 0
2018.7632850241546 1996.5024154589369 1564.6570048309177 2218.24154589372 1340.502415458937 1761.7198067632846 1801.855072463768 1546.743961352657 box 0
1787.3623188405795 1530.31884057971 1327.942028985507 1743.8454106280192 1117.7971014492753 1288.7729468599032 1579.1497584541062 1073.3140096618356 box 0
1810.550724637681 1536.5990338164252 1592.1932367149757 1077.661835748792 2044.367149758454 865.1014492753623 2262.24154589372 1318.2415458937196 box 0
2270.937198067633 1339.9806763285023 1814.4154589371979 1556.4057971014493 2037.6038647342993 2009.5458937198068 2488.328502415459 1791.1884057971013 box 0
2945.8164251207727 1557.3719806763283 2497.024154589372 1775.2463768115942 2274.8019323671497 1325.4879227053138 2735.1884057971015 1098.9178743961352 box 0
2728.9082125603863 1082.4927536231883 2503.7874396135267 628.3864734299516 2047.748792270531 861.719806763285 2277.2173913043475 1307.1304347826085 box 0
3406.685990338164 1323.5555555555554 3204.2705314009663 871.8647342995167 2740.9855072463765 1082.975845410628 2951.613526570048 1543.8454106280192 box 0
3196.541062801932 852.0579710144928 2742.917874396135 1075.246376811594 2512.9661835748793 637.5652173913043 2966.5893719806763 410.0289855072463 box 0
