2393.573092784089 1514.768907848998 2541.162220184309 1352.3382454941898 1785.9358473404225 666.1180470307627 1638.3467199402023 828.548709385571 box 0
1608.0287149398016 2345.0408808542543 1756.5830932780516 2187.9509737990193 1017.0691171677423 1488.6187184499447 868.5147388294926 1645.70862550518 box 0
1933.6039581655484 2023.8186030191478 2083.1469972917384 1862.5670679246773 1329.8457046152132 1163.963084908098 1180.3026654890234 1325.2146200025684 box 0
1773.5676888043786 2189.0191642875634 1924.4948402460736 2027.9988385050628 1179.7897193377112 1329.9737785224954 1028.8625678960161 1490.9941043049955 box 0
1294.074836509466 1199.5443600327496 1447.8344535369274 1035.4349384957816 688.6275011370183 324.10850060872986 534.8678841095568 488.21792214569774 box 0
1445.4463181317012 1025.4104796110253 1595.3145453305472 865.9708441085033 845.738023298963 161.39256184710462 695.8697961001168 320.83219734962654 box 0
972.9456913851927 1510.4029031183543 1122.915251551818 1347.6673055556605 372.201306448059 655.8442389104542 222.23174628143363 818.5798364731479 box 0
2086.5046425862333 1851.538683548089 2238.6238926510046 1685.5137698105477 1480.7252142863256 991.0940229033268 1328.605964221554 1157.118936640868 box 0
2559.4300910770135 1360.9320085467377 2709.63592030178 1196.9533806907923 1963.3984535396858 513.393462186905 1813.1926243149196 677.3720900428502 box 0
813.1062626009186 1680.3968096389349 968.9986692927037 1512.9170113721418 224.46584070871273 819.8960278854794 68.57343401692759 987.3758261522723 box 0
1580.9332968696403 860.1332583194068 1737.8477790088796 697.8875611169753 999.6113194481086 -16.09126079133057 842.6968373088694 146.15443641110085 box 0
2718.692030926081 1196.7757203402955 2865.644921061307 1034.6059873499096 2097.2793046757256 338.33828112454825 1950.3264145404999 500.50801411493416 box 0
1443.1224218309053 2504.9056782555303 1592.3616440958913 2349.8407144223497 864.46222477554 1649.288245694665 715.2230025105542 1804.353209527846 box 0
1282.648107981857 2673.639501769158 1438.1425911397225 2513.159446463061 698.2743575332797 1796.2764146737131 542.7798743754142 1956.7564699798097 box 0
1126.8172086417505 1350.4641445217358 1275.8886042462775 1192.1347235999538 529.0377844155004 488.95464896581296 379.9663888109734 647.284069887595 box 0
652.3081289313478 1843.9861144633783 810.0838388027588 1675.1141302487104 61.00522508400249 975.2561249165046 -96.77048478740844 1144.1281091311726 box 0
2241.8209503328753 1682.8850054551747 2391.5295168315015 1517.6479445745938 1644.4907050931502 840.8136494825693 1494.782138594524 1006.0507103631501 box 0
1737.1963647710093 704.8552822674433 1899.0593814680267 537.7418206366938 1189.9464971674672 -149.0918402279536 1028.0834804704498 18.021621402795944 box 0
471.68046025447177 2032.436265779125 656.5115284377399 1853.2324876498776 -30.55126008204749 1144.5948102706795 -215.38232826531564 1323.798588399927 box 0
1904.3352986092987 543.0565911367364 2065.1926566731004 370.19582556824963 1491.976945043045 -163.215933139605 1331.1195869792432 9.64483242888177 box 0
