2610.361322482749 1106.1970891179526 2783.159667824107 1101.0794888708124 2751.0617671168598 17.277733498624613 2578.2634217755017 22.395333745764745 box 0
2248.664113243461 1098.0066073219975 2431.2058752142225 1093.9498233102656 2406.748019782662 -6.572169379492591 2224.2062578119007 -2.5153853677607163 box 0
1913.0700529574642 1128.5795418361797 2079.357648612446 1125.4536249760772 2058.153846153846 -2.5128205128205607 1891.8662504988645 0.6130963472820278 box 0
2433.837227900272 1105.4150248495334 2599.3197526739355 1101.411829429188 2572.845602910275 7.033792858408661 2407.3630781366114 11.036988278753952 box 0
2086.714675227366 1113.6480056458706 2245.3333333333335 1110.3076923076924 2221.894296843963 -2.7221761023127744 2063.2756387379955 0.6181372358655608 box 0
1742.3288082809033 1125.0062228312697 1909.4358974358975 1123.128205128205 1896.9393480777157 11.178097139570351 1729.8322589227223 13.056114842635093 box 0
1545.3333333333335 1125.6923076923076 1541.4308138304082 -18.995166845517424 1363.5502251803027 -18.388728422943473 1367.4527446832278 1126.2987461148816 box 0
1732.5128205128203 1118.0 1728.1060097172958 2.3100953783097617 1547.1447643414924 3.0248656441248727 1551.5515751370174 1118.714770265815 box 0
1365.8461538461538 1123.128205128205 1360.409859755043 -24.226502188258667 1198.9357682752877 -23.461420000700475 1204.3720623663985 1123.8932873157632 box 0
1196.6153846153848 1128.2564102564102 1210.3345310445168 1.7374167245837469 1042.2325141747172 -0.3097890462118471 1028.5133677455851 1126.2092044856145 box 0
