1042.8051948051948 1566.2337662337661 1103.5237208903197 849.4065119027997 476.69302650135126 796.3111034368701 415.9745004162263 1513.1383577678364 box 0
1532.8729681464686 855.3852512792818 1601.454115884455 235.90579656588076 1083.8369248894203 178.6015861078032 1015.255777151434 798.0810408212042 box 0
2363.5844155844156 1646.7532467532467 2414.430454435452 924.0937836691865 1776.7079009146282 879.2238727513659 1725.8618620635923 1601.8833358354264 box 0
3050.597402597403 1702.5974025974026 3111.646157176287 979.853677079576 2458.910250868945 924.7183466131212 2397.8614962900615 1647.462072130948 box 0
2668.779220779221 2624.6753246753246 2717.01125046501 1726.0541021325737 2178.6968291353455 1697.1609528294748 2130.464799449556 2595.7821753722255 box 0
1701.246753246753 1610.3896103896104 1751.5818335740523 899.2291440255867 1106.8306543187757 853.5944329668268 1056.4955739914767 1564.7548993308508 box 0
3718.026904493542 1731.3556895453735 3772.2035727661473 1008.7714507436293 3129.9823026597774 960.620097808142 3075.8056343871726 1683.204336609886 box 0
3149.8681794087547 935.2954596202762 3203.2762644738095 320.9966427385762 2676.316583164488 275.1819566089719 2622.9084980994335 889.4807734906719 box 0
1001.2467532467534 784.4155844155844 1064.3031457731727 165.65540274425 555.6961961447635 113.82446661192324 492.639803618344 732.5846482832576 box 0
2604.0366782105157 911.3852864498612 2665.0861593373693 287.1093340087406 2141.0046868407535 235.8581175570968 2079.9552057139 860.1340699982173 box 0
2066.1818181818185 864.9350649350649 2124.825370682635 249.01623058775428 1608.974920495513 199.9005009313044 1550.3313679946966 815.8193352786151 box 0
3248.6800559017706 2658.601533919277 3292.6035989730817 1764.7205282948828 2760.75471190248 1738.586526843139 2716.8311688311687 2632.4675324675322 box 0
3692.768354332379 948.3447076096463 3727.914737079208 329.4496624289726 3203.7727845321124 299.6842057148831 3168.6264017852845 918.5792508955568 box 0
455.85352088081015 811.7035086589315 544.9339288996001 89.44035961715292 5.917552937396664 22.96071329541445 -83.16285508139319 745.2238623371927 box 0
338.93172930345816 1559.540123310128 449.29870129870136 855.8441558441558 -5.454331314140302 784.5211448627686 -115.82130330938352 1488.2171123287408 box 0
1850.5974025974028 2379.220779220779 1892.4876480840453 1894.1352656760664 1005.4257123854783 1817.531777815272 963.5354668988357 2302.6172913599844 box 0
