3799.179487179487 2097.4871794871797 3989.114698373833 1898.2526807862798 3009.871292669625 964.715545973494 2819.9360814752786 1163.9500446743941 box 0
3601.7435897435894 2300.051282051282 3789.3607721955996 2105.7946747601454 2818.972986329622 1168.5734146505201 2631.3558038776114 1362.8300219416567 box 0
3388.9230769230767 2507.74358974359 3584.867450674527 2306.842587414283 2630.354594766125 1375.8794681655954 2434.4102210146757 1576.7804704949026 box 0
2991.487179487179 2941.076923076923 3190.2840625108793 2743.3236418122146 2234.3983168416976 1782.393408187149 2035.601433817997 1980.1466894518564 box 0
3186.358974358974 2715.4358974358975 3373.9996082408243 2524.409837086489 2422.7279749024365 1589.9969514993252 2235.0873410205863 1781.023011848733 box 0
2024.8205128205132 1997.4871794871794 1837.6410256410256 2182.102564102564 2687.0 3035.0 2955.589743589743 2933.3846153846152 box 0
1814.5641025641028 2202.6153846153848 1635.076923076923 2382.102564102564 2260.0 3035.0 2668.0 3035.0 box 0
1609.4358974358977 2394.9230769230767 1414.5641025641028 2587.230769230769 1877.0 3035.0 2237.6410256410254 3030.8205128205127 box 0
3998.8636363636365 1886.1818181818178 4022.7272727272725 1533.9090909090908 3219.318181818182 766.8636363636364 3029.5454545454545 965.7272727272727 box 0
4019.318181818182 1519.1363636363635 4022.7272727272725 1139.590909090909 3417.0454545454545 565.7272727272726 3218.181818181818 757.7727272727273 box 0
