1184.0649556198273 2948.4929407637514 1346.2264150943395 2948.1132075471696 1343.9857261517764 1991.2483000599716 1181.8242666772642 1991.6280332765537 box 0
705.735302623548 2937.9470132110882 711.0399835687261 1981.1738741171873 554.4982022291799 1980.305952380397 549.1935212840018 2937.0790914742993 box 0
1027.5156786645439 2952.3416375686734 1183.0188679245282 2952.830188679245 1186.0625634560436 1984.0382812503312 1030.5593741960595 1983.54973013976 box 0
1346.0933364044217 2953.0843225817025 1501.8867924528302 2953.7735849056603 1506.1181253478385 1997.36852330378 1350.3246692994298 1996.6792609798224 box 0
1829.245283018868 2951.88679245283 1823.3906897083627 1988.3088312394195 1666.4638974451484 1989.2623011040337 1672.3184907556533 2952.840262317444 box 0
547.0579183447009 2944.5344443375 554.1387902671808 1982.7337151041693 399.53370211115924 1981.5954971817632 392.45283018867923 2943.396226415094 box 0
866.9811320754717 2943.396226415094 870.4807500206397 1985.3240628598755 711.0823774568696 1984.741817152011 707.5827595117017 2942.81398070723 box 0
1991.509433962264 2949.056603773585 1990.2148368591909 1988.6433874918991 1826.2390484297455 1988.864420040261 1827.5336455328188 2949.277636321947 box 0
1505.1120418916435 2957.889150846421 1661.3207547169811 2958.490566037736 1665.0191499857776 1997.8870215956033 1508.81043716044 1997.2856064042887 box 0
868.2763774406974 2941.549807398068 1028.3018867924527 2941.509433962264 1028.059984792902 1982.6985247492871 868.0344754411468 1982.7388981850906 box 0
