964.7122128200782 944.7182171672974 1021.2469994928488 227.66511811747068 384.1268550749934 177.432504246451 327.59206840222316 894.4856032962776 box 0
2166.031285173555 1766.2392344835794 2216.5164292870063 1047.2649261636957 1580.0865962198782 1002.5759136792627 1529.6014521064262 1721.5502219991463 box 0
3078.471179691104 1039.2979184313162 3121.0515552029533 407.57459437470345 2603.993509945126 372.72306224015745 2561.4131344332764 1004.4463862967706 box 0
1516.2331006005013 1719.372592682311 1573.3924593927945 1001.9955601811614 944.6194853827749 951.896019225648 887.4601265904817 1669.2730517267973 box 0
3619.704299175254 1071.2181231830461 3656.603230053217 443.57065772100594 3136.8399612312396 413.0141590740338 3099.9410303532773 1040.661624536074 box 0
2824.4194589773847 1786.2415467824012 2866.8870103838394 1069.4158451287096 2231.0389799778836 1031.7457269177369 2188.5714285714284 1748.5714285714284 box 0
857.1428571428571 1675.7142857142856 926.830745651011 968.6127549312638 305.0777423962646 907.3363298577019 235.38985388811068 1614.4378606407236 box 0
3485.7142857142853 1827.1428571428569 3515.209247045514 1096.9965870202723 2879.8151459911583 1071.32923075542 2850.3201846599295 1801.4755008780046 box 0
4158.571428571428 1078.5714285714284 4187.51839246515 451.9130835943737 3663.564766238356 427.7103153364533 3634.6178023446346 1054.368660313508 box 0
4150.642320401876 1841.4154884931118 4177.517303675047 1123.4135717271831 3535.4118078635065 1099.3794096217741 3508.536824590335 1817.381326387703 box 0
2994.285714285714 2764.285714285714 3077.180893655842 1866.0043336611677 2534.7344925397288 1815.9463087603995 2451.8393131696007 2714.2276893849453 box 0
2547.491707712395 992.8013864315647 2592.799687879367 365.17764323465155 2070.5989005029373 327.48011637387265 2025.2909203359657 955.103859570786 box 0
1491.2108046151195 949.113780068059 1550.3559216932888 315.6132449666877 1033.1645944022146 267.3270322335768 974.0194773240453 900.8275673349481 box 0
2018.225442041643 970.4543358575545 2066.4863744180543 346.74528312686556 1554.98120850157 307.16638634093187 1506.720276125159 930.8754390716209 box 0
3565.5538246756714 2806.591222564085 3641.598442554257 1904.828705818224 3106.044617878585 1859.6660546827102 3029.9999999999995 2761.428571428571 box 0
2158.5714285714284 2505.7142857142853 2197.0076258325357 2026.5223343634018 1298.154072997166 1954.4248953971749 1259.7178757360584 2433.6168467480584 box 0
