2296.590909090909 1037.3181818181818 2456.280873377209 1037.5723868065984 2457.8216524405225 69.664734301936 2298.131688154222 69.4105293135191 box 0
2130.681818181818 1038.4545454545455 2289.6217138747406 1039.3520169125175 2295.071689884406 74.17522960543516 2136.1317941914836 73.2777581474632 box 0
2939.7727272727275 1038.4545454545455 3103.7217195905887 1037.8605449746294 3100.253844214874 80.69856858612167 2936.3048518970127 81.2925690660379 box 0
2934.590366161862 1036.4957961670123 2936.577683810983 69.52717875606106 2783.805499467303 69.21320077086668 2781.818181818182 1036.181818181818 box 0
3726.1363636363635 1047.545454545454 3747.7218741478455 84.49956565561426 3592.192927393312 81.0135721492407 3570.6074168818304 1044.0594610390808 box 0
3415.753316572693 1044.8282328561663 3419.9008091604423 78.44846958911972 3258.6929471332032 77.75660036931687 3254.5454545454545 1044.1363636363635 box 0
3101.1363636363635 1029.3636363636363 3257.616273093661 1029.7741827477557 3260.1118256424284 78.59338568797682 3103.63191618513 78.18283930385711 box 0
3572.2103726403793 1040.5286693582195 3585.166161563455 78.4060902023536 3431.1376071048944 76.33196629867965 3418.181818181818 1038.4545454545455 box 0
2774.154333317441 1035.0064491917608 2780.7353180923064 72.3615853892237 2620.217348411229 71.26422710655363 2613.6363636363635 1033.9090909090908 box 0
2608.4848816497406 1028.3834479040543 2609.5012041135624 70.98016800278651 2462.3799588274583 70.82399282600508 2461.3636363636365 1028.2272727272727 box 0
