493.08510638297867 56.82978723404263 1204.787234042553 181.2978723404256 1165.9574468085107 443.00000000000006 448.93617021276594 320.1276595744681 box 0
453.7234042553191 335.0212765957447 1169.1489361702127 453.63829787234044 1129.255319148936 719.0638297872341 409.57446808510633 597.2553191489362 box 0
407.4468085106383 611.0851063829788 1125.5319148936169 730.2340425531916 1084.5744680851062 994.5957446808512 363.82978723404256 873.8510638297871 box 0
363.2978723404255 883.9574468085106 1080.3191489361702 1002.5744680851062 1036.7021276595744 1264.8085106382978 317.02127659574467 1149.9148936170213 box 0
313.82978723404256 1160.0212765957447 1036.1702127659573 1277.0425531914893 989.8936170212766 1536.6170212765958 272.8723404255319 1420.659574468085 box 0
268.0851063829787 1425.4468085106382 985.1063829787233 1545.6595744680853 946.2765957446808 1809.4893617021276 225.531914893617 1693.0 box 0
223.40425531914892 1699.9148936170216 946.8085106382978 1819.595744680851 902.127659574468 2081.2978723404253 182.44680851063828 1962.1489361702124 box 0
180.3191489361702 1972.2553191489362 903.1914893617021 2090.3404255319147 857.9787234042552 2351.5106382978724 138.29787234042553 2233.9574468085107 box 0
130.85106382978722 2240.872340425532 852.659574468085 2362.68085106383 812.2340425531914 2624.382978723404 90.95744680851064 2503.6382978723404 box 0
88.82978723404254 2510.553191489362 812.7659574468084 2632.3617021276596 762.7659574468084 2894.0638297872338 42.02127659574468 2771.191489361702 box 0
