840.9574468085106 307.3617021276596 1773.9361702127658 474.38297872340434 1729.787234042553 738.7446808510639 786.7021276595744 561.6170212765958 box 0
773.4042553191489 575.4468085106383 1710.1063829787233 748.8510638297872 1662.2340425531913 1013.7446808510637 726.063829787234 830.7659574468086 box 0
719.6808510638298 847.2553191489362 1656.914893617021 1025.9787234042553 1607.4468085106382 1282.8936170212767 668.6170212765957 1097.787234042553 box 0
670.7446808510638 1109.4893617021276 1604.255319148936 1300.4468085106382 1556.3829787234042 1561.0851063829787 618.0851063829787 1365.340425531915 box 0
621.8085106382979 1379.1702127659573 1551.063829787234 1574.3829787234042 1503.191489361702 1830.7659574468084 576.063829787234 1639.8085106382978 box 0
1559.5744680851062 1594.063829787234 2493.6170212765956 1756.2978723404258 2444.1489361702124 2014.2765957446811 1514.8936170212764 1856.2978723404256 box 0
1615.9574468085104 1311.0851063829787 2552.127659574468 1485.5531914893618 2503.723404255319 1745.6595744680853 1576.5957446808509 1573.3191489361702 box 0
1677.127659574468 1037.6808510638298 2607.446808510638 1216.404255319149 2558.510638297872 1474.3829787234042 1630.3191489361702 1299.9148936170213 box 0
1733.5106382978722 764.8085106382979 2669.68085106383 949.9148936170212 2619.68085106383 1204.1702127659573 1686.7021276595744 1020.1276595744681 box 0
1788.8297872340424 487.68085106382983 2712.7659574468084 677.0425531914893 2668.0851063829787 935.0212765957446 1740.4255319148936 751.5106382978723 box 0
