657.1324171658086 1432.5360423540444 656.5222435552221 1167.290872873504 0.9826907519769881 1168.7988850141194 1.5928643625635326 1434.0440544946598 box 0
672.8055362197719 2233.555854128053 672.289314196813 1958.4530772804244 -11.279870173629265 1959.7357741373278 -10.763648150670575 2234.8385509849563 box 0
676.6407724728025 1970.0683214336275 676.096243856539 1705.7313194922774 -27.585484253350604 1707.1808889240385 -27.04095563708712 1971.5178908653886 box 0
701.74358974359 2994.9230769230767 701.2953880700718 2741.3418826763627 -7.720053395992309 2742.595058836998 -7.271851722474123 2996.176253083712 box 0
646.807812661995 637.3783104083041 650.8204865701676 369.09861403183993 -7.400454110969626 359.25356787233557 -11.413128019142341 627.5332642487997 box 0
658.608040437723 903.774953231421 662.33604619675 642.3052421368952 -15.202157697702377 632.6449785617917 -18.9301634567293 894.1146896563176 box 0
689.1557289322767 2491.3307127887083 689.0770258549429 2238.821104292062 -10.202004357234127 2239.03905802428 -10.123301279900293 2491.5486665209264 box 0
679.8834368132533 1690.9523604796773 679.791218471771 1445.3884029380442 -28.355304469961084 1445.654338128721 -28.26308612847879 1691.218295670354 box 0
681.8191227086793 2735.6805835250693 681.2307692307694 2497.4871794871797 -34.62835938490441 2499.255398929342 -34.0400059069945 2737.448802967231 box 0
659.8285026760634 1157.65520016855 663.19141616409 900.4639318684399 10.066313627189661 891.9239715843794 6.703400139163105 1149.1152398844895 box 0
