1361.5076711283425 1719.7551605266883 1444.3830628991313 1003.7524928542268 817.9440380804261 931.2438529477197 735.0686463096373 1647.2465206201812 box 0
2383.9730129479676 1035.1519504148544 2423.385418353895 403.036246056694 1906.123290655261 370.78495956367516 1866.7108852493327 1002.9006639218358 box 0
2016.6365444986475 1769.9747358875986 2074.042349544887 1060.4342246544932 1435.9829257161962 1008.8116403025867 1378.5771206699567 1718.3521515356922 box 0
773.0360840472163 915.9667101433123 847.7993092667841 217.99623052261455 214.52038450127787 150.16245207287432 139.75715928170996 848.1329316935721 box 0
3989.7747152666147 1885.3887593440586 4023.7562322250274 1167.877106831002 3377.643538059801 1137.2770609684412 3343.6620211013883 1854.7887134814976 box 0
2668.42690884502 1830.3297920139976 2721.396821336699 1109.178865001932 2076.680497771191 1061.8232200709635 2023.7105852795119 1782.974147083029 box 0
2923.7516697701253 1061.8979270938603 2958.6088324038806 427.8545728950545 2436.5251315748023 399.15250331618824 2401.667968941047 1033.1958575149938 box 0
3459.5824487094237 1108.0831347012938 3481.426864275818 491.8277637299437 2962.1968330414234 473.4226071810304 2940.352417475029 1089.6779781523805 box 0
707.0385571576142 1668.8190286804204 804.4021109605457 957.9537093312482 176.86557577516066 872.0032690104765 79.5020219722295 1582.8685883596486 box 0
3325.314880765026 1879.5575645253907 3376.289162080062 1170.8986738238264 2735.057988345082 1124.7745107507035 2684.083707030046 1833.4334014522678 box 0
1845.3369527477448 990.8917376939465 1896.1171983167865 368.3993300250952 1382.3377681061734 326.4874202363153 1331.5575225371317 948.9798279051668 box 0
4001.327346715818 1113.6535034697224 4004.9065685015335 500.5192501202711 3479.8145159033625 497.4539819446663 3476.235294117647 1110.5882352941176 box 0
1317.2272143889986 935.815936023441 1380.8404842725965 300.18349711992215 861.0910395096221 248.16764695564882 797.4777696260242 883.8000858591678 box 0
3786.823529411765 3156.470588235294 3864.550958056931 2251.1180358889223 3320.4196779333283 2204.402615316242 3242.692249288162 3109.7551676626135 box 0
4355.540114242222 3143.0923812135647 4421.832407149598 2239.425300604939 3882.5275870250234 2199.8623311560805 3816.2352941176473 3103.529411764706 box 0
2862.1176470588234 2668.2352941176473 2942.982042123017 2172.719055046434 2040.4518859017755 2025.43315530111 1959.5874908375822 2520.9493943723237 box 0
