1881.73236611906 968.0623977688615 1889.4480600078132 203.1290157371622 1678.84971450731 201.00476229819753 1671.1340206185569 965.9381443298969 box 0
1010.5174852047716 976.8886791011473 1029.0478227047056 194.29595842106704 827.8086880153982 189.5309906601262 809.2783505154639 972.1237113402062 box 0
805.1546391752578 965.938144329897 820.4672112285787 186.38668323391164 614.2803760749811 182.3365968351294 598.9678040216601 961.8880579311149 box 0
2097.8502888779817 975.1142944820123 2105.204528164855 195.48446705315976 1903.7828107154446 193.58445828543333 1896.4285714285713 973.2142857142857 box 0
1234.911273410307 964.2875572377586 1243.8311374165128 202.54876317099882 1032.631204212391 200.07563892293098 1023.7113402061856 961.8144329896907 box 0
1452.1437695223601 972.0240444045379 1463.2952682011203 201.60976819034317 1256.5123234210284 198.61665162085706 1245.360824742268 969.0309278350517 box 0
1660.4468552536607 968.0008182770277 1672.208810768906 201.19305357725216 1470.524842113183 198.0994517950695 1458.7628865979382 964.9072164948453 box 0
2305.4341153357677 968.7202528735538 2316.0959796610787 193.28831212514547 2113.7546478304653 190.50620358148853 2103.092783505155 965.9381443298969 box 0
2523.1254645927193 971.3883840440634 2528.160459478058 191.01050828118542 2322.560768081215 189.68397990722517 2317.5257731958764 970.0618556701031 box 0
2742.046007627033 962.8433885081977 2739.665244231504 182.91201645768155 2531.566021080808 183.54724544175565 2533.9467844763367 963.4786174922717 box 0
