1727.038794296977 1714.491157498783 1779.1516747966423 995.48115504733 1139.007474875834 949.084362124718 1086.894594376169 1668.094364576171 box 0
3101.0638297872338 1767.9148936170213 3138.0445244311218 1043.8073650691026 2491.942877621631 1010.8104871641195 2454.9621829777434 1734.9180157120384 box 0
2570.658465062723 2626.37437383916 3217.087332069699 2566.22255705602 3148.1167017937587 1825.021230639393 2501.6878347867823 1885.1730474225326 box 0
3775.7284131066363 1831.5320761265054 3834.9101618635455 1106.091355408776 3198.543450884569 1054.1763005588668 3139.3617021276596 1779.6170212765958 box 0
2432.978723404255 1718.9787234042553 2445.1500127778268 1002.2360284676512 1798.289948506113 991.251443508394 1786.1186591325413 1707.994138444998 box 0
1776.8918000206165 2460.291455247162 2509.6645067040445 2381.957434458222 2440.248150159437 1732.604688856842 1707.4754434760089 1810.9387096457817 box 0
2708.510638297872 931.744680851064 2748.33973606128 314.14770401394105 2223.270601074568 280.2857670319388 2183.44150331116 897.8827438690616 box 0
2174.4680851063827 908.340425531915 2207.7244516603328 291.38250888320874 1684.5208259611584 263.17985341989487 1651.2644594072083 880.1377700686012 box 0
3261.702127659574 995.5744680851063 3291.163223584743 368.9161477409195 2765.0273931670745 344.18091696780897 2735.566297241906 970.8392373119962 box 0
3804.2553191489355 1042.3829787234042 3834.349432255535 415.536589541526 3308.7153486400653 390.30155295520575 3278.621235533466 1017.1479421370841 box 0
1624.5247226081462 898.5087914276168 1651.460370676454 273.11638728829723 1144.3154517286403 251.27365788193615 1117.3798036603323 876.6660620212555 box 0
