2639.5833333333335 1679.1666666666667 2663.8784574956894 1102.6935822481264 2156.6942377695887 1081.318597145635 2132.3991136072323 1657.7916815641754 box 0
3636.4583333333335 1731.25 3680.9149186211957 1223.0888747177926 3269.991668521107 1187.139165844067 3225.5350832332456 1695.3002911262743 box 0
2093.75 1706.25 2110.9430064815333 1133.3571247854534 1617.3764754779081 1118.5447699216663 1600.1834689963746 1691.4376451362127 box 0
3189.5833333333335 1719.7916666666667 3223.6897045499795 1144.735851498081 2712.357276984775 1114.4088934365664 2678.2509057681286 1689.464708605152 box 0
1693.7500000000002 2415.625 1695.5353368554418 1718.009639647025 1284.876391922146 1716.9586814957665 1283.0910550667043 2414.5740418487417 box 0
2139.583333333334 2422.916666666667 2141.125577419274 1719.1834137992976 1726.5013015777963 1718.274757238451 1724.9590574918561 2422.00801010582 box 0
3531.25 2464.5833333333335 3955.600393239091 2445.385442111861 3923.920867910427 1745.1408748434678 3499.570474671337 1764.338766064941 box 0
3069.791666666667 2493.75 3492.4955308072076 2486.192047716613 3479.739986279636 1772.795381681366 3057.0361221390954 1780.353333964752 box 0
3058.333333333334 2460.416666666667 3046.21337093225 1748.236745072544 2614.387427159049 1755.5856102169423 2626.5073895601317 2467.765531811065 box 0
2180.083614420745 2415.9742009804 2604.795823329973 2409.3607877402364 2593.75 1700.0 2169.0377910907723 1706.6134132401628 box 0
