1114.7625530299888 1000.3737339497172 1230.658998857256 20.178019005432475 937.9505828800453 -14.43125805860393 822.054137052778 965.7644568856809 box 0
2335.333658232052 1116.703304753102 2441.53798138491 15.052270180245388 2154.3201114517856 -12.636878666676239 2048.115788298928 1089.0141559061803 box 0
1416.777202035522 1033.7447939358199 1537.688254103724 23.41696680638819 1244.9045240386968 -11.621946188017318 1123.9934719704947 998.7058809414144 box 0
3244.7316431622953 1224.817872990549 3361.5903674513743 25.981234106931538 3063.5504170794034 -3.0707378281955466 2946.6916927903244 1195.765901055422 box 0
1721.0211582780091 1062.1126727729925 1840.8207824547414 23.660235489810816 1548.2351550459655 -10.093499341596157 1428.4355308692332 1028.3589379415857 box 0
2938.3734037258346 1181.6408157845935 3054.115720603857 23.089602376083462 2759.4485887668407 -6.348420002122908 2643.7062718888183 1152.2027934063872 box 0
2640.723322375036 1155.6131512593647 2747.4544969061567 11.274687767815408 2456.3822318241823 -15.873298354091387 2349.6510572930615 1128.465165137458 box 0
2026.5134712010536 1091.4125485437935 2148.260353061332 32.58402179039274 1852.7347244471396 -1.3962903040472838 1730.9878425868612 1057.4322364493532 box 0
3543.0660590722014 1261.6093902956886 3682.2341691511924 16.528119224498596 3385.630765573794 -16.62452396268077 3246.462655494803 1228.4567471085093 box 0
818.2177970035135 959.3198819179654 916.4612370867011 13.41853314640258 639.7986330883444 -15.316266729366761 541.5551930051569 930.5850820421961 box 0
