676.4705882352941 1600.9411764705883 904.7058823529412 1597.4117647058824 982.3529411764706 2813.882352941176 761.1764705882354 2823.2941176470586 box 0
916.4705882352941 1589.1764705882354 1138.8235294117646 1580.9411764705883 1217.6470588235295 2803.2941176470586 992.9411764705883 2811.529411764706 box 0
1154.1176470588236 1582.1176470588236 1382.3529411764707 1573.8823529411766 1449.4117647058824 2796.235294117647 1231.764705882353 2798.5882352941176 box 0
1389.4117647058824 1566.8235294117646 1611.764705882353 1558.5882352941176 1691.764705882353 2771.529411764706 1470.5882352941178 2785.6470588235293 box 0
1621.1764705882354 1542.1176470588236 1844.7058823529412 1540.9411764705883 1931.764705882353 2763.2941176470586 1707.0588235294117 2772.705882352941 box 0
1855.2941176470588 1536.2352941176473 2090.5882352941176 1523.2941176470586 2162.3529411764707 2752.705882352941 1940.0 2760.9411764705883 box 0
2097.6470588235293 1528.0000000000002 2328.2352941176473 1515.0588235294117 2395.294117647059 2732.705882352941 2172.9411764705883 2751.529411764706 box 0
2332.9411764705883 1509.1764705882354 2561.1764705882356 1499.764705882353 2627.0588235294117 2719.7647058823527 2410.5882352941176 2730.3529411764703 box 0
2571.764705882353 1503.2941176470588 2792.9411764705883 1489.1764705882354 2862.3529411764707 2708.0 2644.7058823529414 2718.5882352941176 box 0
2807.0588235294117 1480.9411764705883 3035.294117647059 1469.1764705882354 3096.470588235294 2689.176470588235 2880.0 2700.9411764705883 box 0
