2186.766355140187 2594.1682242990655 2359.0859639682308 2394.740954558404 1777.2920078998354 1892.0288276832844 1604.9723990717914 2091.456097423945 box 0
1944.710280373832 1699.7757009345796 2122.0696143247615 1498.5306036219247 1548.3644320335686 992.9184402742615 1371.0050980826395 1194.1635375869164 box 0
1599.5579712289148 2086.5535717983025 1769.4294443526512 1893.5494720893328 1201.4976413480358 1393.6874890760769 1031.6261682242991 1586.6915887850466 box 0
2012.6284906738626 2778.1003016354034 2176.1091668379872 2586.9323433353466 1599.353462097683 2093.7094547774955 1435.8727859335588 2284.877413077552 box 0
2355.8826115981315 2393.3309046842046 2524.1495327102803 2200.7102803738317 1947.4262682001834 1696.90416718995 1779.159347088034 1889.5247915003222 box 0
1770.9104617245655 1890.9416264493175 1942.283439103331 1696.0092353601951 1374.0271829862418 1196.4320948921854 1202.6542056074768 1391.3644859813082 box 0
2524.1495327102803 2196.9719626168226 2700.7476570452436 2000.5824754226735 2136.4605106953895 1493.1619762123582 1959.8623863604266 1689.551463406508 box 0
2116.4345991425753 1487.7405565382564 2283.0280373831774 1297.9065420560746 1715.8326754633401 800.1505115886399 1549.2392372227382 989.9845260708217 box 0
1433.0719899205037 2285.488151237557 1602.9434630442402 2092.484051528586 1035.0116600396248 1592.6220685153291 865.1401869158881 1785.626168224299 box 0
2695.0467289719627 1995.9065420560746 2871.644853306926 1799.5170548619258 2307.357706957072 1292.0965556516105 2130.759582622109 1488.4860428457603 box 0
2353.8826115981315 2391.3309046842046 2522.1495327102803 2198.7102803738317 1945.4262682001834 1694.90416718995 1777.159347088034 1887.524791500322 box 0
