2629.6875 27.604166666666668 2139.5833333333335 56.77083333333334 2175.0 566.6666666666667 2673.4375 531.25 box 0
2119.2708333333335 57.29166666666667 1618.75 112.5 1672.3958333333335 615.625 2166.666666666667 561.9791666666667 box 0
2155.2083333333335 572.9166666666667 1661.9791666666667 622.9166666666667 1711.4583333333335 1128.125 2207.291666666667 1078.6458333333335 box 0
2685.416666666667 542.7083333333334 2185.416666666667 575.0 2225.5208333333335 1081.7708333333335 2725.5208333333335 1044.7916666666667 box 0
2213.0208333333335 1095.3125 1714.5833333333335 1135.9375 1756.7708333333335 1636.4583333333337 2254.6875 1598.4375000000002 box 0
2738.0208333333335 1053.6458333333335 2237.5 1091.1458333333335 2279.166666666667 1601.0416666666667 2776.041666666667 1555.7291666666667 box 0
2243.75 1614.5833333333335 1744.2708333333335 1647.3958333333335 1778.6458333333335 2155.2083333333335 2282.291666666667 2118.229166666667 box 0
2762.5 1569.2708333333335 2264.0625 1610.4166666666667 2309.8958333333335 2115.625 2806.25 2073.4375 box 0
2299.479166666667 2132.291666666667 1798.4375 2160.9375 1827.0833333333335 2658.854166666667 2326.5625 2643.75 box 0
2843.229166666667 2578.125 2342.1875 2641.1458333333335 2302.604166666667 2121.354166666667 2807.8125 2079.166666666667 box 0
