2773.583486787231 3032.6050655738136 2769.0495980658566 2434.24447809635 2310.8507266632405 2437.71633559946 2315.3846153846152 3036.0769230769233 box 0
2767.6923076923076 2421.4615384615386 2756.9767618997535 1749.108766406492 2305.8047339944064 1756.299269258979 2316.520279786961 2428.6520413140256 box 0
3241.4206468924394 3026.8846057874707 3235.4046109253986 2432.7723768457267 2784.617247259981 2437.337091829172 2790.6332832270227 3031.4493207709165 box 0
3233.9818225594945 2414.1695575628823 3223.076923076923 1739.1538461538462 2770.705101271259 1746.4619267839123 2781.610000753831 2421.4776381929482 box 0
2309.409716437143 3049.2408459219005 2298.155191709148 2443.2125492206915 1847.2070137335434 2451.5870879141758 1858.4615384615383 3057.6153846153848 box 0
2301.0021466472385 2428.406016385538 2287.1818481963196 1759.4998368901292 1840.4378568302554 1768.7300331135984 1854.258155281174 2437.636212609007 box 0
1838.4615384615383 2468.3846153846157 1825.9240501843415 1760.9888068947344 1376.6426715051161 1768.9516191573323 1389.1801597823135 2476.347427647214 box 0
1844.1729585238352 3036.2564503303824 1840.159082455346 2492.735477850402 1387.6923076923076 2496.0769230769233 1391.7061837607969 3039.5978955569053 box 0
1371.5384615384614 2450.6923076923076 1358.9303439854407 1773.3886712993142 916.963574939992 1781.6159547202765 929.5716924930126 2458.91959111327 box 0
1379.8874789658503 3038.1654312441888 1375.810271351391 2472.0140401757376 918.4615384615385 2475.3076923076924 922.5387460759978 3041.4590833761445 box 0
