2368.439282113291 1774.8215169620155 3343.743732547395 1022.8986036619572 3207.0082505405176 845.5416940975551 2231.7038001064134 1597.464607397613 box 0
2504.4067510778755 1955.5568648637698 3489.455178932523 1219.4461152787085 3355.844499379888 1040.6510224042963 2370.7960715252407 1776.7617719893576 box 0
2240.1733300953115 1575.9801535918111 3209.326945684135 825.5453367434344 3073.804155561427 650.5236038849955 2104.6505399726034 1400.9584207333721 box 0
2617.1052196436517 2152.437811232482 3627.7567443299536 1422.8117295257646 3501.6572994298344 1248.143362473572 2491.0057747435326 1977.7694441802898 box 0
2096.6153846153848 1389.7948717948718 3076.5442908956343 625.5338140299093 2940.695064648652 451.3491132098351 1960.7661583684026 1215.6101709747977 box 0
2755.5897435897436 2341.076923076923 3762.217206836304 1625.2335810834616 3631.209974011991 1441.0096444919077 2624.5825107654314 2156.852986485369 box 0
2886.358974358974 2543.6410256410254 3901.6209221474182 1827.3618003125305 3775.1340870600457 1648.0779874928746 2759.872139271601 2364.357212821369 box 0
1967.376709496572 1190.0633771186647 2940.5027137498582 473.84479044363695 2808.2029273302087 294.08910563266465 1835.0769230769229 1010.3076923076923 box 0
1635.6637113001646 796.2460827487382 2640.205128205128 102.61538461538456 2518.610667591867 -73.4821728902909 1514.0692506869034 620.1485252430627 box 0
2637.6410256410254 133.38461538461533 2768.4102564102564 302.6153846153845 1804.3076923076924 1002.6153846153844 1668.4102564102564 805.179487179487 box 0
