1313.7657271711187 3060.1580009335103 1481.2486186510387 3055.716057328547 1451.4573162706538 1932.4389724856787 1283.9744247907338 1936.8809160906426 box 0
277.27725871949764 3027.630458698461 443.47470242582705 3020.8310843461736 401.22449422926337 1988.1071549795174 235.02705052293396 1994.906529331805 box 0
620.7012835225388 3045.2224486146006 790.1925996055221 3039.789528939007 755.4085049906447 1954.6267937865218 585.9171889076614 1960.0597134621153 box 0
964.6411368829689 3016.5003253243963 1136.1377520365224 3010.7417967810784 1099.010460712246 1905.0418347097834 927.5138455586925 1910.8003632531015 box 0
1660.0976970756255 3008.124275849988 1840.0723221511762 3002.619150359405 1805.8839916145598 1884.927649809192 1625.9093665390092 1890.4327752997742 box 0
447.12067331688354 3029.80288199835 617.744164624849 3024.335463027447 583.0643658219103 1942.0718975121483 412.44087451394483 1947.5393164830507 box 0
797.071474844872 3038.214095843018 960.3276388952365 3032.889766224214 924.5896659784921 1937.0815073369135 761.3335019281276 1942.4058369557174 box 0
1483.8983699541454 3029.278411456238 1655.0029099830176 3024.2577048727485 1621.8211582440968 1893.4311420715944 1450.7166182152246 1898.4518486550837 box 0
1140.8353390560344 3055.7261614393333 1305.9147435791604 3051.5573890079017 1277.7829348697467 1937.5646474290747 1112.7035303466207 1941.7334198605063 box 0
103.10603950649121 3045.3591867442483 272.7587002400579 3039.921378713687 240.78442980617663 2042.36500606581 71.13176907260996 2047.8028140963715 box 0
