3889.442550277706 1680.1298168888595 3893.4586989536706 1168.5796595101447 3476.230842971806 1165.3040293940996 3472.214694295841 1676.8541867728145 box 0
2100.3278429751967 1658.00900937086 2513.043478260869 1643.391304347826 2494.9029460600686 1131.2123227719794 2082.1873107743963 1145.830027795013 box 0
1069.5652173913043 1697.3043478260868 1571.917507687999 1669.8479899837382 1540.2554736307118 1090.5469983715905 1037.9031833340164 1118.003356213939 box 0
1580.0426929447635 1653.3518568342386 2089.565217391304 1630.3478260869565 2063.2383409390172 1047.2266897032293 1553.7158164924774 1070.230720450511 box 0
2520.243656567596 1659.8626780621883 2942.6086956521735 1651.2173913043478 2932.0608043023003 1135.900702912416 2509.6957652177234 1144.5459896702566 box 0
3164.933836128743 2515.436138003906 3672.173000959747 2501.792534647303 3656.5217391304345 1919.9130434782605 3149.28257429943 1933.5566468348634 box 0
1516.1263515289686 2340.857519810351 2031.7567448858058 2332.499527052182 2025.0135540789704 1916.491254634076 1509.3831607221332 1924.849247392244 box 0
1532.1739130434785 2781.6521739130435 2041.2783816504593 2769.702592017457 2031.5051290865554 2353.3192744600565 1522.4006604795743 2365.268856355643 box 0
2077.325522366927 2517.123910356702 2591.3043478260865 2503.391304347826 2575.6906585162656 1919.007998851456 2061.7118330571057 1932.7406048603314 box 0
2951.751281381535 1710.1072926597885 3459.1304347826085 1706.8695652173913 3455.4440069196808 1129.1752776519613 2948.0648535186074 1132.4130050943581 box 0
3145.2173913043475 2503.391304347826 3138.173663538887 1920.2165123825685 2616.324777809139 1926.5195308539296 2623.3685055745996 2509.694322819187 box 0
