3156.04480192276 1265.7968613538696 3596.2361057671637 351.5983484970036 3402.2812783995055 258.20809775257567 2962.089974555102 1172.4066106094417 box 0
2954.040377421385 1164.6110230938973 3391.9985982408393 251.0058258453203 3198.2925716447767 158.14826874570235 2760.3343508253224 1071.7534659942794 box 0
3355.566001573186 1370.904563336729 3795.9563809922515 460.3331534721773 3602.806103834529 366.9176092096574 3162.4157244154635 1277.4890190742092 box 0
2753.1529562694595 1064.4965451262335 3187.022661592494 150.01059068503167 2991.2811166065167 57.142760369982106 2557.4114112834823 971.6287148111838 box 0
2551.7491426183324 964.4743494713967 2976.4358659121626 58.00399882729573 2780.0830930994407 -33.9884371483987 2355.3963698056104 872.4819134957023 box 0
3552.405557157855 1469.2637048185866 3995.6571415280364 561.9606473318054 3808.5238892532775 470.5390326081713 3365.2723048830962 1377.8420900949525 box 0
2354.084310402452 865.8894741845795 2743.856908501048 21.1716340620697 2541.7751927713757 -72.07360313660598 2152.0025946727797 772.644236985904 box 0
2157.3012850508203 777.0495422196668 2502.5577595957393 16.730470479935946 2290.2438107743747 -79.6800605607313 1944.9873362294554 680.6390111789997 box 0
1947.2419014711018 681.8166556559049 2252.964139824126 22.270397226850093 2039.5561614256267 -76.651496430441 1733.8339230726021 582.8947619986138 box 0
1741.6964451351719 581.5878265660103 1993.7993089249962 22.941901518166162 1789.2943248233241 -69.34605734756548 1537.1914610334998 489.29986770027864 box 0
