1156.4701503191898 2413.894047661326 1804.2857142857142 2399.9999999999995 1788.436496139384 1661.0238252980876 1140.6209321728597 1674.9178729594144 box 0
1270.0667694156482 889.8109634567376 1301.8609882151886 270.52170756941445 799.0131867480308 244.70557581720576 767.2189679484906 863.9948317045289 box 0
1811.4285714285716 895.7142857142856 1829.5985199571953 268.00838822705776 1306.3039411700686 252.86079187670884 1288.1339926414446 880.5666893639367 box 0
3174.2857142857138 1677.1428571428569 3197.9543840421134 950.6297658474684 2548.0340515633934 929.4563693846727 2524.3653818069934 1655.9694606800613 box 0
2351.2758470363387 918.0653343471897 2385.1225190567798 290.0973271944752 1858.4451719455953 261.71009213596454 1824.5984999251532 889.678099288679 box 0
3434.4298565304102 924.9819404834333 3475.382154087427 303.79520812986226 2945.280245005932 268.84775998653754 2904.3279474489154 890.0344923401083 box 0
2891.3890031450437 901.7181050013339 2926.034769783421 273.5308161232733 2397.865663319626 244.40124930120885 2363.219896681249 872.5885381792694 box 0
3164.4709281425635 2420.9248067259387 3176.0271438506675 1696.2397906615877 2523.822833737494 1685.8393911413166 2512.26661802939 2410.5244072056676 box 0
1153.5746041497919 1642.779603701071 1779.9999999999998 1617.1428571428569 1751.2358577061348 914.3005841652415 1124.8104618559269 939.9373307234555 box 0
3970.212152254597 977.2933539281545 4003.307667364948 365.085544797585 3479.3073563252024 336.75846377509254 3446.2118412148516 948.9662729056621 box 0
3747.0757586253217 1873.261761083953 3785.127368539185 997.0496056453317 3249.4801813424338 973.7878445613788 3211.428571428571 1849.9999999999998 box 0
2487.142857142857 1654.2857142857142 2475.864374367419 943.0341731133511 1838.4394085610152 953.141970539887 1849.7178913364532 1664.3935117122498 box 0
2485.7142857142853 2422.8571428571427 2488.4017161851266 1699.6481555381106 1849.3722752847948 1697.273534617529 1846.684844813953 2420.482521936561 box 0
