701.3482493569237 1947.435516709475 1207.553297777299 1937.3100656449226 1217.246345237671 2421.8978166238585 711.0412968172959 2432.0232676884107 box 0
1214.7818661757633 1924.5853608809514 1724.162162162162 1914.3963963963963 1733.9724011701098 2404.8429434562768 1224.5921051837106 2415.0319079408314 box 0
1730.9088270537256 1899.415982262958 2243.081081081081 1889.1711711711712 2253.0709297727485 2388.597004987218 1740.8986757453927 2398.8418160790047 box 0
1744.1840282713752 2418.773786006595 2256.7710104669445 2413.647745315477 2261.7979537106066 2916.325313092504 1749.2109715150373 2921.451353783622 box 0
1225.9632746338166 2444.716811406878 1738.3452288709104 2429.3407396814546 1752.9916803211377 2917.4093147192484 1240.609726084044 2932.785386444672 box 0
707.945945945946 2452.2342342342345 1212.4504504504505 2439.6216216216217 1230.4684684684685 2939.6216216216217 737.6756756756758 2951.3333333333335 box 0
2265.6036036036035 2417.099099099099 2772.810810810811 2417.099099099099 2772.810810810811 2910.7927927927926 2265.6036036036035 2910.7927927927926 box 0
2786.324324324324 2399.0810810810813 3298.936936936937 2399.0810810810813 3298.936936936937 2899.981981981982 2786.324324324324 2899.981981981982 box 0
2251.189189189189 1897.2792792792795 2264.7027027027025 2403.5855855855857 2776.4144144144143 2393.675675675676 2752.9909909909907 1885.5675675675675 box 0
2763.8018018018015 1887.3693693693695 2784.522522522522 2390.972972972973 3297.135135135135 2379.261261261261 3269.207207207207 1878.3603603603601 box 0
