3062.602594534003 2363.084523973981 3078.7211181065463 1973.8179527953155 2672.34458335296 1956.9909498114193 2656.2260597804166 2346.257520990085 box 0
3461.280058844979 2781.4981767946024 3475.3774588226024 2384.07248369352 3070.8368478933016 2369.7227048582295 3056.7394479156783 2767.1483979593118 box 0
3482.09973614127 2376.609448205125 3495.2916949385053 1983.1147571486354 3087.9440275916395 1969.458375586379 3074.7520687944043 2362.953066642868 box 0
3076.5797126224466 1959.3679014610964 3088.427331763663 1570.1504931978084 2682.8370613643697 1557.8044908118525 2670.989442223153 1947.021899075141 box 0
3098.918139297336 1556.7354044658482 3107.6853874011886 1165.4257706413505 2700.430630081326 1156.3012738483608 2691.6633819774734 1547.6109076728585 box 0
3102.812498949188 1153.7948330663544 3109.6761364563563 760.219362049155 2703.0121958750306 753.1274722314972 2696.1485583678623 1146.7029432486966 box 0
3500.3109698400854 1974.0580027652923 3511.399858973679 1580.6491884237385 3103.955613411868 1569.1646870540433 3092.8667242782744 1962.5735013955975 box 0
3049.8980711307304 2764.132430794784 3064.391647342387 2370.4129189148293 2654.051010290168 2355.307486960343 2639.5574340785115 2749.0269988402974 box 0
3510.836944120424 1167.25533585328 3518.475169447206 772.7958758289063 3111.2774815387556 764.9109902880774 3103.6392562119736 1159.3704503124509 box 0
3506.730362471072 1572.8391974542367 3519.889545204005 1179.3816382638204 3113.637961808713 1165.7945595648064 3100.47877907578 1559.2521187552227 box 0
