2991.7495987313787 2494.383394127492 2994.591193058822 2100.4819748571877 2587.588094292303 2097.5458653634746 2584.74649996486 2491.447284633779 box 0
3406.26582659869 2493.9478577036584 3406.7635977317323 2098.253847683492 3001.9646116337317 2097.744622765091 3001.4668405006896 2493.4386327852576 box 0
3409.012864203218 1687.2563111231348 3407.501505368298 1295.0340051692258 3000.6221303036177 1296.6018424108004 3002.133489138538 1688.8241483647098 box 0
2987.4061987776868 1690.1809246238352 2986.562598604851 1298.9589936594 2577.456121931542 1299.8411586586355 2578.299722104378 1691.063089623071 box 0
3411.958422839547 2090.0315592565685 3410.431479416018 1696.5375282405878 3002.520372021293 1698.1204167566152 3004.047315444822 2091.6144477725957 box 0
2992.8110475625754 2090.846565892417 2995.382470648309 1699.8578550746277 2584.989308730149 1697.1588143566069 2582.417885644415 2088.147525174396 box 0
2981.7333948705946 1289.423130518151 2979.811045333099 898.3991491647407 2573.0871159936632 900.3986826837531 2575.0094655311586 1291.4226640371635 box 0
3401.472734566674 1284.9753925730042 3397.728211923933 892.1946160786151 2992.1207690038823 896.0614200185482 2995.865291646623 1288.8421965129373 box 0
3379.3106120783905 885.3171577730016 3379.546694771723 491.81999510694664 2967.227569989481 491.5726199827357 2966.991487296148 885.0697826487906 box 0
2968.3537410095123 887.987821587997 2964.180346146948 490.84994836438364 2553.170727221689 495.1691169648595 2557.3441220842533 892.3069901884728 box 0
