1875.6637372967205 252.90350433594278 3416.5730564744613 237.49389748717934 3413.9670114854334 -23.10191454107117 1873.0576923076924 -7.692307692307692 box 0
1871.6110100124974 271.0505674868259 3426.3409625834083 255.5027496970687 3429.3120669105792 552.6032786670202 1874.5821143396684 568.1510964567774 box 0
1871.7167774804552 579.7038847989252 3426.446730051366 564.156067009168 3429.2062994426215 840.103807508767 1874.4763468717106 855.6516252985242 box 0
1882.6600298920414 875.6280327586192 3431.2401197138247 860.1417156463896 3434.137782129476 1149.8982982723858 1885.5576923076924 1165.3846153846152 box 0
1886.0677161825724 1176.6225146837405 3439.8361783684677 1161.0843121183432 3442.73997612512 1451.4544083931826 1888.9715139392247 1466.99261095858 box 0
1890.8609616154636 1481.6177791863443 3443.6679334163427 1466.0891918453067 3446.6005768460745 1759.3437592751939 1893.7936050451954 1774.8723466162317 box 0
1888.0293741943947 1787.4155912077806 3446.6052883053694 1771.8293125205844 3449.4321642671434 2054.507485715296 1890.8562501561687 2070.093764402492 box 0
1896.5966112142191 2081.6323702907125 3452.288054170146 2066.0749372765954 3455.288004170396 2366.059937401595 1899.5965612144691 2381.6173704157122 box 0
1901.4426201897832 2394.1033323115435 3451.365120835614 2378.603590643585 3454.288149040986 2670.8966676884565 1904.365648395155 2686.396409356415 box 0
1906.2166832504774 2698.916000499244 3457.1006742813242 2683.406643606926 3460.0910090572147 2982.4301533469097 1909.2070180263677 2997.9395102392277 box 0
