1887.9713795943653 3024.098740521157 1890.4609547582636 1546.443933154559 1571.4111971573434 1545.9063932984227 1568.9216219934451 3023.561200665021 box 0
2163.2820512820513 3020.5641025641025 2161.9539153640862 1547.9774816299098 1872.1105931916188 1548.238893299205 1873.4387291095838 3020.825514233397 box 0
2494.4278233082687 3015.035048836364 2493.49219646228 1535.0062365255226 2171.8158946482745 1535.2095899880987 2172.751521494263 3015.23840229894 box 0
946.5476451848855 3053.390723232165 979.3542892850331 1547.1619890479944 683.1918113733419 1540.7113771401496 650.3851672731943 3046.94011132432 box 0
645.3294908122073 3025.1706894724325 678.4627299579358 1552.3409028907079 382.135699331867 1545.6746374060417 349.0024601861383 3018.5044239877666 box 0
1254.313602322707 3040.937869847056 1279.4899764931852 1549.8666163927887 981.8867741879129 1544.8416589615374 956.7104000174348 3035.912912415805 box 0
3073.5384615384614 3033.3846153846152 3092.5733630894692 1556.2079927908517 2786.3688007949722 1552.2622400564828 2767.333899243965 3029.438862650247 box 0
2763.2820512820513 3038.5128205128203 2775.6105530970344 1554.4598593585708 2495.1640492693405 1552.1301007030877 2482.8355474543573 3036.1830618573363 box 0
1568.4102564102564 3033.3846153846152 1580.8959309089173 1546.3677244331375 1274.2931311941647 1543.7933469792492 1261.807456695504 3030.8102379307265 box 0
355.58974358974376 3041.076923076923 364.69969662439763 1544.437297777199 84.96909388727632 1542.7345948618058 75.8591408526224 3039.37422016153 box 0
