621.1764705882354 13.882352941176414 1123.5294117647059 6.823529411764652 1125.8823529411766 499.76470588235287 621.1764705882354 519.7647058823529 box 0
617.6470588235294 529.1764705882352 645.8823529411765 1026.8235294117646 1144.7058823529412 1009.1764705882354 1121.1764705882354 515.0588235294117 box 0
1148.235294117647 486.82352941176464 1130.5882352941176 5.647058823529359 1631.764705882353 4.4705882352940645 1643.5294117647059 472.7058823529411 box 0
1138.8235294117646 516.2352941176471 1154.1176470588236 1017.4117647058822 1658.8235294117646 995.0588235294118 1642.3529411764707 498.58823529411757 box 0
1658.8235294117646 487.9999999999999 1668.235294117647 989.1764705882354 2176.470588235294 980.9411764705883 2163.529411764706 478.58823529411757 box 0
2157.6470588235293 462.1176470588234 2148.2352941176473 0.9411764705881818 1636.4705882352941 0.9411764705881818 1655.2941176470588 472.7058823529411 box 0
2169.4117647058824 467.9999999999999 2680.0 452.7058823529411 2662.3529411764707 0.9411764705881818 2160.0 2.117647058823476 box 0
2177.6470588235293 486.82352941176464 2684.7058823529414 484.4705882352941 2688.2352941176473 997.4117647058823 2180.0 990.3529411764707 box 0
2700.0 469.1764705882353 2696.470588235294 982.1176470588236 3207.0588235294117 970.3529411764707 3205.8823529411766 473.8823529411764 box 0
2691.764705882353 460.9411764705882 3208.2352941176473 460.9411764705882 3182.3529411764707 6.823529411764652 2672.9411764705883 3.29411764705877 box 0
