2481.440970792028 1827.5062770365912 2547.25806565172 1104.3350071451887 1896.5250486811308 1045.1106456564944 1830.7079538214398 1768.281915547897 box 0
2378.2329187034384 2585.323696590241 2454.6125224993148 1854.4407457138132 1808.7040577112957 1786.9412472376853 1732.3244539154193 2517.8241981141127 box 0
1679.318900097599 2542.9556684849717 1787.7711661876033 1816.6345839213957 1143.5240925250598 1720.4373833368363 1035.0718264350555 2446.758467900412 box 0
2899.754385964912 1078.9473684210525 2988.4858433676304 448.46196732673025 2474.9808310764097 376.1937624720012 2386.249373673692 1006.6791635663233 box 0
2366.421052631579 1021.0526315789472 2447.3367766084098 399.3987617805834 1933.066389020687 332.4602888567314 1852.150665043857 954.1141586550953 box 0
3096.552092106204 2613.9788994968694 3148.2169845177636 1875.290702606112 2492.413148506161 1829.4228590785697 2440.7482560946014 2568.111055969327 box 0
1792.9991370557373 1786.6372543100094 1877.0738478276442 1058.0262249610057 1246.6843379902534 985.285333623447 1162.6096272183465 1713.8963629724506 box 0
3152.163980393916 1853.2427038259912 3202.432080094656 1133.609682585764 2563.1621533341113 1088.9551385812356 2512.894053633371 1808.5881598214628 box 0
1111.7506594236183 1894.5146383238828 1181.5926772988228 1267.5424395847979 651.8664012376976 1208.5332010315858 582.0243833624932 1835.5053997706707 box 0
1820.8070175438593 952.6315789473684 1896.7512120398676 337.47647552856733 1387.5117044071294 274.60812899648533 1311.5675099111215 889.7632324152862 box 0
3465.154710217045 1119.4535623626455 3570.041541319295 503.4932770308636 3064.2903398741787 417.37304800155124 2959.4035087719303 1033.3333333333333 box 0
1289.2280701754387 849.1228070175438 1355.0946187099994 241.50290019363402 849.509984391599 186.6970676646617 783.6434358570383 794.3169744885714 box 0
500.6258412528003 2030.6645751788776 602.5102534912314 1163.725785642774 75.19298245614057 1101.754385964912 -26.69142978229057 1968.6931755010157 box 0
