427.11779326598565 547.3759232607795 700.6345369401963 527.2589811442135 659.1660293658501 -36.560862400707926 385.6492856916395 -16.443920284141903 box 0
709.930062425293 532.8423417458163 992.2846169535496 511.4383510402394 951.818694364868 -22.375072039090178 669.4641398366114 -0.9710813335133307 box 0
2408.202553888334 420.1421850918527 2698.260613140678 396.06989291672335 2664.2802845516076 -13.374629092096828 2374.2222252992638 10.697663083032586 box 0
1846.880746871348 458.771066108241 2126.348813116592 439.8062599027069 2096.078274887685 -6.2646722941540505 1816.6102086424412 12.700133911379991 box 0
2121.0038008725646 438.17946646130173 2413.1474231841453 415.6057976160436 2379.745579620599 -16.67375948345756 2087.6019573090184 5.89990936180061 box 0
1563.594112331767 478.57178222775127 1839.1668268698745 459.41180852734203 1806.5043526340532 -10.36371566891338 1530.9316380959458 8.796258031495848 box 0
1274.2764598882522 497.8831780083524 1550.055119340259 479.9635711029149 1517.8114086115033 -16.259776175771837 1242.0327491594967 1.6598307296656607 box 0
992.672206993592 513.4102568583296 1277.338592256776 492.31440534732604 1239.1293371958611 -23.279407783012243 954.462951932677 -2.183556272008776 box 0
2703.4675853056474 397.6502075178653 2977.6961905158055 372.42829426259254 2942.8424977021646 -6.52311477494537 2668.6138924920065 18.69879848032734 box 0
124.64919330818111 572.40973648466 414.65397816657867 564.7014051719052 399.4406822942951 -7.657049261472782 109.43589743589757 0.051282051282001355 box 0
