938.9665011951714 1655.881513849428 1587.4125874125875 1270.6293706293707 1455.1369351512556 1047.986536526505 806.6908489338396 1433.2386797465626 box 0
1085.3358334248446 1876.0553488840908 1734.2657342657344 1490.909090909091 1605.2000080643545 1273.4472639496937 956.2701072234646 1658.5935219246935 box 0
793.7993364378782 1435.2105921114098 1444.7552447552448 1051.048951048951 1312.9513788697557 827.7093562889435 661.995470552389 1211.8709973514021 box 0
1228.7903481117546 2100.0048262451387 1869.2307692307693 1706.2937062937065 1734.936337432316 1487.8401801003133 1094.4959163133008 1881.5513000517453 box 0
1371.5455928669994 2327.375455615767 2011.986013986014 1933.6643356643358 1877.6915821875607 1715.210809470943 1237.2511610685456 2108.9219294223753 box 0
700.7632084597614 2711.640652670355 1345.1086534058923 2324.3535155825293 1213.005435126268 2104.5679900387327 568.6599901801366 2491.8551271265596 box 0
563.7981734947264 2488.6616316913337 1208.143618440858 2101.374494603508 1076.0404001612337 1881.5889690597114 431.6949552151016 2268.8761061475384 box 0
426.8331385296914 2269.179114208817 1071.178583475823 1881.8919771209908 939.075365196199 1662.106451577194 294.7299202500666 2049.3935886650215 box 0
275.1827888793417 2048.997296026999 919.5282338254735 1661.7101589391727 787.4250155458494 1441.924633395376 143.07957059971687 1829.2117704832035 box 0
136.1198518164046 1820.4238694535723 780.4652967625364 1433.1367323657462 648.3620784829122 1213.3512068219495 4.016633536779807 1600.638343909777 box 0
