1928.5714285714282 2425.7142857142853 1984.5159254380303 1699.1324342775895 1342.0045505341673 1649.661097319489 1286.0600536675652 2376.2429487561844 box 0
3288.6265634470665 2574.6287314094934 3337.437670651803 1841.5581618080769 2680.37832470601 1797.8082207999798 2631.5672175012737 2530.8787904013957 box 0
3362.5363635117674 1297.8172074105032 3385.7800823373927 672.6657286540488 2861.4414971842075 653.170327848199 2838.197778358582 1278.3218066046534 box 0
3945.1199366576748 2605.7348898671808 3992.3425646782407 1877.5996283757045 3351.1858798837247 1836.017926142341 3303.9632518631583 2564.153187633817 box 0
1701.2653203549896 1185.4432662663844 1747.4052778450327 554.2111045417084 1224.2898707940406 515.9739485359489 1178.1499133039974 1147.206110260625 box 0
2604.285714285714 2474.285714285714 2665.0668567840403 1754.438543981253 2018.909095665498 1699.8794534199405 1958.1279531671719 2419.726623724402 box 0
2251.50928063338 1214.3473359852853 2293.5594719134456 590.5386001864651 1775.5751008516054 555.6219011515554 1733.52490957154 1179.4306369503756 box 0
1159.3298616839284 1182.2979285016547 1203.4700779881155 572.9897477783985 694.1380256767808 536.0921191711618 649.9978093725939 1145.400299894418 box 0
2787.1428571428573 1268.5714285714284 2830.7732780474394 642.8543356801597 2307.6134067998632 606.3750934759107 2263.9829858952803 1232.0921863671795 box 0
1258.5714285714284 2489.9999999999995 1300.4467797374525 1759.3323941858048 665.4387550325356 1722.9393971291875 623.5634038665115 2453.6070029433813 box 0
578.7178339846762 2382.244368379462 647.3810905581163 1654.5971968670972 -9.345349777522813 1592.6262611763764 -78.0086063509629 2320.2734326887407 box 0
