3634.34993395971 2554.059685518176 3632.5607476635514 2350.2429906542056 2424.9113193084086 2360.8442311915387 2426.7005056045673 2564.6609260555088 box 0
3635.4800445918377 2351.73000526227 3635.032777453059 2145.0994870278014 2436.5157080693716 2147.6937664448965 2436.962975208149 2354.324284679365 box 0
3645.644859813084 1053.9813084112147 3648.2477465780785 848.3143014936899 2442.1199003591264 833.0497519926922 2439.517013594132 1038.716758910217 box 0
3640.533152915994 2766.6359414178855 3638.1682242990655 2562.392523364486 2432.7608581125523 2576.349900314602 2435.1257867294817 2780.593318368002 box 0
3636.2990654205605 1483.8878504672896 3638.3833214134966 1284.0842316076848 2423.2400181690177 1271.4084366119841 2421.1557621760817 1471.212055471589 box 0
3644.3685671764642 836.452607100531 3646.579439252336 623.1401869158877 2442.7707048688753 610.6633367013745 2440.5598327930034 823.9757568860178 box 0
3633.5253629365366 1700.1048512051673 3634.732583330879 1487.9548142699505 2427.225911983128 1481.0836079245964 2426.018691588785 1693.233644859813 box 0
3635.3644859813085 1275.4766355140187 3638.6484784343193 1067.1732580428834 2428.1322279150327 1048.0889480369024 2424.848235462022 1256.3923255080374 box 0
3636.2990654205605 1919.4018691588783 3637.4204662397087 1711.1052081371795 2423.760325396324 1704.5712605000267 2422.638924577175 1912.8679215217255 box 0
3638.890032654338 2146.910510629894 3640.2012885646654 1927.633743288376 2432.705413752231 1920.4130234568147 2431.3941578419035 2139.689790798332 box 0
