578.5700215411458 1189.1802487085774 1731.9192143468958 1151.7152833485065 1725.097601597282 941.7137130071208 571.7484087915319 979.1786783671915 box 0
565.3941763845593 1409.247054487267 1718.6800576273213 1377.6709242926825 1712.7980195077748 1162.8354940356824 559.5121382650128 1194.4116242302669 box 0
592.3725221572926 971.6742448764613 1747.2979409371187 932.5042604582474 1740.2184068740794 723.7644826931187 585.2929880942532 762.9344671113327 box 0
558.5482493803453 308.4317441524387 1771.9479305821073 277.09367489116744 1766.3314354493668 59.624840205776614 552.9317542476048 90.9629094670479 box 0
577.8261439749541 752.127316268551 1775.7886342574038 716.0642505408517 1769.7236931374728 514.5957447208287 571.761202855023 550.658810448528 box 0
562.3342857899823 1620.9446298677763 1713.9058785846373 1597.8758657333776 1709.5984244761307 1382.8516988675751 558.0268316814758 1405.920463001974 box 0
584.8116565215876 525.5183945668338 1784.6589644020316 494.99278105886674 1779.2820114624212 283.6449400889279 579.4347035819771 314.17055359689493 box 0
552.2084189638892 1832.9169106369889 1718.1669376931393 1817.8692906549093 1715.3972218289575 1603.2590193862043 549.4387030997075 1618.3066393682839 box 0
547.1942123804686 2047.9153241502574 549.6011999241164 1832.1852141701106 -12.826748314916824 1825.9099794996448 -15.233735858564604 2041.6400894797919 box 0
562.8011692402767 516.585466620262 565.7089952231745 306.9157630891859 5.999845755298203 299.1533788234637 3.092019772400498 508.82308235453974 box 0
550.4147661251243 2275.809776640947 554.1693086424282 2048.7647469505296 -19.44524412576513 2039.279138611738 -23.199786643069075 2266.3241683021556 box 0
566.678095138498 304.1563970917692 573.6195502226072 83.28605217963758 2.717313873342791 65.34388691244226 -4.224141210766392 286.21423182457386 box 0
552.6872591739864 1832.4641820900688 551.5547297635887 1597.140243283852 -8.222915912267684 1599.8342515952338 -7.090386501870069 1835.1581904014506 box 0
1735.363232851489 2268.984386580837 1734.9788454814802 2052.7675848197114 599.8900210852785 2054.7855307165264 600.2744084552876 2271.002332477652 box 0
559.0380054695922 765.0938291561571 572.6828266312875 516.6550868121964 3.476564861981303 485.3929834353957 -10.168256299713931 733.8317257793564 box 0
1670.535332047192 2043.4346843017745 1670.8023960853777 1824.974755331866 578.5877297051272 1823.639539025862 578.3206656669415 2042.0994679957705 box 0
535.6855077166487 1409.3512060902065 556.4094945574612 1250.2944296826179 -11.734833564274405 1176.2691926219516 -32.45882040508692 1335.3259690295401 box 0
