4034.678791529016 1667.4279481020556 4040.8312266746507 1479.6096977247607 2896.2706957756704 1442.1168852719675 2890.1182606300367 1629.9351356492625 box 0
4035.3592474036673 1468.551628323262 4041.0990907315954 1280.3787678779975 2903.6130960411574 1245.6819928925581 2897.873252713229 1433.8548533378228 box 0
4038.0390834750133 1264.7689392601635 4042.241697308247 1079.264005106793 2897.2476429043813 1053.3241675818774 2893.0450290711474 1238.8291017352478 box 0
4025.838556979962 2275.677161328965 4035.1585977464306 2089.325678556073 2882.4077748071472 2031.6728791068258 2873.0877340406782 2218.024361879718 box 0
4032.595774749389 1876.517352171496 4040.602590693156 1680.3082641033861 2913.0171265567633 1634.2942422193732 2905.0103106129955 1830.5033302874833 box 0
4021.29171507899 2474.9242165808264 4031.3163577783744 2291.2673855335424 2876.2930368131 2228.222106813949 2866.2683941137157 2411.8789378612328 box 0
4030.0843674903604 2075.621655140975 4038.0370528371955 1884.4516090668233 2904.6098356956754 1837.3009690655679 2896.6571503488403 2028.4710151397196 box 0
4018.2377692649598 2676.3227712414396 4029.3164011942763 2491.488413699752 2877.2493584205868 2422.4356310107573 2866.17072649127 2607.269988552445 box 0
3991.97788956216 2865.1202525834515 4001.2560733313444 2682.8116942876777 2863.3159031624496 2624.8987903852985 2854.037719393265 2807.2073486810723 box 0
4030.0170194437587 1067.7262379773915 4033.961363541147 883.7852749333327 2921.0160875508695 859.9197962633314 2917.071743453482 1043.8607593073898 box 0
