1323.0849056603777 1765.5660377358492 1115.0660377358492 1305.1886792452829 658.9339622641512 1515.566037735849 861.7641509433964 1980.6603773584905 box 0
1557.5188679245284 2222.1698113207544 1330.6320754716983 1769.8113207547167 862.235849056604 1991.5094339622642 1101.858490566038 2441.0377358490564 box 0
2016.9528301886794 1999.5283018867924 1562.7075471698115 2219.8113207547167 1339.122641509434 1769.3396226415095 1799.0283018867926 1546.6981132075473 box 0
1790.0660377358492 1530.1886792452826 1332.5188679245284 1745.7547169811319 1117.8962264150946 1285.377358490566 1579.2169811320757 1071.698113207547 box 0
1594.3113207547171 1082.5471698113206 1807.5188679245284 1535.8490566037735 2263.6509433962265 1316.9811320754716 2042.4245283018868 864.6226415094338 box 0
2487.7075471698113 1791.9811320754714 2270.7264150943397 1337.264150943396 1816.4811320754718 1556.6037735849056 2035.3490566037738 2009.9056603773586 box 0
2948.0849056603774 1558.0188679245282 2496.669811320755 1774.0566037735848 2274.971698113208 1323.5849056603772 2737.7075471698113 1103.3018867924527 box 0
2728.2735849056603 1081.132075471698 2277.3301886792456 1304.7169811320755 2046.6698113207547 858.9622641509434 2504.2169811320755 629.2452830188679 box 0
2513.179245283019 636.3207547169811 2962.7075471698113 411.7924528301886 3201.8584905660377 853.7735849056604 2742.8962264150946 1075.943396226415 box 0
3405.632075471698 1321.2264150943395 2952.3301886792456 1538.6792452830189 2740.066037735849 1087.264150943396 3204.6886792452833 871.2264150943396 box 0
