1095.5669160674595 1921.883971049923 1111.120506580569 1203.2643944519727 474.0911787201384 1189.4767192576937 458.53758820702853 1908.0962958556443 box 0
2148.5618443111694 2959.067808554527 2786.8565819393307 2898.054554436609 2716.199774493762 2158.8730598231587 2077.905036865601 2219.8863139410764 box 0
1759.0187202255813 2012.1945913460152 1780.2815678192835 1292.6575968466166 1132.096495838872 1273.5032510612116 1110.8336482451696 1993.04024556061 box 0
3256.948981897894 1204.7511849826574 3314.8531505292067 583.2107854893192 2787.6430980276423 534.0946543270348 2729.7389293963306 1155.6350538203733 box 0
3793.57376204614 1233.2069465808813 3837.095565268326 604.5692893358398 3316.986307228762 568.5611175033791 3273.464504006576 1197.1987747484206 box 0
2436.0370616755113 2006.1515378328224 2449.5970318123877 1288.1610236893848 1794.2348565964244 1275.7838524737333 1780.6748864595477 1993.774366617171 box 0
1103.9814221158965 1086.2973032070504 1172.4475265657159 462.80553998638084 664.3413208106597 407.01001130910026 595.8752163608402 1030.5017745297696 box 0
1428.2608695652173 2882.608695652174 2082.2819036515184 2866.3823842463435 2064.179865273999 2136.757914295591 1410.1588311876976 2152.9842257014216 box 0
1638.3098087486592 1100.3963009715517 1695.5598326381755 481.60032084944794 1175.9518947425518 433.52701750989354 1118.7018708530354 1052.3229976319972 box 0
2713.5110967436476 1175.4362321960562 2775.6416828744314 551.5839751357528 2246.685824795659 498.9042947662244 2184.5552386648756 1122.7565518265276 box 0
2181.0365293067343 1137.4668013368728 2225.4384570500997 512.3536919144243 1696.9974538409283 474.81840607982724 1652.5955260975627 1099.9315155022757 box 0
3102.966163622412 2008.068141109263 3112.0037619550444 1289.3779705156865 2462.2534379838744 1281.2072974150656 2453.215839651242 1999.8974680086424 box 0
3995.2799056430677 2549.355498538695 4186.003478489591 1682.728519606147 3664.149513302245 1567.8811225550548 3473.425940455722 2434.5081014876023 box 0
