3334.5384615384614 2074.9423076923076 3367.401916379951 1495.0860468148885 2855.4638495365184 1466.0718674803563 2822.600394695029 2045.9281283577752 box 0
2300.8846153846157 2567.25 2313.8367627073762 2052.637143767659 1728.5579908809516 2037.9064257419177 1715.6058435581913 2552.519281974259 box 0
2825.8846153846157 2641.2884615384614 2841.3514306080406 2056.641809048351 2333.36367289203 2043.2030033169044 2317.8968576686057 2627.849655807014 box 0
1698.9615384615383 2545.1346153846152 1716.634160936311 2037.1054011653023 1300.9772719783393 2022.6461002589938 1283.304649503567 2530.6753144783065 box 0
3374.9230769230776 2691.2884615384614 3388.701252288988 2109.4861450648273 2870.318796723395 2097.20987153143 2856.540621357484 2679.0121880050638 box 0
1268.5767824084853 2536.0453587596176 1286.9735029831056 2024.2076726811958 711.096802030719 2003.5092304972568 692.7000814560987 2515.3469165756787 box 0
3910.5 2062.4423076923076 3909.32337304123 1479.9518949134736 3392.930388437876 1480.9950054843507 3394.1070153966457 2063.485418263185 box 0
3932.6153846153843 2668.211538461538 3926.834560713396 2085.499445210045 3410.430159293655 2090.6224604029544 3416.2109831956427 2673.3345536544475 box 0
1933.93974902035 1775.237897352999 2350.8846153846157 1761.4807692307693 2333.8503694273318 1245.214485950352 1916.9055030630655 1258.9716140725816 box 0
2387.5763885804686 1870.1727209726491 2806.653846153846 1837.4423076923076 2766.2229422953365 1319.7684167061852 2347.1454847219584 1352.4988299865263 box 0
1921.4047504472114 1995.413189550155 1907.8428267870656 1492.3938565807173 1490.2073071090847 1503.6537439536394 1503.7692307692307 2006.673076923077 box 0
