1125.0 1215.2222222222224 1131.0513418896985 30.07253864490645 945.6886355754219 29.126081733133333 939.6372936857232 1214.2757653104493 box 0
1302.9410775300055 1216.0597468564617 1317.9189470164322 18.98732170625721 1139.9778694864265 16.760908183128812 1125.0 1213.8333333333335 box 0
931.9444444444445 1233.277777777778 950.307884845306 35.99842598657312 767.8419406511664 33.19982891197799 749.4785002503049 1230.479180703183 box 0
1695.056739610178 1224.272133441373 1725.3254063556471 23.826902859516313 1531.6575556343573 18.943658307032603 1501.388888888889 1219.3888888888891 box 0
2072.222222222222 1236.0555555555557 2094.3752651955015 35.825755084464056 1910.2928570641416 32.42808449141751 1888.139814090862 1232.6578849625091 box 0
1886.111111111111 1226.3333333333335 1908.7220586100113 28.804007072793013 1723.3326414577045 25.303608137952594 1700.7216939588038 1222.8329343984929 box 0
1493.3435052816399 1220.2884614812115 1517.3409019429691 22.02549451801246 1333.719618883552 18.348144147912574 1309.7222222222222 1216.6111111111113 box 0
2266.666666666667 1233.277777777778 2277.9280888531634 29.224994256767886 2092.468310463464 27.490401810618664 2081.2068882769677 1231.5431853316288 box 0
2450.4169521115905 1244.2401184996406 2469.4444444444443 54.111111111111164 2281.6726695433035 51.109061765975326 2262.645177210449 1241.2380691545047 box 0
2643.172390468841 1281.067363832825 2662.5 72.16666666666673 2478.583897852719 69.22626087723502 2459.25628832156 1278.1269580433934 box 0
