1307.936507936508 1552.3809523809523 1363.2784317183966 850.3030620753442 733.8391129081343 800.6869392947817 678.4971891262458 1502.7648296003895 box 0
3280.2345703561114 1717.0805455482541 3313.8749855097444 985.9557599754637 2670.071753745897 956.3331723937567 2636.4313385922637 1687.4579579665472 box 0
1957.1428571428569 1649.2063492063492 1997.1429625546207 931.9190831335499 1363.4361001085863 896.5799066320853 1323.4359946968223 1613.8671727048848 box 0
648.3266403804946 1619.9089029678817 713.8414458585504 910.2679641668461 78.48954394949186 851.6116015082717 12.974738471436183 1561.2525403093073 box 0
2622.769227900649 1692.1926528611916 2655.427337421069 980.543302189078 2009.9642194126623 950.9225273237575 1977.3061098922433 1662.5718779958715 box 0
2935.9952706355557 881.4735387425121 2950.1786186305217 262.6814156996983 2440.7538861225853 251.00488009211378 2426.5705381276193 869.7970031349275 box 0
3943.163315079277 1735.7744258381783 3980.539290049253 1006.444596969535 3334.1039871401745 973.3167188204704 3296.7280121701983 1702.6465476891137 box 0
2408.2562472972586 882.7584247236715 2417.4837142164934 257.1788265897364 1901.289741930036 249.5648270005716 1892.0622750108012 875.1444251345067 box 0
3459.370375234473 923.8139527569423 3487.9360131885264 306.22362854764594 2971.715680702795 282.34669501377283 2943.1500427487413 899.9370192230692 box 0
1239.6825396825398 793.6507936507936 1301.1366099211853 183.10181921428213 793.3437367465914 131.9905403466767 731.8896665079459 742.5395147831882 box 0
3993.1968355069944 963.7793650261906 4022.8076734562596 346.45262827676646 3495.1172944102113 321.14130872564067 3465.5064564609465 938.4680454750646 box 0
1879.0156807720566 859.8265538910673 1884.4923158223278 238.2237700344985 1380.3095633685684 233.78166487419134 1374.832928318297 855.3844487307601 box 0
3953.927692671564 2963.3409078817294 4001.8794274679412 2069.378902222923 3471.7004346172544 2040.9403306741785 3423.7486998208765 2934.902336332985 box 0
