2053.772151898734 2734.772151898734 2279.6265224774966 2348.7845704574447 1694.2575594724067 2006.2654194469685 1468.403188893644 2392.2530008882577 box 0
2290.153230261289 2341.201780989766 2523.032497294299 1949.4124160866888 1943.6455696202531 1605.0253164556962 1710.7663025872428 1996.8146813587728 box 0
1698.5510167542548 1983.4193605080109 1929.7122801033531 1597.2333335823603 1343.5969853357876 1246.3994282614303 1112.435721986689 1632.5854551870807 box 0
1460.73417721519 2378.4430379746836 1687.6324930032388 1989.6630315147179 1104.115854816228 1649.113259821222 877.217539028179 2037.8932662811876 box 0
2529.9727796125103 1939.4706469989083 2761.3099290715104 1546.9063175509953 2171.493670886076 1199.3291139240507 1940.1565214270756 1591.8934433719637 box 0
2995.5081410458147 1132.978109350046 3223.6288213142493 746.4154828472421 2641.84098473728 403.08731826877437 2413.7203044688454 789.6499447715782 box 0
2768.849826614905 1531.851785054502 2993.012658227848 1146.7974683544303 2403.579153830205 803.6534555157567 2179.416322217262 1188.7077722158285 box 0
2402.0261500465513 778.0182136426814 2633.697463412023 388.1911336545688 2056.5434607456873 45.192833444316136 1824.8721473802157 435.0199134324287 box 0
1936.1117496587829 1576.7360031988758 2163.838104249131 1187.0514479750973 1581.0517302065693 846.4790165390439 1353.3253756162217 1236.1635717628224 box 0
2166.481846249084 1176.6511250350866 2398.153159614556 786.8240450469739 1820.999156948219 443.8257448367211 1589.3278435827474 833.6528248248337 box 0
