1124.5606158182832 501.9865757461429 616.4269653712696 512.1506039949899 606.6158547699522 21.660483077386402 1114.7495052169656 11.496454828539441 box 0
1115.3825389473782 508.9616538779286 624.0111923776268 528.6269970426498 644.6174610526217 1043.5089343573654 1135.988807622373 1023.8435911926438 box 0
1636.6638504010193 496.4249589689459 1138.1044422252521 511.38622986481363 1153.3266224702968 1018.6400070964268 1651.8860306460638 1003.6787362005591 box 0
1644.404725499706 473.6470724510105 1129.1363723438244 478.7999277455575 1124.4188039120586 7.058809901930659 1639.6871570679402 1.9059546073835634 box 0
1656.4705882352941 487.9999999999999 1672.9411764705883 992.7058823529412 2171.764705882353 982.1176470588236 2165.8823529411766 480.9411764705881 box 0
2158.823529411765 453.8823529411764 1656.4705882352941 467.9999999999999 1647.0588235294117 3.29411764705877 2147.0588235294117 2.117647058823476 box 0
2174.1176470588234 469.1764705882353 2682.3529411764707 457.4117647058824 2662.0 0.0 2158.823529411765 0.9411764705881818 box 0
2668.2352941176473 2.117647058823476 2691.764705882353 458.58823529411757 3208.2352941176473 451.5294117647058 3187.0588235294117 4.4705882352940645 box 0
3207.0588235294117 470.3529411764706 3202.3529411764707 964.4705882352943 2695.294117647059 967.9999999999999 2702.3529411764707 466.82352941176464 box 0
2685.8823529411766 490.35294117647055 2176.470588235294 498.58823529411757 2181.176470588235 992.7058823529412 2694.1176470588234 984.4705882352941 box 0
