2394.3684039170084 2581.168309861515 2440.4749891890397 1846.8147268966234 1788.9117800772256 1805.906157294849 1742.805194805195 2540.2597402597403 box 0
1702.4988086582468 2517.5521830685243 1741.5064935064934 1788.3116883116882 1098.7426992887654 1753.9297146048266 1059.7350144405189 2483.1702093616627 box 0
2350.385691053109 1045.6008552477467 2400.90911225761 418.10348334560496 1882.9390056200857 376.3987319939621 1832.4155844155846 1003.896103896104 box 0
3141.81570359385 1855.0832978134545 3188.4759531932527 1133.1295104140827 2543.452607715965 1091.441315376243 2496.792358116562 1813.3951027756148 box 0
2471.1999979842853 1828.1431449630927 2526.5945599400893 1102.1602747939437 1878.5972767959875 1052.7162353774834 1823.2027148401835 1778.6991055466324 box 0
3087.2912822205244 2615.0391818723874 3130.0215910867028 1876.0779257168992 2488.1329062687755 1838.9608217665893 2445.4025974025976 2577.9220779220777 box 0
1801.246753246753 1780.5194805194806 1848.2961906096496 1044.9795113122073 1219.6852270526913 1004.7698783980659 1172.6357896897948 1740.3098476053394 box 0
3468.919395469973 1074.7675575666958 3520.1845676154094 462.2491495984216 2999.2651721454367 418.6504232005565 2948.0 1031.1688311688308 box 0
2883.064935064935 1075.3246753246754 2939.415879841982 440.6572717526439 2417.7872641485023 394.3428318560394 2361.4363193714553 1029.0102354280707 box 0
1794.7532467532467 1028.5714285714284 1856.631590223805 405.9295499087999 1344.9453908586956 355.07801634111553 1283.0670473881378 977.7198950037442 box 0
1098.6493506493505 1646.7532467532467 1191.668779509791 791.7565545547723 679.0545319536525 735.9866492808844 586.0351030932121 1590.9833414793586 box 0
