1787.6736084026343 899.1094644468056 1792.6137125662794 693.8008522883775 971.9855587091 674.0550242052084 967.0454545454545 879.3636363636361 box 0
2619.318181818182 681.6363636363636 2624.75897449832 489.5759364593304 1804.2365735876874 466.33172973553144 1798.795780907549 658.3921569125646 box 0
2621.590909090909 460.0454545454545 2624.6595625309683 256.1374182005348 1805.450970201413 243.8089817639924 1802.3823167613536 447.7170181089121 box 0
1789.5050925722303 450.98469315022146 1792.04203071034 246.44391454827195 965.0369381381098 236.18649412532307 962.5 440.72727272727263 box 0
1787.23501181535 679.722913161212 1792.8306742197392 481.47819709368787 974.9138442225711 458.3916475688396 969.3181818181819 656.6363636363636 box 0
1786.3544063017532 228.7329233165226 1788.1550757636735 22.869695259472138 971.5909090909092 15.727272727272638 969.790239628989 221.59050078432307 box 0
2618.181818181818 248.68181818181813 2621.907076989785 46.502113199645606 1796.2312060636368 31.288636105271507 1792.5059472556695 233.46834108744395 box 0
2615.909090909091 899.8181818181819 2618.3640750465424 703.6179358079634 1800.110704620678 693.3794214041262 1797.655720483226 889.5796674143446 box 0
1782.0094532998635 1117.0173298479547 1787.3658237462348 915.1467184633125 967.8563704463712 893.4021158880847 962.5 1095.2727272727273 box 0
2618.181818181818 1118.0 2619.6519099965435 917.648043828379 1799.1076093307474 911.6272617852254 1797.6375175160215 1111.9792179568462 box 0
