916.6666666666669 1534.6666666666665 1125.0503457386662 1523.7429592729811 1045.757887972114 11.137991328966109 837.3742089001147 22.061698722651496 box 0
1143.0000000000002 1517.6666666666665 1351.3836790719997 1506.7429592729811 1272.0912213054476 -5.862008671033891 1063.707542233448 5.061698722651496 box 0
1372.6666666666672 1505.6666666666663 1581.0503457386667 1494.742959272981 1501.7578879721145 -17.86200867103412 1293.374208900115 -6.938301277348727 box 0
1607.3333333333335 1481.9999999999998 1815.717012405333 1471.0762926063144 1736.4245546387808 -41.52867533770063 1528.0408755667813 -30.604967944015243 box 0
1830.3333333333335 1484.9999999999998 2038.7170124053332 1474.0762926063144 1959.4245546387808 -38.52867533770063 1751.0408755667813 -27.604967944015243 box 0
2055.0 1457.9999999999998 2263.3836790719997 1447.0762926063144 2184.091221305447 -65.52867533770063 1975.7075422334478 -54.60496794401524 box 0
2284.666666666667 1454.3333333333333 2493.0503457386667 1443.4096259396479 2413.757887972114 -69.19534200436715 2205.374208900115 -58.27163461068176 box 0
2516.0 1425.6666666666665 2724.3836790719997 1414.7429592729811 2645.091221305447 -97.86200867103389 2436.707542233448 -86.9383012773485 box 0
2744.0 1418.6666666666665 2952.3836790719997 1407.7429592729811 2873.091221305447 -104.8620086710339 2664.707542233448 -93.9383012773485 box 0
2976.9999999999995 1420.0 3185.3836790719993 1409.0762926063146 3106.0912213054467 -103.52867533770042 2897.7075422334474 -92.60496794401502 box 0
