7.452437795029368 2937.817897518051 690.7622333793819 2916.900847493339 683.3528539530175 2674.8542139931797 0.04305836866501522 2695.7712640178916 box 0
6.125337887445369 2413.222683800726 658.185505954147 2398.3993807326574 652.5852193826047 2152.049172125787 0.5250513159029992 2166.8724751938557 box 0
-4.2064245627800005 2164.6829220626087 656.7403957339882 2144.3927830365446 648.4940405295768 1875.769574275282 -12.452779767191316 1896.0597133013455 box 0
0.7703377278013477 1889.4095750621293 639.5952524053255 1874.0876307927376 633.533415934308 1621.3486768909952 -5.291498743216152 1636.670621160387 box 0
6.65807014143877 1624.5060864708553 646.790792930346 1610.7547348162964 641.2967904504496 1355.0060015418396 1.16406766154239 1368.7573531963988 box 0
4.935011192168247 2686.881907852118 674.8235320524145 2670.953307274072 668.809143165742 2418.0139448090144 -1.0793776945044442 2433.9425453870604 box 0
0.2081673421317305 1095.0188518544064 600.7647122645926 1081.7742309962878 595.0840837679452 824.1950477580206 -5.47246115451577 837.4396686161388 box 0
-4.59985077572469 835.4012548547555 592.2011809557287 826.2507761004857 588.2439267416061 568.1557123083304 -8.55710498984729 577.3061910626001 box 0
-12.544541582017644 570.4504189847394 573.195335011404 570.4212574729775 573.182436689287 311.3447847963886 -12.55743990413481 311.3739463081505 box 0
-15.86891680762392 1364.8276604944824 625.0837549842621 1350.2535007990675 619.3413650612555 1097.7106276219727 -21.61130673063053 1112.2847873173876 box 0
