2318.566984332835 643.8778781663291 2319.3942949711036 -5.751417769931493 2071.0221285211683 -6.06772267926857 2070.1948178828998 643.561573256992 box 0
1260.1976171181425 690.456323316185 1259.9893960994225 -7.36222071456865 1008.7406252219454 -7.2872509742662155 1008.9488462406656 690.5312930564876 box 0
1527.403047828199 673.5121740388317 1789.2318188959132 671.8357434016157 1784.9382210926995 1.2518186522083292 1523.1094500249853 2.928249289424399 box 0
2580.5900590822603 635.3260258459215 2579.721957996345 -14.696953481018284 2328.0562788083644 -14.360855748570598 2328.92437989428 635.6621235783693 box 0
1010.9457299789058 693.6189614583429 1011.486161294563 -4.685818468483717 740.7220671097173 -4.895367937224819 740.1816357940602 693.4094119896018 box 0
1269.137033404915 682.8876328578142 1524.216934417577 682.0054162678994 1521.7730801204755 -24.598970138087697 1266.6931791078134 -23.71675354817283 box 0
2587.377508636488 601.1742043065806 2845.9442721295595 599.2735081836956 2841.5437201537948 0.6315326166371427 2582.9769566607233 2.5322287395221417 box 0
2054.2439859156198 662.447312459102 2050.69001334445 -28.110951724327894 1794.8496145482475 -26.794263753047346 1798.4035871194167 663.7640004303826 box 0
722.2564102564103 702.6153846153845 718.653606235954 -6.5918350374933 476.022297672488 -5.359257266487418 479.6251016929443 703.8479623863906 box 0
222.08371904798597 705.063527567757 476.33003911686063 702.4641358253899 470.2949975944429 112.17715694152037 216.04867752556825 114.77654868388741 box 0
