1979.2413793103449 2995.402298850575 1995.3832867596955 1792.7570070650454 1786.8599893247927 1789.9582069606272 1770.7180818754418 2992.603498746156 box 0
2192.6133294910865 2998.017305669792 2216.022988505747 1794.2528735632184 2005.688581245536 1790.1624912411592 1982.2789222308752 2993.9269233477335 box 0
2840.806144836825 3017.208707566961 2873.4942528735633 1824.137931034483 2654.2455355471566 1818.1308894575266 2621.5574275104177 3011.2016659900046 box 0
1762.4298567043722 2991.6884745395855 1779.2413793103449 1788.5057471264367 1569.4388740200332 1785.5742725630835 1552.6273514140605 2988.756999976232 box 0
2617.9721313028417 3007.1034734144614 2649.3563218390805 1806.896551724138 2441.54957645202 1801.4626166467112 2410.1653859157814 3001.669538337035 box 0
2414.328781328155 3006.1818322253484 2440.8608044797365 1797.2691512694864 2221.12867487912 1792.4466872143485 2194.5966517275383 3001.3593681702105 box 0
1546.6367532560964 2988.5390492522292 1563.448275862069 1785.3563218390805 1353.6457705717573 1782.4248472757272 1336.8342479657847 2985.6075746888755 box 0
1327.3953739457513 2979.6424975280916 1344.206896551724 1776.4597701149428 1134.4043912614122 1773.5282955515893 1117.5928686554396 2976.711022964738 box 0
1108.1539946354064 2979.9413481028037 1124.965517241379 1776.7586206896551 915.1630119510673 1773.8271461263016 898.3514893450947 2977.00987353945 box 0
3057.196949434526 3019.8064087163866 3089.885057471264 1826.7356321839084 2870.6363401448575 1820.728590606952 2837.9482321081186 3013.79936713943 box 0
