704.2842182359705 1946.4378460067053 1205.4826631363587 1936.4125403656321 1215.1963012445492 2422.0296864608267 713.9978563441607 2432.0549921019006 box 0
1213.3764259848888 1925.7884866995191 1727.5592865562717 1915.5034581143768 1737.272924664462 2401.120604209572 1223.090064093079 2411.4056327947146 box 0
1732.8310795463337 1898.5056713270544 2247.0910797606184 1893.3628998980548 2251.9741152588613 2381.65017282879 1737.7141150445761 2386.7929442577897 box 0
2253.3494190929923 1901.0101819071733 2757.1447471275787 1890.9329316772862 2767.040191296618 2385.6391687421774 2263.244863262031 2395.7164189720647 box 0
2271.4285714285716 2412.805194805195 2772.7272727272725 2412.805194805195 2772.7272727272725 2923.194805194805 2271.4285714285716 2923.194805194805 box 0
2790.909090909091 2395.922077922078 3297.402597402597 2395.922077922078 3297.402597402597 2911.506493506494 2790.909090909091 2911.506493506494 box 0
3292.3211542577455 2372.8874291849534 2787.806644986295 2388.027406728903 2772.7272727272725 1885.5324675324678 3277.2417819987227 1870.392489988518 box 0
1749.4665610756936 2427.010050309805 2255.8587722444795 2416.880855491104 2265.7282441191114 2910.2886509888963 1759.3360329503255 2920.4178458075976 box 0
707.0000000000001 2453.5714285714284 741.2857142857143 2954.285714285714 1239.142857142857 2939.285714285714 1214.142857142857 2437.8571428571427 box 0
1229.142857142857 2442.142857142857 1732.7142857142856 2427.142857142857 1755.5714285714284 2924.9999999999995 1247.7142857142856 2943.5714285714284 box 0
