2153.025641025641 1156.4615384615386 2940.9615330456986 299.8629526336495 2796.141118535338 166.65096235275195 2008.2052265152804 1023.249548180641 box 0
3027.3695858795486 1945.5357428127377 3840.952658548816 1103.4826408223234 3705.5911929290446 972.6977807468327 2892.008120259777 1814.750882737247 box 0
2727.5536877202744 1679.6214452045558 3535.9247998120277 838.3404053666311 3399.4312419367075 707.1863154155615 2591.060129844954 1548.4673552534862 box 0
2879.6892806457113 1816.8659240201864 3669.286602195681 987.236260573643 3528.651680047648 853.3874329134073 2739.054358497678 1683.0170963599508 box 0
2298.3602152226226 1270.2067996196959 3081.803507347238 440.89906254397835 2945.5460301997405 312.17723625371724 2162.102738075125 1141.4849733294348 box 0
2012.8058997692406 1007.7219375086048 2782.7589753302673 164.53785967692386 2645.9871460376444 39.644739203431186 1876.0340704766177 882.8288170351121 box 0
2422.25641025641 1428.2564102564102 3235.743612707553 571.9100522827225 3095.9759420967703 439.1375936862766 2282.4887396456274 1295.4839516599643 box 0
2573.806517881897 1555.4464785522027 3398.487788884404 697.0599913768992 3258.30486975238 562.3814641052676 2433.623598749873 1420.7679512805712 box 0
1861.984045333317 881.1910784220559 2642.3029957565195 47.98348652202026 2500.4092507177083 -84.90341858624049 1720.0903002945058 748.3041733137951 box 0
3185.505650377406 2067.9212082105605 3995.2871153036895 1229.9857706191922 3852.7465636728866 1092.2344695848494 3042.965098746603 1930.169907176218 box 0
