2676.923076923077 532.1678321678322 2638.4615384615386 27.972027972027973 2148.951048951049 55.94405594405595 2181.818181818182 567.1328671328672 box 0
2172.727272727273 554.5454545454546 2127.2727272727275 54.54545454545455 1628.6713286713286 111.18881118881119 1681.1188811188813 614.6853146853147 box 0
2731.4685314685316 1046.1538461538462 2693.006993006993 542.6573426573427 2193.7062937062938 576.9230769230769 2238.4615384615386 1085.3146853146854 box 0
2213.986013986014 1079.7202797202797 2167.832167832168 574.8251748251748 1668.5314685314686 624.4755244755245 1718.881118881119 1125.1748251748252 box 0
2787.4125874125875 1558.0419580419582 2748.2517482517483 1055.2447552447552 2245.4545454545455 1092.3076923076924 2285.3146853146854 1599.3006993006993 box 0
2265.0349650349654 1601.3986013986016 2220.2797202797206 1091.6083916083917 1725.1748251748252 1134.965034965035 1756.6433566433568 1635.6643356643358 box 0
2813.9860139860143 2071.3286713286716 2774.825174825175 1569.93006993007 2270.629370629371 1609.79020979021 2313.286713286713 2118.881118881119 box 0
2286.013986013986 2120.9790209790212 2250.3496503496503 1613.986013986014 1751.7482517482517 1647.5524475524476 1783.2167832167834 2150.3496503496503 box 0
2847.5524475524476 2579.020979020979 2810.4895104895104 2077.622377622378 2311.188811188811 2124.4755244755247 2351.7482517482517 2644.055944055944 box 0
2303.4965034965035 2133.5664335664337 1806.2937062937065 2157.3426573426573 1835.6643356643358 2664.3356643356647 2339.1608391608393 2644.755244755245 box 0
