753.606861719627 2022.7906197983348 1660.8081243421943 1239.3741436060168 1524.8944516806414 1081.9852461379446 617.693189058074 1865.4017223302626 box 0
484.1443438267112 1692.0496468746683 1384.0342418018781 905.3697000370449 1244.2377522731422 745.4553038394426 344.34785429797546 1532.135250677066 box 0
1445.1513095091223 2839.330057730058 2356.8400110651555 2063.420106459491 2223.8939106752036 1907.2093793732138 1312.2052091191704 2683.119330643781 box 0
902.7516204992578 2178.996614258238 1801.1774784755573 1402.3122081315862 1660.44538267457 1239.52105007892 762.0195246982705 2016.205456205572 box 0
609.1923631542236 1855.4790286357972 1519.4824822553783 1073.163017532011 1384.9267912036867 916.5962155048272 474.63667210253186 1698.9122266086138 box 0
1575.224259825819 3008.6322140860325 2491.566695261022 2236.640012780295 2356.1836297310656 2075.942472345852 1439.8411942958628 2847.9346736515895 box 0
345.7648706190588 1530.1059760342312 1251.6625690723386 736.9441610132642 1114.7743881471156 580.5994080294893 208.87668969383583 1373.7612230504562 box 0
1027.9757114664371 2349.3198526673837 1935.4418608827714 1574.63837063678 1797.0451640828792 1412.5197187132317 889.5790146665448 2187.201200743835 box 0
1312.7939837274919 2685.9081500939487 2228.001566122066 1891.6217597560485 2088.2987401189434 1730.6507457800749 1173.0911577243694 2524.937136117975 box 0
1166.5431639386168 2524.5738452674964 2091.487179487179 1728.2564102564104 1946.8920121850736 1560.3052531007668 1021.9479966365111 2356.6226881118528 box 0
