910.7804878048781 1648.4878048780488 1218.09756097561 1647.2682926829266 1196.1463414634147 2287.5121951219508 893.7073170731709 2280.1951219512193 box 0
1232.7317073170732 1643.6097560975609 1535.1707317073171 1642.390243902439 1516.878048780488 2286.292682926829 1209.5609756097563 2278.975609756097 box 0
886.3902439024391 2311.90243902439 1190.048780487805 2313.1219512195116 1186.3902439024391 2944.8292682926826 887.6097560975611 2936.292682926829 box 0
1205.9024390243903 2300.9268292682923 1505.9024390243903 2304.585365853658 1499.8048780487804 2944.8292682926826 1198.5853658536587 2939.9512195121947 box 0
1519.3170731707319 2300.9268292682923 1821.7560975609756 2314.341463414634 1802.2439024390244 2939.9512195121947 1508.3414634146343 2936.292682926829 box 0
1838.8292682926829 2300.9268292682923 2140.048780487805 2314.341463414634 2113.2195121951218 2943.6097560975604 1814.439024390244 2937.5121951219508 box 0
2157.121951219512 2291.170731707317 2465.6585365853657 2302.146341463414 2424.1951219512193 2932.634146341463 2126.6341463414633 2927.7560975609754 box 0
2162.0 1639.9512195121947 2466.878048780488 1648.4878048780488 2465.6585365853657 2280.1951219512193 2164.439024390244 2283.853658536585 box 0
1858.3414634146343 1636.292682926829 2154.682926829268 1648.4878048780488 2147.3658536585367 2289.9512195121947 1846.1463414634147 2283.853658536585 box 0
1546.1463414634147 1643.6097560975609 1843.7073170731708 1654.5853658536585 1832.7317073170732 2285.073170731707 1529.0731707317075 2282.634146341463 box 0
