1751.8961038961038 2290.909090909091 1806.4856055070761 1576.5471556387804 1168.058713885762 1527.760393483736 1113.4692122747897 2242.122328754047 box 0
2454.808933570299 2349.3747155068977 2488.481320663129 1613.4961235248309 1833.7930585389254 1583.5388495565792 1800.1206714460955 2319.4174415386456 box 0
1976.6252229587267 1436.6284930979937 2022.7720917121856 802.6402893683771 1501.4869048011326 764.6968718694516 1455.340036047674 1398.685075599068 box 0
3619.369333317784 2425.4210440180195 3687.6489520998625 1522.6963270544852 3145.714730402919 1481.7059106328593 3077.4351116208404 2384.4306275963936 box 0
2508.8576616996315 1521.1490253684058 2565.8970314375138 883.9900860017167 2038.9856869942162 836.8202369454368 1981.9463172563335 1473.979176312126 box 0
2031.1168831168832 771.4285714285714 2091.2775661173123 156.54671125567228 1571.923301209814 105.73254788576088 1511.7626182093852 720.61440805866 box 0
1439.7692427727945 1386.8528797354863 1489.893773522397 761.965022950182 972.2644749548664 720.4440917763543 922.139944205264 1345.3319485616587 box 0
1084.3636363636363 2266.2337662337663 1160.9058623454061 1557.4086296335518 527.5597645207421 1489.0169803519188 451.01753853897253 2197.842116952134 box 0
4180.598837183213 2415.7555149983073 4235.890106959058 1522.616011610869 3707.546672918107 1489.9080424357749 3652.2554031422605 2383.047545823213 box 0
1489.5584415584415 725.974025974026 1543.3152430002942 113.67062464467811 1041.195905645698 69.58736549621722 987.4391042038452 681.890766825565 box 0
2574.446171208648 852.0920721082493 2624.5320859567387 233.22931044208258 2095.208747462006 190.39001674367933 2045.1228327139156 809.2527784098461 box 0
422.0259740259741 2218.181818181818 492.99245408550775 1493.5478970030404 -5.143608419818776 1444.7633150044323 -76.11008847935234 2169.39723618321 box 0
914.8928863861258 1188.3040265904779 977.9534705762796 564.3387778377158 466.78824554899364 512.6782442225104 403.72766135883984 1136.6434929752722 box 0
