1617.8043821745232 3036.992889529742 1631.7301714453383 1964.9800631216297 1418.2316937989876 1962.2066496548287 1404.3059045281725 3034.219476062941 box 0
1390.8293110336176 3050.3222042549964 1418.7283929089895 1941.9347763228857 1210.9991298233158 1936.7060489188311 1183.100047947944 3045.093476850943 box 0
1840.205128205128 3035.948717948718 1847.324111267427 1979.060919447803 1630.4239735766785 1977.5999238637678 1623.304990514379 3034.487722364682 box 0
1169.4330809078226 3047.297868305734 1207.9164580838785 1912.241301043951 1006.3186090030663 1905.4062530931922 967.83523182701 3040.4628203549755 box 0
2473.5186661566768 3034.0037592066647 2496.928335911244 1968.9044773110809 2285.9699355278935 1964.2678518162847 2262.560265773326 3029.3671337118685 box 0
2050.4615384615386 3033.3846153846152 2070.8716648270015 1979.9342587437895 1859.987943659029 1975.848481592237 1839.577817293566 3029.2988382330636 box 0
2250.4615384615386 3033.3846153846152 2279.0029377804244 1976.6329683265708 2076.5249616191577 1971.164318443708 2047.9835623002714 3027.9159655017534 box 0
967.9781765095058 3026.9131772098394 984.4246087057168 1916.3709482030392 774.7263641246493 1913.265449041381 758.2799319284384 3023.807678048181 box 0
756.098443653701 3040.120976201442 786.0072374102807 1919.758072658171 559.2737566128194 1913.7052795020998 529.3649628562399 3034.0681830453705 box 0
524.820512820513 3043.6410256410254 579.1911137701377 1907.6223169017196 360.33603494963876 1897.1477691985808 305.9654340000141 3033.1664779378866 box 0
