3981.25 1139.875 3982.103886433393 976.1872257995046 2753.450814976898 969.7778883020203 2752.5969285435053 1133.4656625025154 box 0
3981.6513702305924 1311.0939721874354 3983.5749060705148 1156.4536051262182 2751.25 1141.125 2749.326464160078 1295.7653670612171 box 0
3961.25 1653.625 3962.7351842710714 1497.2579644557577 2748.817288360326 1485.7280933476666 2747.3321040892542 1642.0951288919086 box 0
3981.25 962.3750000000001 3982.1843432040228 799.7709399293267 2760.8374919036814 792.7529286338437 2759.9031486996582 955.3569887045172 box 0
2739.3747557533434 435.94903119433894 3957.2298201388 437.89293108225166 3957.5 268.6250000000001 2739.644935614544 266.68110011208745 box 0
3975.0 1486.125 3977.362347058342 1332.8275544940786 2749.871861582335 1313.911658485917 2747.509514523993 1467.2091039918384 box 0
2729.0737826140576 608.0231604661931 3970.240916478143 606.124631486443 3970.0 448.6250000000001 2728.832866135915 450.52352897975015 box 0
2738.4758269633526 260.0721384497128 3958.945690591797 258.60218145175367 3958.75 96.1250000000001 2738.280136371556 97.59495699795927 box 0
3986.498078735277 786.5415619493687 3987.5 627.3750000000001 2766.7581189644075 619.6906771474586 2765.7561976996844 778.8572390968272 box 0
3953.75 1829.875 3955.528447241409 1671.313188965659 2739.76627894979 1657.6770627111468 2737.9878317083803 1816.2388737454876 box 0
