1326.942528735632 1768.8620689655172 872.344827586207 1975.7586206896553 664.2988505747128 1514.264367816092 1122.9195402298851 1307.3678160919542 box 0
1794.183908045977 1530.9310344827588 1334.9885057471265 1744.7241379310346 1122.344827586207 1283.8045977011495 1582.6896551724137 1074.034482758621 box 0
1561.4252873563219 2223.459770114943 1334.9885057471265 1772.3103448275865 870.0459770114943 1988.4022988505749 1109.126436781609 2440.1264367816093 box 0
2022.344827586207 2001.0459770114944 1570.0459770114942 2217.712643678161 1341.8850574712644 1767.7126436781612 1804.528735632184 1546.448275862069 box 0
2491.310344827586 1789.5517241379312 2043.0344827586207 2006.7931034482763 1818.3218390804598 1555.0689655172416 2276.942528735632 1336.6781609195405 box 0
2268.896551724138 1317.7126436781612 1810.8505747126437 1537.8275862068967 1597.057471264368 1084.379310344828 2052.229885057471 865.9885057471264 box 0
2730.390804597701 1079.7816091954026 2283.264367816092 1305.6436781609198 2055.67816091954 860.8160919540231 2505.67816091954 631.5057471264369 box 0
2953.3793103448274 1557.3678160919544 2736.712643678161 1103.9195402298853 2275.793103448276 1321.7356321839084 2499.3563218390805 1776.9080459770116 box 0
3410.8505747126437 1323.4597701149428 2951.655172413793 1544.1494252873565 2744.7586206896553 1084.954022988506 3207.977011494253 871.7356321839081 box 0
3197.632183908046 849.896551724138 2967.1724137931033 412.5402298850575 2511.425287356322 636.6781609195403 2745.9080459770116 1080.9310344827588 box 0
