3133.0658077813896 953.1062298891022 3265.8154367616953 800.2783359424848 2653.75 268.6250000000001 2521.0003710196947 421.4528939466177 box 0
3315.656558496002 2014.4398730268501 3450.0 1863.6249999999998 2841.7546430526186 1321.8099064939927 2707.4112015486194 1472.624779520842 box 0
3466.014321437491 1855.0001305332187 3602.5617760449563 1701.4517411323195 2987.5300647661225 1154.5165697139325 2850.9826101586573 1308.064959114832 box 0
2984.384342955603 1129.3515633237446 3120.1306016786416 978.3926682095621 2513.2462587230384 432.6661048858174 2377.5 583.6250000000001 box 0
2830.6543964541784 1287.1352442004884 2968.876405330485 1134.6658290435796 2370.7220088763065 592.405584843091 2232.5 744.8750000000001 box 0
2689.3708775206724 1466.6115669290834 2829.274862958977 1313.6780484279702 2226.153985438305 761.9414814988866 2086.25 914.875 box 0
3608.75 1692.375 3742.596212267908 1547.3658948646284 3134.9744299000163 986.5192226126029 3001.1282176321083 1131.5283277479748 box 0
2545.7113295556665 1617.8454473193 2680.289077484177 1473.5131606619282 2082.5 916.1250000000001 1947.922252071489 1060.457286657372 box 0
3173.75 2174.875 3307.6600619402025 2022.4289272972364 2689.784187116361 1479.6809561485031 2555.8741251761585 1632.1270288512671 box 0
3747.5 1528.625 3894.0587668100766 1367.0644445766413 3282.842785971589 812.6032385504292 3136.2840191615132 974.1637939737875 box 0
