2050.972361871755 1101.493706200482 2656.3274587022192 77.46507745786471 2435.9264052180883 -52.82512862479848 1830.571308387624 971.2035001178187 box 0
2986.358974358974 1623.128205128205 3594.2070385704196 582.5753765811264 3365.0623043401683 448.71846965157823 2757.214240128723 1489.271298198657 box 0
3217.128205128205 1759.025641025641 3824.880121437986 725.2746778482532 3594.8165220462606 590.0181234323961 2987.0646057364797 1623.769086609784 box 0
2284.109082210839 1243.925288484685 2886.4233162450364 200.08120584891674 2666.797897922217 73.3539313334303 2064.4836638880197 1117.1980139691987 box 0
2752.781029035206 1485.7013843813515 3358.115617508483 429.52256411972553 3140.030982683544 304.5303088864707 2534.696394210267 1360.7091291480967 box 0
2517.2233448935212 1360.3220430967672 3121.424347786048 321.0516280526491 2903.009974198276 194.0719876649515 2298.808971305749 1233.3424027090696 box 0
1824.8942313472687 976.7152789917636 2389.3882384665017 15.966506932203515 2166.3561981876437 -115.07737654120206 1601.862191068411 845.6713955183579 box 0
3441.7206473843826 1888.1576658036347 4036.4629120411055 833.8138014342513 3819.440787552141 711.3943193648224 3224.698522895418 1765.738183734206 box 0
1358.577874090308 748.3206391727958 1785.801607182988 -1.151341190740652 1559.2456034640131 -130.29573110699988 1132.021870371333 619.1762492565365 box 0
1598.5111853158767 853.7615646590132 2096.394292934474 -6.6652553399708845 1867.5296021902266 -139.09704477681095 1369.646494571629 721.3297752221731 box 0
