1305.0884176766242 588.4205077192314 1320.1773094765897 30.00082821294228 931.550019213024 19.499845979498957 916.4611274130588 577.9195254857882 box 0
1250.2965182701728 2349.205469149589 1279.2348776529825 1784.7305765844205 893.9347797950128 1764.9777889070517 864.9964204122031 2329.45268147222 box 0
900.8937515218453 588.2951717643248 922.2772334523808 26.53987455728253 535.3947494547173 11.813009235431139 514.0112675241818 573.5683064424734 box 0
857.2478517000429 2345.509825700943 883.3096393561652 1780.5068012440042 493.36425157144146 1762.5198640878752 467.30246391531904 2327.522888544814 box 0
1249.1402473602654 2926.438017237476 1269.6087305256344 2366.7375772188616 881.5908088531133 2352.547596776196 861.1223256877444 2912.24803679481 box 0
852.7614938117658 2919.3066728969993 871.5002103385075 2364.7568227791703 481.9824814461076 2351.5946836093485 463.24376491936596 2906.1445337271775 box 0
1266.6878618315857 1757.5429859352694 1287.8860048396239 1196.565193813343 901.5020578308897 1181.9645763205901 880.3039148228518 1742.9423684425162 box 0
1283.8874581718137 1178.7071116599514 1310.5384185938128 612.1358631705217 924.2927881813358 593.9672444191502 897.6418277593367 1160.5384929085799 box 0
887.2355211706789 1171.2547003629456 912.436731726441 603.515746486182 519.0145675210324 586.0522366640319 493.8133569652703 1153.7911905407955 box 0
872.1058643467113 1756.7727204857633 894.0649329887333 1187.5465680114028 506.66183584860124 1172.6016973914336 484.7027672065793 1741.8278498657944 box 0
