3760.212527083621 1285.4640635079459 3763.09048124875 1065.8902157826292 2558.4060695655485 1050.1004186087534 2555.528115400419 1269.6742663340701 box 0
3772.0347100477666 815.9154105458557 3773.5699656345632 585.3302293475184 2564.490444066003 577.2800759043395 2562.9551884792063 807.8652571026767 box 0
3752.4297441104704 1524.8205918013841 3755.5128644983974 1300.0372263901002 2553.5892919918247 1283.551686793587 2550.5061716038977 1508.3350522048706 box 0
3742.769230769231 2459.025641025641 3742.2695185596554 2237.3597851058507 2509.1375307642993 2240.1396950191865 2509.637242973875 2461.8055509389774 box 0
3770.10184880925 1047.705185225503 3771.7729727816527 826.4992089065423 2549.9044187383574 817.2684735269382 2548.2332947659547 1038.474449845899 box 0
3758.153846153846 1759.025641025641 3759.3990716566886 1531.8812876487084 2516.92893125347 1525.0699560776204 2515.6837057506277 1752.2143094545536 box 0
3732.512820512821 1992.3589743589744 3732.600759320418 1773.8274222766831 2531.583618557153 1773.344123575618 2531.495679749555 1991.8756756579087 box 0
3706.8717948717945 2941.076923076923 3709.2836889713594 2720.6466044674353 2522.2609571143103 2707.6584949320695 2519.8490630147453 2928.088813541557 box 0
3718.60674947404 2691.3328060668105 3718.096962812906 2472.628110269993 2522.164004709216 2475.4157535230647 2522.67379137035 2694.120449319882 box 0
3747.897435897436 2235.948717948718 3747.550849666858 1993.7171058655101 2514.1386533181344 1995.481878350019 2514.4852395487137 2237.713490433227 box 0
