1719.1538461538462 1708.596153846154 1768.0428619840677 992.0785032042007 1138.468320494945 949.1217390580703 1089.5793046647238 1665.6393897000232 box 0
3079.73076923077 1797.0576923076924 3126.145564257072 1071.8081060896054 2471.2836223104046 1029.89800592053 2424.868827284103 1755.1475921386173 box 0
2402.8076923076924 1748.9807692307693 2448.9756518751096 1031.351519692679 1806.7981916835863 990.037675480905 1760.6302321161693 1707.6669250189955 box 0
3755.778133098052 1835.8447660799968 3803.160070749632 1110.3188007007464 3156.209102161957 1068.068361819173 3108.8271645103778 1793.5943271984236 box 0
2882.397367228894 3074.983944764544 2943.5692793240405 2334.8176434623815 2297.74784151134 2281.442973265241 2236.5759294161935 3021.6092745674036 box 0
2173.0996871974417 903.327655536753 2198.4974132950433 294.22724671254036 1679.1669568668324 272.5726680988643 1653.7692307692307 881.6730769230769 box 0
2706.653846153846 936.4807692307693 2736.6656214426876 309.556305107712 2213.415182329908 284.507554425432 2183.403407041066 911.4320185484892 box 0
3254.7307692307695 997.0576923076923 3288.0735754690218 371.07265848468734 2761.6443344741715 343.0326459728159 2728.3015282359197 969.017679795821 box 0
3797.0384615384614 1041.2884615384617 3828.332055341947 414.31732052165324 3305.6518588586923 388.22913130875554 3274.358265055207 1015.2002723255638 box 0
1623.9615384615383 890.3269230769231 1652.3354162179207 270.1685121983272 1141.106866581578 246.77846198131283 1112.732988825196 866.9368728599087 box 0
2066.269230769231 3006.6730769230767 2116.9338501396746 2270.390922375581 1473.6946690208408 2226.128721975559 1423.0300496503967 2962.4108765230544 box 0
