2612.7144843118217 657.033099460974 2632.374824847712 10.790419244472616 2352.811010072944 2.285379314050431 2333.150669537054 648.5280595305517 box 0
2327.287804840322 644.5480807787953 2346.5250438290827 12.261611594291935 2068.431850768808 3.8006599896372113 2049.1946117800476 636.0871291741406 box 0
1753.5067464290867 621.9724202351499 1773.397827023415 8.22788998417849 1492.9447153629055 -0.8614218907285363 1473.0536347685772 612.8831083602429 box 0
2900.5452215405253 666.5515946542303 2918.6813559283096 9.702384675221708 2638.12442720215 1.9559824789484423 2619.9882928143656 658.805192457957 box 0
2043.2849145112818 636.689993927305 2061.7520541622516 10.578821732029382 1782.5049483122043 2.3424325253317875 1764.0378086612345 628.4536047206074 box 0
3758.7027785899563 703.3315353866067 3775.4769250352974 13.861151280876411 3500.9136444447113 7.181292677358158 3484.13949799937 696.6516767830883 box 0
3189.175977549958 676.4903603588097 3206.2548027846556 9.701632142265112 2922.241786732268 2.427051063919862 2905.1629614975704 669.2157792804644 box 0
3471.7402121182618 691.0768380383495 3489.5908422761727 12.640836739209647 3211.7617654208 5.330752827739445 3193.9111352628893 683.7667541268793 box 0
1393.2114298668646 1154.2813239476536 1417.690935242375 542.7092846544061 1151.8641207601258 532.0689863477782 1127.3846153846157 1143.6410256410259 box 0
1186.0832247386595 598.4351701014997 1210.5627301141699 -13.13686919174768 944.7359156319208 -23.77716749837564 920.2564102564106 587.7948717948717 box 0
