2914.8247602539113 1070.090800606631 2988.681557528852 442.82929668973776 2469.7421541137646 381.7268664008152 2395.885356838824 1008.9883703177086 box 0
1991.4285714285713 1755.7142857142856 2058.4224453869706 1043.5173703627408 1415.135489987579 983.0056154250824 1348.14161602918 1695.202530776627 box 0
3348.571428571429 1855.7142857142856 3405.79396148406 1139.0146718699864 2749.64768170878 1086.6268215563136 2692.4251487961474 1803.3264354006128 box 0
2371.428571428571 1019.9999999999999 2449.903050558927 398.375212886943 1932.0353230178152 332.9991194303952 1853.5608438874594 954.6239065434521 box 0
2657.142857142857 1797.1428571428569 2720.389221782682 1079.3029580004393 2074.745027090152 1022.4175045533771 2011.498662450327 1740.2574036957947 box 0
3468.0852917491525 1106.88776980591 3525.1030953144136 480.11517743074506 2997.422702330437 432.1118388061505 2940.4048987651763 1058.8844311813154 box 0
1329.9999999999998 1705.7142857142856 1405.9861048361256 981.0697098223059 787.4371311544196 916.2087714752527 711.4510263182934 1640.8533473672321 box 0
4027.646386696315 1893.282816405119 4073.5209384457144 1166.256032917221 3429.6631175674265 1125.629346811608 3383.7885658180276 1852.6561302995058 box 0
638.5714285714286 1688.5714285714284 749.863954758469 983.3190855267943 129.94084306196578 885.4919604943741 18.648316874925236 1590.7443035390083 box 0
745.4662483855237 946.1461720304873 878.6509436054371 262.2209076478749 256.38130534134507 141.04276665373789 123.19661012143195 824.9680310363503 box 0
4004.2857142857138 1127.142857142857 4053.718557727445 511.91083609742384 3532.4860681335367 470.030694665487 3483.0532246918065 1085.2627157109202 box 0
1829.9999999999998 991.4285714285712 1914.1517394994112 362.87419368985405 1398.085108478582 293.7824711021606 1313.9333689791706 922.336848840878 box 0
2974.285714285714 2787.142857142857 3020.55961712417 1884.2643322999113 2481.3895631904916 1856.631043875567 2435.115660352036 2759.5095687185117 box 0
3559.519607287793 2826.183278779894 3603.8598042380786 1927.046581172832 3072.911625521714 1900.8633023929378 3028.5714285714284 2799.9999999999995 box 0
2120.0 2518.5714285714284 2161.586501859447 2027.718952256774 1275.0739583937573 1952.6109364756212 1233.4874565343102 2443.4634127902755 box 0
1286.1689319163488 916.5952117230685 1403.5043482196038 297.35854382216667 896.5953475854301 201.30741878317485 779.2599312821742 820.5440866840767 box 0
