4.77953097464291 583.1707073840823 718.1301252844842 573.524033147399 714.6541482245759 316.48308404353 1.303553914734664 326.12975828021325 box 0
11.992786282125165 1638.490404241816 755.5897435897438 1620.5641025641025 749.4655060119298 1366.5259573535243 5.868548704311195 1384.452259031237 box 0
10.066620234444883 2691.8372173727435 780.472196327079 2673.7708554593214 774.6251515589206 2424.4347735940532 4.219575466286358 2442.5011355074753 box 0
-11.235358133433692 1380.894222450553 753.4707401034498 1365.8682312417525 748.4626738454087 1110.9966054913414 -16.24342439147472 1126.0225967001418 box 0
-1.2837572393981986 844.6899219129643 724.6599462147956 834.7338561169016 721.2061049757567 582.8980053331292 -4.737598478437064 592.854071129192 box 0
777.3478198207654 2161.218421172532 776.6642792529565 1913.7461915526947 -1.9634879268445589 1915.8968315130148 -1.279947359035637 2163.369061132852 box 0
9.20908519838747 2967.073045083595 793.4592691336434 2951.500966173173 788.0627168430826 2679.7166301937245 3.8125329078266645 2695.2887091041466 box 0
-10.127409915612418 1108.1299360114685 731.144691687173 1101.5834296455582 728.9402637287837 851.972285286749 -12.331837874001678 858.5187916526595 box 0
-8.767756044975254 1894.0315916067107 770.974358974359 1887.2307692307693 768.7769191591875 1635.2853022867737 -10.965195860146935 1642.0861246627146 box 0
5.126506473810423 2429.418768518389 783.2321042277161 2419.415848403013 780.0413177945306 2171.2114484615913 1.9357200406249149 2181.214368576967 box 0
