784.8571428571429 951.4285714285714 1288.952846745842 971.603160512849 1268.7053289610426 1477.521109428173 764.6096250723438 1457.3465203438952 box 0
1299.8040714324568 946.1866921619591 1807.7142857142856 961.4285714285714 1792.2240364941658 1477.615300312081 1284.3138222123368 1462.3734210454688 box 0
765.9703440475761 1487.2461809571664 1276.2857142857142 1482.142857142857 1281.3102204297206 1984.576723078016 770.9948501915824 1989.680046892325 box 0
1289.131977164836 1474.6262179186795 1798.133582190244 1479.7164036429222 1792.9822813539104 1994.829316159025 1283.980676328502 1989.7391304347825 box 0
1804.5893069500762 1492.8095921702056 2311.8972738281313 1497.882840948406 2306.7440263832573 2013.1904078297944 1799.4360595052024 2008.1171590515937 box 0
2308.749948339711 1496.3209990733633 1804.8507449797557 1486.2416710599236 1815.2500516602888 966.3456675933036 2319.1492550202443 976.424995606743 box 0
2836.6666666666665 1484.0 2320.6666666666665 1484.0 2320.6666666666665 975.3333333333335 2836.6666666666665 975.3333333333335 box 0
2842.0 990.0 3346.6666666666665 988.0000000000001 3360.0 1484.6666666666667 2850.6666666666665 1484.6666666666667 box 0
2316.0 1496.6666666666667 2826.6666666666665 1496.6666666666667 2826.6666666666665 2009.3333333333333 2316.0 2009.3333333333333 box 0
2843.3524868268005 1494.5723704611496 3348.0 1504.6666666666667 3338.0645759421554 2001.371631632153 2833.417062768956 1991.2773354266358 box 0
