2260.7450980392155 1842.862745098039 2315.9262643854745 1111.8237309592423 1668.6216780003544 1062.963107425911 1613.4405116540959 1794.0021215647077 box 0
3888.722410778698 1163.6016110998692 3928.576850073334 534.9214225970554 3407.6958340506676 501.90078473944783 3367.841394756031 1130.5809732422615 box 0
1586.235294117647 1754.627450980392 1655.1385438510563 1045.3030974378253 1020.7588500758857 983.6799172274044 951.8556003424768 1693.004270769971 box 0
2935.254901960784 1895.8039215686272 2995.8368670161944 1173.4655064737901 2350.163281416638 1119.3133614645037 2289.5813163612274 1841.651776559341 box 0
3346.9443169831516 1156.8515264584535 3391.4825391853988 526.6538036751692 2869.2347555876486 489.7447718116784 2824.6965333854014 1119.9424945949627 box 0
2814.3319128330127 1085.766447753403 2863.950790959001 460.02184299315013 2347.618878125989 419.07892465151167 2298.0 1044.8235294117646 box 0
3638.3128431425835 1936.3116494910862 3672.8127787257686 1208.0195506589114 3024.656798328281 1177.3157443050798 2990.1568627450984 1905.6078431372548 box 0
677.8492796510072 906.2746975200641 750.8887337258477 205.38290169058178 123.60114549700296 140.01369168586837 50.56169142216254 840.9054875153508 box 0
925.5082839577954 1688.6735685839856 1006.6616699544148 983.5932639171266 394.6632881775446 913.1534280900414 313.5099021809253 1618.2337327569005 box 0
2282.3592847016644 1028.7510811302386 2330.2770007013423 394.25384229634705 1799.4837324426326 354.16792934626625 1751.5660164429544 988.6651681801578 box 0
1213.635472286331 911.359968968067 1274.1244847837359 285.9879324677912 759.9097715491184 236.25059469160104 699.4207590517135 861.622631191877 box 0
1738.1008762911945 1015.600575910281 1796.077506378442 398.83351279377547 1277.6520694180342 350.101079458898 1219.6754393307867 966.8681425754035 box 0
3961.753178388074 2965.3387333384767 4016.936707170455 2069.8175066516264 3484.6198623834102 2037.015244627832 3429.43633360103 2932.5364713146823 box 0
