1404.9453359136528 888.3817562809292 1451.9592527103987 261.82361551062775 934.8382959003916 223.0213399429848 887.8243791036459 849.5794807132862 box 0
2139.78041087224 2962.3021082757923 2778.450235494339 2910.255374852953 2718.397492875319 2173.3431409002333 2079.72766825322 2225.3898743230725 box 0
1094.5866263208006 1918.949359870412 1108.4325432285862 1204.825573522446 471.50548602966313 1192.4763992211724 457.6595691218778 1906.6001855691384 box 0
1751.22628124201 2020.564240036132 1780.5858182276547 1306.7836121984133 1134.865844841364 1280.2235758208017 1105.5063078557191 1994.0042036585207 box 0
1934.666266843533 941.871093559439 1990.4136468676822 317.6003788992602 1470.4431112082245 271.16700572950134 1414.6957311840752 895.4377203896802 box 0
2476.791631051876 965.0724675221318 2525.918762116514 351.0421296577992 2000.8170374661904 309.0299689250118 1951.6899064015518 923.0603067893444 box 0
2436.7294279010125 2005.128169298113 2442.37413624401 1294.6921203908648 1796.9490561690845 1289.5639510927515 1791.304347826087 2000.0 box 0
3026.6663082680057 979.3965885484461 3073.724293228956 361.3977309867118 2541.1528453269652 320.8446799909827 2494.094860366015 938.843537552717 box 0
1434.782608695652 2891.304347826087 2083.877394556246 2869.4870163731725 2059.312482728803 2138.6480401798326 1410.2176968682088 2160.465371632747 box 0
877.7122767005652 842.9115257651613 922.4608565282381 235.03952173550655 420.18543352740124 198.0644485085205 375.43685369972815 805.9364525381752 box 0
3577.3006131939997 996.9122916142112 3614.263591548922 384.7692012482899 3083.2013910479436 352.70212260087675 3046.238412693022 964.845212966798 box 0
3096.4773703619494 2017.7932793463492 3112.3693718324694 1306.4374467663283 2467.425937743519 1292.0291274224496 2451.533936272999 2003.3849600024705 box 0
3997.4012211055624 2556.406466808867 4190.154158585008 1692.6115786491505 3666.4100032596725 1575.7398237795117 3473.6570657802267 2439.5347119392286 box 0
