1361.025974025974 1093.5064935064934 877.2597402597403 908.4415584415584 718.1688311688312 1385.064935064935 1188.948051948052 1566.2337662337661 box 0
1553.2337662337663 622.7272727272727 1359.077922077922 1085.064935064935 883.7532467532468 890.2597402597403 1085.051948051948 428.57142857142856 box 0
2035.7012987012986 800.0 1564.922077922078 606.4935064935065 1375.9610389610389 1075.974025974026 1849.987012987013 1262.3376623376623 box 0
1842.844155844156 1283.1168831168832 1365.5714285714287 1101.2987012987012 1194.7922077922078 1569.4805194805194 1664.2727272727273 1751.9480519480521 box 0
2318.8181818181815 1482.4675324675325 1848.0389610389611 1290.2597402597403 1670.1168831168832 1770.7792207792209 2142.1948051948048 1950.6493506493507 box 0
2329.8571428571427 1459.090909090909 1855.8311688311687 1279.2207792207791 2042.1948051948052 801.9480519480519 2512.324675324675 990.9090909090908 box 0
2990.246753246753 1167.5324675324675 2522.7142857142853 994.8051948051948 2349.987012987013 1462.3376623376623 2824.6623376623374 1637.6623376623377 box 0
2801.9350649350645 1659.0909090909092 2331.805194805195 1474.6753246753246 2155.181818181818 1944.805194805195 2625.311688311688 2125.974025974026 box 0
3295.4415584415583 1835.0649350649348 2830.5064935064934 1655.8441558441557 2640.896103896104 2116.2337662337663 3110.3766233766232 2298.051948051948 box 0
3474.6623376623374 1350.0 2995.4415584415583 1174.025974025974 2836.9999999999995 1644.8051948051946 3311.675324675324 1825.3246753246751 box 0
