225.55741441738124 1963.3720091860973 1425.0 1922.3749999999998 1417.9912207229634 1717.3203263854755 218.54863514034446 1758.3173355715726 box 0
236.7082748007011 2146.1663468132365 1423.75 2108.625 1417.9622132494399 1925.6175974246605 230.9204880501411 1963.1589442378975 box 0
1433.5643558614502 958.477143222518 1427.5 774.8750000000001 225.0804874533273 814.5907663350204 231.1448433147774 998.1929095575381 box 0
224.38135765112648 1755.7723716693374 1415.0 1708.625 1407.5931335234625 1521.5784479630454 216.97449117458905 1568.7258196323824 box 0
253.92434978452732 2531.8005484503983 1438.75 2501.125 1433.9391096020545 2315.3070886078635 249.11345938658167 2345.982637058262 box 0
234.3695819470533 2340.09998221463 1423.75 2304.875 1418.3005568083415 2120.873174762504 228.9201387553951 2156.0981569771334 box 0
201.91979113840932 1184.6143031985723 1393.2227009134026 1146.3936911931266 1387.5511172649408 969.6154098175587 196.24820748994728 1007.8360218230046 box 0
206.26493405270617 1386.39363475397 1402.0640764969578 1342.9166399721353 1395.0 1148.625 199.20085755574843 1192.1019947818347 box 0
222.82850386741052 1569.9061674398754 1406.25 1526.125 1399.5517655963154 1345.0691935201598 216.13026946372565 1388.8503609600348 box 0
272.9060153112136 2724.891572434078 1465.0 2688.625 1459.4806450554022 2507.2020149418677 267.38666036661573 2543.468587375946 box 0
