771.3661822175737 1.33724761039457 472.3912325980456 -1.6526015481037462 462.7348278834361 963.9556816825348 761.7097775029642 966.945530841033 box 0
1074.4068386127767 4.31709693656876 785.5323940479623 1.4282561955873234 775.8557876498494 969.0566404371684 1064.7302322146638 971.9454811781499 box 0
1382.4823437495606 4.367575893012429 1083.5073941300325 1.3777267345141126 1073.8408885736712 967.996060470624 1372.8158381931994 970.985909629122 box 0
1682.4321173162652 3.3016677301289974 1394.5677232569221 0.42292783089919794 1385.002226118078 956.9407565122951 1672.866620177421 959.8194964115248 box 0
1976.6464646464644 958.4040404040403 1684.7272727272725 958.4040404040403 1684.7272727272725 0.828282828282764 1976.6464646464644 0.828282828282764 box 0
1985.7373737373737 959.4141414141413 2282.70707070707 959.4141414141413 2282.70707070707 2.8484848484847842 1985.7373737373737 2.8484848484847842 box 0
2585.737373737373 954.3636363636363 2294.8282828282827 954.3636363636363 2294.8282828282827 1.8383838383837743 2585.737373737373 1.8383838383837743 box 0
2894.8282828282827 950.3232323232322 2593.8181818181815 950.3232323232322 2593.8181818181815 2.8484848484847842 2894.8282828282827 2.8484848484847842 box 0
3199.8787878787875 945.2727272727273 2899.8787878787875 945.2727272727273 2899.8787878787875 0.828282828282764 3199.8787878787875 0.828282828282764 box 0
3514.020202020202 946.2828282828282 3206.9494949494947 946.2828282828282 3206.9494949494947 0.828282828282764 3514.020202020202 0.828282828282764 box 0
