851.9350649350649 759.7402597402597 1779.2077922077922 761.038961038961 1766.8701298701299 1072.7272727272727 855.1818181818182 1061.038961038961 box 0
849.987012987013 1066.8831168831168 1779.2077922077922 1086.3636363636363 1766.2207792207791 1388.9610389610389 846.0909090909091 1364.2857142857142 box 0
1795.4415584415585 766.2337662337661 2709.7272727272725 852.5974025974027 2690.246753246753 1152.5974025974026 1782.4545454545455 1075.3246753246754 box 0
1796.7402597402597 1086.3636363636363 2714.9220779220777 1159.7402597402597 2685.7012987012986 1453.2467532467533 1777.909090909091 1394.155844155844 box 0
1794.142857142857 1403.8961038961038 2711.025974025974 1466.8831168831168 2692.8441558441555 1759.090909090909 1779.857142857143 1714.935064935065 box 0
1784.4025974025974 1724.025974025974 2704.5324675324673 1767.5324675324675 2689.5974025974024 2069.4805194805194 1773.3636363636363 2027.2727272727273 box 0
1776.6103896103896 2046.7532467532467 2694.7922077922076 2075.3246753246754 2674.0129870129867 2374.025974025974 1766.8701298701299 2344.155844155844 box 0
848.038961038961 1985.064935064935 1764.922077922078 2040.25974025974 1757.1298701298701 2343.5064935064934 845.4415584415584 2290.909090909091 box 0
849.3376623376623 1679.8701298701299 1772.7142857142858 1719.4805194805194 1748.6883116883116 2026.6233766233765 831.8051948051948 1977.2727272727273 box 0
840.8961038961039 1372.7272727272727 1774.6623376623377 1398.7012987012986 1753.8831168831168 1706.4935064935064 837.6493506493507 1673.3766233766232 box 0
