2.7777777777777777 206.88888888888894 1066.6666666666667 206.88888888888894 1066.6666666666667 449.9444444444445 2.7777777777777777 449.9444444444445 box 0
1.3888888888888888 469.38888888888897 1077.7777777777778 469.38888888888897 1077.7777777777778 715.2222222222223 1.3888888888888888 715.2222222222223 box 0
2.7777777777777777 726.3333333333334 1077.7777777777778 726.3333333333334 1077.7777777777778 977.7222222222223 2.7777777777777777 977.7222222222223 box 0
2.7777777777777777 991.6111111111112 1080.5555555555557 991.6111111111112 1080.5555555555557 1243.0000000000002 2.7777777777777777 1243.0000000000002 box 0
2.7777777777777777 1251.3333333333335 1077.7777777777778 1251.3333333333335 1077.7777777777778 1516.6111111111113 2.7777777777777777 1516.6111111111113 box 0
0.0 1527.7222222222222 1093.0555555555557 1527.7222222222222 1093.0555555555557 1777.7222222222224 0.0 1777.7222222222224 box 0
1.3888888888888888 1786.0555555555557 1091.6666666666667 1786.0555555555557 1091.6666666666667 2037.4444444444448 1.3888888888888888 2037.4444444444448 box 0
0.0 2044.388888888889 1106.9444444444446 2044.388888888889 1106.9444444444446 2313.8333333333335 0.0 2313.8333333333335 box 0
1119.2498409734808 2556.855093106016 2.639007174871267 2568.021573662502 0.19460347096378428 2323.5893513384285 1116.8054372695733 2312.4228707819425 box 0
0.0 2577.722222222222 1120.8333333333335 2577.722222222222 1120.8333333333335 2830.5 0.0 2830.5 box 0
