-11.640812399160893 2380.874227029374 746.1617601783948 2364.7895819916093 742.7578765890717 2204.420998495528 -15.04469598848408 2220.5056435332926 box 0
2.4132903426341272 2539.4462451844925 749.4999123703227 2528.047893790275 746.9459281594105 2360.6511036009074 -0.1406938682780492 2372.049454995125 box 0
-24.33643423734316 1878.999945800571 735.0769230769232 1864.1538461538462 732.1715698678541 1715.5381095506152 -27.24178744641233 1730.3842091973406 box 0
-7.207900046305277 1713.4762611402557 714.5641025641027 1710.3076923076926 713.9185321726915 1563.2524573239061 -7.85347043771651 1566.4210261564692 box 0
6.069741162870512 2030.639963396535 732.5128205128207 2020.5641025641025 730.5416211020486 1878.4458067888395 4.098541752098413 1888.5216676212722 box 0
-14.14433040457539 2200.6584198065902 742.7692307692308 2189.7948717948716 740.5096911130704 2032.362308702877 -16.403870060735812 2043.2258567145955 box 0
-33.95481684020509 1557.9695304562738 722.2564102564103 1559.025641025641 722.4534615752493 1417.9301686930464 -33.757765521366025 1416.8740581236793 box 0
3.7638081200501943 1085.1592088812301 691.4871794871796 1082.1025641025642 690.7886667093916 924.942148919142 3.0652953422622318 927.9987936978079 box 0
704.3076923076924 1243.6410256410256 704.526007793892 1082.763262902061 -15.263870459151008 1081.7864885203387 -15.482185945350295 1242.6642512593035 box 0
5.677304881673213 1408.649553805132 712.0000000000001 1407.7435897435898 711.7993488576506 1251.308625423152 5.476653739323581 1252.2145894846942 box 0
