3817.6336698154287 2715.711207243107 4017.898460983198 2613.2690219486735 3333.635435714356 1275.5994723833578 3133.3706445465864 1378.0416576777907 box 0
4002.456952896465 2593.9328062995564 4218.097182584764 2485.7432765246667 3554.4480046841013 1162.9770028129924 3338.8077749958024 1271.166532587882 box 0
3234.6968685220036 3050.374078512923 3434.048870413406 2944.7337855326396 2731.2844661642757 1618.5590193264325 2531.9324642728734 1724.199312306716 box 0
3615.8910642644296 2828.2232136318935 3818.5828869413144 2724.8483286150777 3134.168460271703 1382.8859401156649 2931.4766375948184 1486.2608251324807 box 0
3434.9579710608373 2943.467740912325 3633.1984382829583 2839.395346751884 2935.5747140282742 1510.5390812922642 2737.3342468061533 1614.6114754527048 box 0
3025.0012867118016 3138.010697356328 3227.771901444886 3029.599688456273 2534.835715851675 1733.540388306514 2332.0651011185905 1841.9513972065686 box 0
2790.2256376306177 3192.8683408507563 3001.9271548827746 3080.63480520632 2329.3823663671847 1812.041141723707 2117.6808491150277 1924.2746773681426 box 0
2272.1894004529327 3157.6205879898716 2463.2820512820513 3056.461538461538 1938.7803518990938 2065.6612040693726 1747.6877010699761 2166.8202535977057 box 0
2021.456892866199 3143.0099030829797 2214.564102564102 3038.512820512821 1748.696953287647 2177.6054815324046 1555.5897435897436 2282.102564102564 box 0
2510.9178663848875 3126.8606776805095 2706.871794871795 3023.128205128205 2136.5134244286783 1945.703165660786 1940.559495941771 2049.4356382130904 box 0
