227.2789836076737 586.5291371450783 1007.9218512206273 571.8344197467251 1004.1237113402062 370.06185567010317 223.48084372725256 384.75657306845636 box 0
239.06308330075478 805.8037689613291 1020.6185567010308 787.5876288659795 1015.6900911246505 576.1339824555546 234.13461772437455 594.3501225509042 box 0
1032.9896907216496 2078.3092783505153 1030.678887901203 1872.1380564010644 258.9150842258949 1880.7881189917039 261.22588704634126 2086.959340941155 box 0
1034.020618556701 2294.8041237113403 1034.330808881374 2090.4444516849226 262.30387687519186 2089.27261928609 261.99368655051893 2293.6322913125086 box 0
1027.8350515463917 1856.659793814433 1026.7043630343624 1661.3942923587174 256.59454459314134 1665.8536275624315 257.7252331051704 1861.1191290181466 box 0
1038.1443298969073 2505.1134020618556 1037.9364078898077 2299.96693905639 261.97626540120143 2300.7533976084496 262.184187408301 2505.8998606139157 box 0
1027.8350515463917 1646.3505154639179 1025.4572201194987 1438.7550151845383 256.97355674279606 1447.557347621281 259.3513881696892 1655.1528479006606 box 0
245.1469835539511 1018.7248198559347 1031.508966639414 1000.9560140706377 1026.8041237113403 792.7422680412371 240.4421406258774 810.5110738265345 box 0
254.9022012874838 1450.0333184681735 1032.3450852293422 1434.9980276306055 1028.3514793467684 1228.4971685373157 250.90859540491005 1243.5324593748837 box 0
254.23683128901678 1236.135358117519 1027.8350515463917 1218.5154639175257 1023.0584672388876 1008.8004067637864 249.46024698151274 1026.42030096378 box 0
