1412.5984251968505 348.7086614173229 992.1259842519685 614.0629921259844 1247.244094488189 1052.6456692913387 1674.8031496062993 790.4409448818898 box 0
1870.0787401574803 103.03937007874023 1431.4960629921259 340.83464566929143 1679.527559055118 784.1417322834646 2119.685039370079 536.1102362204725 box 0
2138.582677165354 540.0472440944883 1701.5748031496062 791.2283464566931 1951.9685039370079 1231.3858267716535 2388.9763779527557 973.9055118110238 box 0
1681.1023622047244 799.1023622047245 1936.2204724409448 1232.9606299212599 1503.1496062992126 1496.740157480315 1248.0314960629921 1060.5196850393702 box 0
1929.9212598425197 1254.2204724409448 1501.5748031496062 1514.0629921259842 1755.9055118110236 1951.0708661417323 2191.3385826771655 1685.716535433071 box 0
2205.511811023622 1680.992125984252 1950.3937007874015 1247.9212598425197 2386.6141732283463 989.6535433070867 2639.3700787401576 1425.8740157480315 box 0
2648.031496062992 1427.4488188976377 2216.535433070866 1695.9527559055118 2479.527559055118 2129.0236220472443 2905.511811023622 1866.8188976377953 box 0
2197.6377952755906 1695.1653543307084 2451.968503937008 2129.8110236220473 2025.984251968504 2382.566929133858 1766.1417322834645 1947.9212598425197 box 0
2914.9606299212596 1862.8818897637798 2488.1889763779527 2140.834645669291 2745.6692913385828 2574.6929133858266 3168.503937007874 2305.4015748031497 box 0
2468.503937007874 2138.472440944882 2728.3464566929133 2576.267716535433 2297.6377952755906 2815.6377952755906 2040.1574803149606 2384.1417322834645 box 0
