2861.103019314737 2227.9626510127864 4008.7054201450146 2198.1303342325837 4003.0387104215906 1980.140905810944 2855.436309591313 2009.9732225911466 box 0
2839.5205199150987 1798.9254574430836 4010.974850660493 1765.1004317263398 4004.712584027772 1548.2207927095044 2833.258253282378 1582.0458184262482 box 0
2860.809347896426 2010.7548092143038 4000.608475693724 1980.1243329928643 3994.8935314370697 1767.4639606221217 2855.094403639772 1798.094436843561 box 0
4021.1040914469913 1147.2806374994188 4021.889865703493 929.9461556157573 2845.3333333333335 925.6923076923077 2844.547559076832 1143.0267895759691 box 0
2839.0840298866315 1579.4455100544178 4032.30695574606 1550.727648809606 4027.384615384616 1346.2051282051282 2834.161689525187 1374.9229894499397 box 0
4045.3333333333335 915.4358974358973 4044.7777527611483 705.6656932394312 2843.2877640242396 708.8478634526607 2843.8433445964242 918.6180676491268 box 0
4061.5638243644757 264.139196466816 4060.3882391551456 37.31700072272725 2840.205128205128 43.641025641025585 2841.380713414459 270.4632213851143 box 0
2837.6873038569474 515.2895693277047 4073.7593382942027 480.73810210226407 4067.4237206181497 254.08260932219767 2831.351686180894 288.6340765476383 box 0
4071.0908208020887 707.0390263476849 4071.3203740212557 493.85844801593237 2866.2513163439075 492.56082754940974 2866.02176312474 705.7414058811622 box 0
4034.0774473574193 1334.4568647045226 4029.9487179487182 1133.3846153846155 2842.1082808884744 1157.775210118213 2846.2370102971754 1358.8474594381203 box 0
