636.9565217391304 51.086956521739125 859.7826086956521 8.695652173913043 1064.1304347826087 1215.2173913043478 842.391304347826 1254.3478260869565 box 0
870.6521739130434 7.608695652173913 1100.0 1.0869565217391304 1296.7391304347825 1173.9130434782608 1079.3478260869565 1216.304347826087 box 0
1106.5217391304348 0.0 1336.9565217391303 2.1739130434782608 1529.3478260869565 1134.782608695652 1311.9565217391303 1169.5652173913043 box 0
1350.0 2.1739130434782608 1581.5217391304348 1.0869565217391304 1773.9130434782608 1097.8260869565217 1554.3478260869565 1133.695652173913 box 0
1591.150442477876 1.6283185840709251 1822.1238938053095 0.7433628318585358 2006.1946902654865 1065.345132743363 1786.7256637168139 1097.203539823009 box 0
1830.088495575221 3.3982300884957035 2062.8318584070794 6.05309734513287 2237.16814159292 1020.2123893805309 2017.6991150442477 1063.5752212389382 box 0
2071.6814159292035 2.513274336283314 2303.5398230088495 6.05309734513287 2469.026548672566 982.1592920353983 2252.2123893805306 1023.7522123893805 box 0
2309.734513274336 0.7433628318585358 2538.938053097345 1.6283185840709251 2700.884955752212 943.221238938053 2486.725663716814 982.1592920353983 box 0
2547.787610619469 1.6283185840709251 2778.7610619469024 1.6283185840709251 2934.513274336283 906.9380530973451 2713.2743362831857 944.991150442478 box 0
2785.8407079646013 0.7433628318585358 2976.0 0.0 3164.601769911504 866.2300884955752 2949.5575221238937 906.0530973451328 box 0
