-6.904455550229516 1533.8080898847113 604.3076923076925 1523.128205128205 601.5372938889476 1364.577695778219 -9.674853968974332 1375.2575805347249 box 0
-11.048628627390144 2059.5230128898284 578.6666666666669 2046.2051282051284 574.9990220425725 1883.8020001005461 -14.716273251484438 1897.1198847852468 box 0
3.037529673467816 860.9841798782841 574.6159937162313 833.8548252011511 565.9860173083437 652.033004569958 -5.592446734419809 679.1623592470911 box 0
-16.15035783097677 1388.6271053763587 565.8461538461539 1366.7179487179487 558.8647167931665 1181.2625213511228 -23.131794883964176 1203.1716780095323 box 0
-14.575750941022307 690.1503371970477 566.2904004328582 651.8313013357968 553.8359445750555 463.03814203574035 -27.03020679882502 501.3571778969913 box 0
18.51865010325531 2242.206203827545 584.3538003563361 2232.449360003922 581.2307692307694 2051.3333333333335 15.395618977688521 2061.090177156957 box 0
-10.493376604690354 1885.009921623171 581.2307692307694 1874.4102564102564 578.3355985079027 1712.7879420612342 -13.388547327557092 1723.387607274149 box 0
5.441593864128617 1721.1337919358255 583.7948717948719 1710.3076923076926 580.5367087931429 1536.2496920297551 2.183430862399657 1547.0757916578884 box 0
-18.708057011961277 1206.2473723297292 576.1025641025643 1179.5384615384617 568.1866104257476 1003.249231325426 -26.624010688778014 1029.9581421166934 box 0
-12.106972479716319 1032.4047070047993 574.3056465118881 1008.2505056838869 566.7376552342329 824.5157786824566 -19.67496375737153 848.6699800033691 box 0
