1260.473845113885 2681.306927313868 1277.2690299670808 2002.280399270059 587.7838670595767 1985.2265283440909 570.9886822063812 2664.2530563879 box 0
2449.209290494344 1577.9541322069895 2468.5981445066736 889.069018154697 1769.6763464075111 869.397679011272 1750.2874923951813 1558.2827930635644 box 0
1986.5859271361674 665.6686253907013 2001.9376349943818 -1.4789309126285843 1322.1257534668598 -17.1220570923615 1306.7740456086453 650.0254992109684 box 0
1760.3286659888242 1343.3589034961506 1781.4585175114992 656.3761566416399 1091.154663784125 635.1441562725261 1070.02481226145 1322.1269031270367 box 0
2665.9813895557973 896.9600518743435 2684.8372398951724 217.44108298257777 1991.162645783558 198.19243073063686 1972.3067954441833 877.7113996224026 box 0
1490.4654058732917 2007.8118068400033 1502.8666395927771 1329.5755800730394 813.2106599531244 1316.965541487633 800.809426233639 1995.2017682545973 box 0
3343.992538482297 1133.797490971652 3358.704014669976 459.0793109495532 2668.9750411685823 444.0405411786163 2654.263564980903 1118.7587212007152 box 0
2159.548297531936 2247.01225775301 2175.2126938396864 1561.124465979261 1484.754474227097 1545.3556896346845 1469.0900779193466 2231.2434814084345 box 0
1939.728729909211 2916.474980327695 1948.7867548915995 2241.2866733125334 1254.7036854808036 2231.975164630801 1245.6456604984153 2907.1634716459625 box 0
3115.334508901907 1800.3625718914152 3130.671287686507 1124.04860961227 2439.835605996774 1108.3825216449618 2424.498827212174 1784.6964839241068 box 0
2828.3713493000564 2488.874053162822 2841.516816708617 1799.8772211534817 2153.3303352702555 1786.747214537373 2140.184867861695 2475.7440465467134 box 0
2578.6921009541684 3081.7213383937083 2593.725960024487 2476.8580149956083 1934.182130765802 2460.4650736546314 1919.1482716954833 3065.3283970527314 box 0
