1971.9999999999998 3001.5384615384614 2014.4064722869166 1787.4561969957972 1800.099671031587 1779.9707112970534 1757.6931987446703 2994.0529758397183 box 0
2188.9230769230767 2989.230769230769 2222.095395088223 1796.7531152626698 2011.7421688966845 1790.9015136640396 1978.569850731538 2983.3791676321384 box 0
1114.8705261097205 2980.5965988806997 1136.6874434504791 1766.6188307677753 932.2784558022969 1762.9453088101525 910.4615384615383 2976.9230769230767 box 0
2836.302776563068 3016.2303149573772 2872.0 1827.6923076923074 2660.6848675423007 1821.3455493616211 2624.9876441053693 3009.8835566266907 box 0
2408.6484426702777 3005.335808785295 2438.153846153846 1795.3846153846152 2222.8479910488495 1790.134249781526 2193.342587565281 3000.085443182206 box 0
2616.394168915317 3015.491096630124 2653.5384615384614 1810.7692307692307 2443.6863824443208 1804.29901780611 2406.5420898211764 3009.020883667003 box 0
1329.7936030327974 2989.3658296499307 1351.610520373556 1775.3880615370063 1147.2015327253737 1771.7145395793834 1125.3846153846152 2985.6923076923076 box 0
1543.1782184174128 3002.7504450345464 1564.9951357581715 1788.772676921622 1360.5861481099892 1785.099154963999 1338.7692307692307 2999.0769230769233 box 0
1761.1782184174128 3009.981214265316 1782.9951357581715 1796.0034461523915 1578.5861481099892 1792.3299241947689 1556.7692307692307 3006.307692307693 box 0
3051.2258534861453 3009.6149303419925 3086.923076923077 1821.0769230769229 2875.607944465378 1814.7301647462361 2839.9107210284465 3003.268172011306 box 0
