1390.2777777777778 2683.277777777778 1402.067626253279 2231.7066500808087 713.5501787361392 2213.730486679119 701.760330260638 2665.301614376088 box 0
1412.5 2218.0 1423.2012176505864 1769.7366907165203 737.3149166903813 1753.362790738262 726.6136990397949 2201.626100021742 box 0
703.7260666178103 2670.6498204275726 713.0137518570776 2215.3684781490247 38.45435190593408 2201.6075466103403 29.166666666666668 2656.8888888888887 box 0
722.6191669462961 2210.782896408447 731.1461973466871 1740.7471583553988 57.138141511502056 1728.5198175025073 48.611111111111114 2198.5555555555557 box 0
713.7507983927622 1268.7361980976743 724.5894571363297 820.4331184823785 62.22754763245626 804.4191426069266 51.38888888888889 1252.7222222222224 box 0
723.6111111111111 1731.8888888888891 732.9876826249364 1283.1077460861202 69.97101105084786 1269.2550623546986 60.59443953702259 1718.0362051574673 box 0
746.9184250520102 808.4939116844989 759.9476429111594 358.6062194115906 81.08477341470483 338.9456410604252 68.05555555555556 788.8333333333334 box 0
1419.4444444444446 1752.7222222222222 1431.1312551683907 1300.1656646715303 754.543328555458 1282.6934727332953 742.8565178315118 1735.2500302839874 box 0
1438.888888888889 815.2222222222223 1453.233406688379 379.68941944677397 773.228793115763 357.29308506973496 758.8842753162727 792.8258878451834 box 0
1433.3333333333335 1293.0000000000002 1444.3429426996154 833.5924483984566 737.5463509887627 816.6542105548937 726.536741622481 1276.0617621564375 box 0
