60.60637039638891 2239.0955046160575 1371.9928971313857 2074.599280998812 1345.8461538461538 1866.1538461538464 34.459627111157296 2030.6500697710917 box 0
87.3572781873682 2458.175316389624 1413.1304288073657 2288.214074598902 1385.8461538461538 2075.3846153846152 60.07300322615641 2245.3458571753376 box 0
35.34048478612584 2029.0316268417228 1340.457623619157 1859.3129135331887 1313.5384615384614 1652.3076923076924 8.421322705430464 1822.026405616226 box 0
120.97315646975176 2676.0710461400627 1436.0382498330994 2509.6510881878826 1408.923076923077 2295.3846153846152 93.85798355972953 2461.804573336796 box 0
1276.6153846153845 1436.923076923077 1307.3846153846152 1646.153846153846 8.923076923076852 1813.8461538461538 4.307692307692237 1606.153846153846 box 0
5.846153846153776 1595.3846153846152 5.846153846153776 1390.7692307692307 1242.7692307692307 1212.3076923076924 1273.5384615384614 1416.923076923077 box 0
1212.0 998.4615384615386 1241.230769230769 1201.5384615384614 1.2307692307691607 1381.5384615384614 4.307692307692237 1164.6153846153845 box 0
1184.3076923076922 789.2307692307692 1218.153846153846 989.230769230769 2.769230769230699 1155.3846153846152 1.2307692307691607 943.0769230769232 box 0
2.769230769230699 729.2307692307692 1152.0 567.6923076923076 1184.3076923076922 767.6923076923076 1.2307692307691607 933.8461538461537 box 0
0.7850467289720986 721.2710280373831 0.7850467289720986 497.90654205607467 1129.7570093457944 342.76635514018693 1158.728971962617 549.3084112149531 box 0
