2788.9230769230767 1020.5641025641025 3981.214957101483 967.8476650229499 3969.9569356288766 713.2240938041269 2777.6650554504704 765.9405313452794 box 0
2875.639725079157 2341.404426312011 4026.181474412496 2289.4439938156606 4014.4256618837335 2029.1391337160653 2863.8839125503946 2081.0995662124155 box 0
2888.9230769230767 2874.4102564102564 4028.542945319172 2826.8630366648185 4017.304425595855 2557.4962800673943 2877.6845571997596 2605.0434998128317 box 0
2765.846153846154 753.8974358974358 3980.170687656688 706.7242585186576 3970.0710423888113 446.74077398271055 2755.7465085782765 493.9139513614885 box 0
2804.2668528190115 1548.993260727984 4022.30502705007 1489.983510764059 4009.9386800179027 1234.7259851826605 2791.9005057868444 1293.7357351465855 box 0
2744.9177675433675 490.35970351600054 3963.470738454559 437.6089260639922 3952.787113743253 190.81516754723197 2734.2341428320615 243.56594499924023 box 0
2894.809744132084 2607.288040174091 4040.072161617326 2556.471917791808 4028.6848496789517 2299.8317062248348 2883.4224321937086 2350.6478286071174 box 0
2847.2286428431235 2073.5170701386833 4030.794984023073 2021.597942563323 4019.311577798966 1759.818253195057 2835.7452366190164 1811.737380770417 box 0
2843.8138379889133 1825.3748698499483 4019.678372542025 1768.5409214058743 4005.8132525018295 1481.6788720687464 2829.948717948718 1538.5128205128208 box 0
2820.8114587957243 1287.4573358743357 4002.1864528467113 1234.7920719154788 3990.622569829764 975.3937284262013 2809.247575778777 1028.058992385058 box 0
