1606.7826086956522 801.7391304347825 1743.304347826087 1070.4347826086955 931.1304347826087 1512.173913043478 804.1739130434783 1234.782608695652 box 0
2422.4347826086955 388.695652173913 2573.7391304347825 645.2173913043478 1758.0869565217392 1066.9565217391303 1613.7391304347827 801.7391304347825 box 0
1754.608695652174 1079.1304347826085 1896.3478260869565 1346.9565217391303 1085.0434782608697 1771.3043478260868 949.3913043478261 1511.3043478260868 box 0
1912.0 1354.782608695652 2046.782608695652 1622.6086956521738 1227.6521739130435 2039.1304347826085 1104.1739130434785 1776.5217391304345 box 0
2074.608695652174 1631.3043478260868 2212.8695652173915 1901.739130434782 1383.304347826087 2306.95652173913 1259.8260869565217 2039.9999999999998 box 0
2237.217391304348 1908.6956521739128 2376.3478260869565 2173.9130434782605 1545.913043478261 2574.782608695652 1415.4782608695652 2300.869565217391 box 0
3033.7391304347825 1449.5652173913043 3176.3478260869565 1699.1304347826085 2388.5217391304345 2170.4347826086955 2252.0 1899.9999999999998 box 0
2892.0 1181.7391304347825 3033.7391304347825 1435.6521739130433 2235.478260869565 1894.782608695652 2099.8260869565215 1625.2173913043475 box 0
2742.4347826086955 914.782608695652 2885.0434782608695 1176.5217391304348 2080.695652173913 1619.9999999999998 1940.695652173913 1348.6956521739128 box 0
2588.5217391304345 652.1739130434781 2730.2608695652175 909.5652173913043 1916.3478260869565 1346.086956521739 1783.304347826087 1071.3043478260868 box 0
