2054.1176470588234 0.9411764705881818 3345.8823529411766 760.9411764705884 3490.5882352941176 500.9411764705881 2601.1764705882356 0.9411764705881818 box 0
2056.470588235294 15.058823529411711 1850.5882352941178 244.47058823529412 3184.7058823529414 1030.3529411764705 3338.823529411765 765.6470588235294 box 0
1842.3529411764707 256.235294117647 1700.0 505.64705882352933 3041.1764705882356 1288.0 3183.529411764706 1033.8823529411766 box 0
1689.4117647058824 511.5294117647058 1549.4117647058824 764.470588235294 2888.2352941176473 1564.4705882352944 3035.294117647059 1290.3529411764707 box 0
1543.5294117647059 778.5882352941178 1400.0 1029.1764705882354 2736.470588235294 1819.7647058823532 2872.9411764705883 1560.9411764705883 box 0
1391.764705882353 1036.235294117647 1247.0588235294117 1286.8235294117646 2581.1764705882356 2086.8235294117644 2727.0588235294117 1824.4705882352941 box 0
1242.3529411764707 1298.5882352941176 1095.2941176470588 1548.0000000000002 2431.764705882353 2346.8235294117644 2575.294117647059 2093.882352941176 box 0
1094.1176470588236 1559.7647058823527 945.8823529411765 1809.1764705882354 2277.6470588235293 2610.3529411764703 2425.8823529411766 2359.7647058823527 box 0
943.5294117647059 1825.6470588235295 801.1764705882354 2073.882352941176 2122.3529411764707 2868.0 2270.5882352941176 2612.705882352941 box 0
794.1176470588235 2086.8235294117644 650.5882352941177 2345.6470588235293 1789.4117647058824 3032.705882352941 2122.3529411764707 2875.0588235294117 box 0
