706.871794871795 1928.2564102564104 810.0483496613067 1758.9492758905262 -19.03281995277765 1253.7033567387762 -122.20937474228937 1423.0104911046603 box 0
812.0000000000001 1759.025641025641 906.6067751583469 1599.8132156341749 70.39364043978196 1102.9209170195454 -24.21313471856491 1262.1333424110112 box 0
1396.6153846153848 807.7435897435896 1486.7771335128768 654.1497707687271 480.2250355574025 63.2894216100277 390.06328665991043 216.88324058489027 box 0
917.1282051282052 1600.0512820512818 1010.4526627776305 1439.8998742958092 105.10376010423539 912.3291428882998 11.779302454809919 1072.4805506437726 box 0
1494.0512820512822 659.025641025641 1592.2812431620548 492.70761337422573 604.9890590638809 -90.40219269079367 506.7590979531083 75.9158349606217 box 0
1298.5643875106236 973.8986629050603 1394.0512820512822 815.4358974358973 373.28570679951605 200.3403919004493 277.7988122588577 358.8031573696123 box 0
1017.1282051282053 1441.076923076923 1108.3634423902488 1286.1490390334263 125.43206480390599 707.3121304933217 34.19682754186233 862.2400145368182 box 0
1191.4871794871797 1128.2564102564102 1285.3754948169112 971.9981692629322 280.51261743197415 368.22276455326335 186.62430210224272 524.4810055467416 box 0
1104.3076923076924 1274.4102564102564 1192.8307250992177 1123.6404512744994 193.16136282472579 536.6942543378773 104.63833003320039 687.4640594736342 box 0
1594.8261066235484 492.5022186169062 1686.972689105212 330.4194581417358 869.2343597613391 -134.47756232112982 777.0877772796754 27.60519815404062 box 0
