2042.6552340622393 2732.1618690389078 2272.923279659614 2346.508962584072 1691.69873574475 1999.4677824440878 1461.4306901473756 2385.1206888989245 box 0
2280.6948860708167 2339.3676781445993 2516.324392053278 1950.7696065136047 1936.4406779661017 1599.1525423728815 1700.8111719836393 1987.7506140038763 box 0
1691.5254237288136 1978.8135593220338 1919.842032396658 1588.3811748434994 1331.1751096960463 1244.141196888164 1102.8585010282018 1634.5735813666984 box 0
1453.3898305084747 2378.813559322034 1682.806710390226 1982.7850369319242 1100.4973154305053 1645.4567967555906 871.0804355487543 2041.4853191457014 box 0
2993.220338983051 1131.3559322033898 3219.985125301671 740.390861690124 2630.2963890744672 398.3637847200312 2403.5316027558483 789.3288552332974 box 0
2519.201642297717 1934.7916821526844 2748.838207065557 1542.4306536494482 2162.064243877148 1199.0103152029506 1932.4276791093077 1591.3713437061865 box 0
2395.6935354926445 777.3637710434573 2625.365034822265 391.7678066881502 2043.968260788109 45.4719915307395 1814.2967614584895 431.0679558860466 box 0
2757.861746476147 1531.4263688351984 2983.0508474576272 1141.5254237288136 2403.2612630599924 806.665257556851 2178.0721620785125 1196.5662026632363 box 0
2166.8356657646673 1173.5868768382165 2392.6397862371373 785.7135154055587 1807.8091813635424 445.2488857359801 1582.0050608910735 833.1222471686382 box 0
1928.394987798565 1575.8241649738097 2154.199108271034 1187.9508035411518 1569.3685033974407 847.4861738715732 1343.5643829249718 1235.3595353042315 box 0
