1812.9411764705883 975.0588235294118 2315.294117647059 975.0588235294118 2315.294117647059 1489.1764705882354 1812.9411764705883 1489.1764705882354 box 0
766.0539531289596 1484.6771045043797 1275.440247458861 1479.583071758857 1280.4166351063345 1977.2052484367969 771.0303407764331 1982.2992811823196 box 0
1281.1764705882354 1480.9411764705883 1795.2941176470588 1480.9411764705883 1795.2941176470588 1990.3529411764707 1281.1764705882354 1990.3529411764707 box 0
1805.8823529411766 1499.764705882353 2312.9411764705883 1499.764705882353 2312.9411764705883 2011.529411764706 1805.8823529411766 2011.529411764706 box 0
2323.529411764706 1498.5882352941176 2827.0588235294117 1498.5882352941176 2827.0588235294117 2008.0 2323.529411764706 2008.0 box 0
2322.3529411764707 972.7058823529412 2836.470588235294 972.7058823529412 2836.470588235294 1486.8235294117646 2322.3529411764707 1486.8235294117646 box 0
783.5294117647059 960.9411764705883 1289.4117647058824 976.2352941176472 1272.9411764705883 1475.0588235294117 763.5294117647059 1458.5882352941176 box 0
1300.8888888888887 956.4057971014493 1806.6859903381642 969.4492753623186 1796.0579710144925 1473.7971014492753 1284.4637681159418 1463.6521739130433 box 0
3357.8937198067633 1483.9420289855072 3342.4347826086955 982.9758454106279 2837.1207729468597 984.9082125603865 2850.647342995169 1483.9420289855072 box 0
3351.613526570048 1508.0966183574878 2843.8840579710145 1492.1545893719806 2831.806763285024 1998.4347826086955 3339.536231884058 2004.231884057971 box 0
