798.5365634081597 1152.151363776591 846.0700470842648 438.91956677011575 205.78503197453063 396.2476367727256 158.2515482984257 1109.4794337792007 box 0
5241.009184208444 1324.9411192424955 5284.967239163185 700.9628450292612 4767.270257625052 664.4921002857029 4723.312202670311 1288.4703744989372 box 0
4715.823922728271 1265.2388231291227 4760.815022806507 647.0723928943255 4248.455784608154 609.7821023927279 4203.4646845299185 1227.948532627525 box 0
1452.8660031268553 1186.2512696650742 1473.892184441575 483.48568544948154 848.2469605354987 464.76688331687484 827.2207792207793 1167.5324675324675 box 0
2620.5527915600196 1050.3339018605043 2657.736568851714 431.9628953284415 2142.6929832812893 400.99238445541357 2105.509205989595 1019.3633909874765 box 0
1900.017800973541 2385.592714089511 1942.6309709933137 1896.499623322442 1034.7690141756166 1817.4004157264376 992.1558441558443 2306.4935064935066 box 0
2095.071910925926 1111.1142002125084 2116.7202120951943 412.88340177573843 1495.7335063256608 393.63001556202755 1474.0852051563922 1091.8608139987978 box 0
3148.1984846740243 1087.136581690444 3189.765183628309 468.63037586941135 2668.0648431152817 433.56951343284703 2626.4981441609975 1052.0757192538797 box 0
4193.55152498818 1165.351408671996 4243.604748744897 551.3392048736098 3722.3555528011266 508.84786272082624 3672.3023290444107 1122.8600665192125 box 0
3671.8733682874395 1092.8890424323458 3719.8395028610626 475.20722611596415 3200.8694532152463 434.9065622734647 3152.903318641623 1052.5883785898463 box 0
2720.727272727273 2641.5584415584417 2783.0534329566 1749.2130321106647 2239.534753299881 1711.2507901836502 2177.2085930705534 2603.596199631427 box 0
3287.4310112719118 2740.773621143762 3374.9606408867494 1844.803331238468 2829.800500416321 1791.5452425342169 2742.270870801483 2687.5155324395105 box 0
132.41558441558445 1129.8701298701299 190.08548908774551 415.2353494351049 -20.106770746313025 398.273164107269 -77.77667541847408 1112.907944542294 box 0
