3643.002997305987 1870.4200799698003 3859.2763267426894 1703.6256578139996 3247.4226804123714 910.2680412371134 3031.1493509756683 1077.0624633929137 box 0
2079.8718157426633 3055.176945882176 2297.251423392785 2889.6225429843716 1693.5384615384614 2096.9230769230767 1476.1588538883398 2262.4774798208805 box 0
2989.8505983266946 2388.249053991337 3212.3711340206187 2215.4226804123714 2598.45736339313 1424.9853282828453 2375.9368276992054 1597.8117018618111 box 0
3423.325067623276 2044.2529478765368 3641.174561974413 1874.8070282042468 3028.8659793814436 1087.5876288659795 2811.0164850303063 1257.033548538269 box 0
1825.6066255405112 3202.4677359048314 2052.675368716287 3031.0815165391846 1471.3764354834677 2260.9214729420455 1244.3076923076922 2432.3076923076924 box 0
3865.790046199559 1694.734469945094 4079.8606649419135 1531.3173437328308 3468.041237113402 729.8556701030927 3253.9706183710477 893.2727963153558 box 0
2310.461538461538 2898.4615384615386 2528.163368127029 2732.289410894897 1926.6420499385233 1944.2373261677606 1708.9402202730325 2110.4094537344026 box 0
2538.451559458308 2735.7912851527963 2763.917525773196 2558.721649484536 2148.9065915438587 1775.6171151756344 1923.44062522897 1952.6867508438945 box 0
2772.8399270047476 2560.2368249143697 2983.5051546391755 2394.8041237113403 2363.1102230240767 1604.7811201484478 2152.444995389649 1770.213821351478 box 0
3216.6575680223877 2215.5705638766294 3430.9278350515465 2049.443298969072 2816.932027316292 1257.5140166118076 2602.6617602871333 1423.6412815193653 box 0
