719.6983049251908 1933.4722852708715 1711.7837213594785 1259.840394970021 1595.6135118625289 1088.7517450330834 603.5280954282412 1762.3836353339339 box 0
828.4533591227092 2119.1512605736257 1833.1774872719889 1441.8744434832138 1716.816939262911 1269.2563245704173 712.0928111136315 1946.5331416608292 box 0
1312.4055230101405 2824.4021167311703 2312.921179936472 2164.1673109455996 2199.0699736634433 1991.6379116501776 1198.5543167371122 2651.872717435748 box 0
593.9345846760666 1768.170923749581 1586.3033287826497 1086.8489330236039 1465.9615517985426 911.5670256217566 473.5928076919594 1592.8890163477338 box 0
482.7315538949643 1583.3137010075545 1476.9272556044152 897.1784946084405 1360.0491563253727 727.8245497248674 365.85345461592175 1413.9597561239814 box 0
1415.5792724519747 3010.85134327091 2429.7384023226596 2347.573132729261 2317.0827529996855 2175.321499136316 1302.9236231290006 2838.599709677965 box 0
1185.8643489117578 2661.5627894647055 2199.939020810447 1979.0717586391524 2080.5187641863868 1801.6319798224035 1066.4440922876977 2484.1230106479566 box 0
938.5728417178918 2312.156111843844 1953.5776008730238 1621.4265526289166 1832.1891806820106 1443.050193087797 817.1844215268786 2133.779752302724 box 0
380.32663955243066 1398.5213490810233 1369.2537671948269 717.2172636297656 1245.5796447798448 537.7016886387034 256.65251713744857 1219.005774089961 box 0
1067.7418800894136 2489.455718225296 2078.6666666666665 1794.923076923077 1948.2394087662512 1605.0800947277162 937.3146221889981 2299.612736029935 box 0
