2048.951048951049 2735.664335664336 2277.3322819684345 2349.3149002957903 1693.3960442256587 2004.1349523763279 1465.0148112082734 2390.4843877448743 box 0
2291.6083916083917 2337.062937062937 2519.699135080589 1946.129398841266 1932.9433791427077 1603.7858966253605 1704.8526356705106 1994.7194348470323 box 0
1698.2164380243878 1984.4592484396396 1927.8124592334957 1591.038934524823 1341.0671835134174 1248.6204675471897 1111.4711623043097 1642.0407814620069 box 0
1459.1622655938816 2374.466384865984 1683.17148469406 1990.1588492509368 1101.3986013986014 1651.0489510489508 877.3893822984234 2035.3564866639977 box 0
2527.2727272727275 1939.160839160839 2759.2233378806454 1548.6070446647109 2171.007189436682 1199.2644016696813 1939.0565788287636 1589.8181961658095 box 0
2997.2027972027972 1133.5664335664337 3227.0719997898454 744.527606289389 2638.6414477857807 396.8449271240336 2408.7722451987324 785.8837544010781 box 0
2761.5384615384614 1532.8671328671333 2991.0504398565445 1144.700238294977 2400.991037758506 795.8149969351375 2171.479059440423 1183.9818915072933 box 0
2406.2937062937062 774.1258741258741 2633.6337639437256 387.47324193265234 2049.9808900717962 44.30299829304374 1822.6408324217773 430.9556304862654 box 0
1932.6453783140357 1577.7306248639993 2162.1290377688083 1184.67182754727 1581.1188811188813 845.4545454545454 1351.635221664109 1238.5133427712751 box 0
2169.806217474875 1174.3320234653977 2399.2898769296476 781.2732261486685 1818.2797202797208 442.0559440559441 1588.7960608249487 835.1147413726736 box 0
