1873.823529411765 250.05882352941174 3409.1176470588234 250.05882352941174 3409.1176470588234 -1.7058823529412308 1873.8235294117649 -1.7058823529412308 box 0
1872.9411764705883 263.2941176470588 3423.529411764706 263.2941176470588 3423.529411764706 551.5294117647059 1872.9411764705883 551.5294117647059 box 0
1882.3529411764707 571.5294117647059 3428.2352941176473 571.5294117647059 3428.2352941176473 855.0588235294118 1882.3529411764707 855.0588235294118 box 0
1883.5294117647059 876.235294117647 3435.294117647059 876.235294117647 3435.294117647059 1156.235294117647 1883.5294117647059 1156.235294117647 box 0
1887.0588235294117 1171.5294117647059 3438.823529411765 1171.5294117647059 3438.823529411765 1468.0 1887.0588235294117 1468.0 box 0
1889.4117647058824 1477.4117647058824 3441.1764705882356 1477.4117647058824 3441.1764705882356 1765.6470588235295 1889.4117647058824 1765.6470588235295 box 0
1894.1176470588236 1773.8823529411766 3448.2352941176473 1773.8823529411766 3448.2352941176473 2072.705882352941 1894.1176470588236 2072.705882352941 box 0
1903.5294117647059 2079.7647058823527 3445.8823529411766 2079.7647058823527 3445.8823529411766 2375.0588235294117 1903.5294117647059 2375.0588235294117 box 0
1903.5294117647059 2382.1176470588234 3448.2352941176473 2382.1176470588234 3448.2352941176473 2683.2941176470586 1903.5294117647059 2683.2941176470586 box 0
1908.235294117647 2693.882352941176 3452.9411764705883 2693.882352941176 3452.9411764705883 2988.0 1908.235294117647 2988.0 box 0
