2718.208877652435 1507.876904248504 3506.8717948717945 274.41025641025635 3362.434743198589 182.0590390289075 2573.771825979229 1415.525686867155 box 0
2852.3435131793026 1608.7134777514075 3636.5818786515047 361.0711421694137 3506.8717948717945 279.5384615384615 2722.6334293995933 1527.1807971204555 box 0
2578.184224344337 1422.750956850889 3357.6634545071943 183.70642300686993 3219.6843583679856 96.90418410469906 2440.205128205128 1335.948717948718 box 0
2286.44782426481 1238.4592605945784 3029.948717948718 66.71794871794867 2901.9904624946075 -14.474953094137916 2158.4895688107 1157.2663587824918 box 0
2996.989050913963 1706.7535320356787 3799.179487179487 453.89743589743586 3654.545720497016 361.2899730360867 2852.3552842314925 1614.1460691743296 box 0
637.0 2943.0 1493.9936594970357 1758.1505142808803 1357.8333333333335 1659.666666666667 500.8396738362976 2844.5161523857864 box 0
2422.3380704981832 1323.3150594149924 3201.8173006610405 84.27052557097247 3063.838204521832 -2.5317133311984037 2284.358974358974 1236.5128205128212 box 0
2143.422183239169 1151.8438759791943 2886.9230769230767 -19.89743589743597 2758.9648214689664 -101.09033770952256 2015.4639277850586 1070.650974167108 box 0
2013.2170550340404 1057.5361836715028 2660.411034284144 37.57248392701356 2524.5 -48.66666666666674 1877.3060207498966 971.2970330778222 box 0
1880.4478242648102 955.5361836715031 2463.577663606727 36.5361814530867 2316.166666666667 -57.0 1733.0368273247504 862.0000022184165 box 0
1742.5503883673746 856.1002862356057 2271.242619256199 22.89277638152405 2145.333333333333 -57.0 1616.641102444509 776.2075098540818 box 0
787.0 3047.166666666667 1641.941654043842 1865.1542119791857 1505.469276229919 1766.4446595063396 650.5276221860773 2948.4571141938204 box 0
974.5 3072.1666666666674 1777.7997788468986 1961.5524639856 1649.3026095632524 1868.611326173006 846.0028307163541 2979.2255288540723 box 0
1128.6666666666665 3126.333333333333 1900.9942627649698 2058.5401881882212 1768.1359428965854 1962.4446595063398 995.808346798282 3030.2378046514514 box 0
499.5 2859.666666666667 1355.7775392980172 1675.8072637096743 1207.8026095632513 1568.7779928396726 351.5250702652337 2752.637395796665 box 0
1320.3333333333335 3151.333333333334 2027.642968715589 2173.431748602016 1897.4692762299187 2079.2779928396726 1190.1596408476635 3057.1795775709907 box 0
347.7801957370445 2743.600788680587 1216.1666666666665 1543.0 1087.435519013124 1449.889627207033 219.04904808350193 2650.49041588762 box 0
216.6666666666656 2664.333333333334 1090.920228146415 1455.6209102853863 953.8026095632513 1356.4446595063396 79.54904808350193 2565.157082554287 box 0
85.49999999999909 2562.333333333334 959.7535614797484 1353.6209102853863 822.6359428965848 1254.4446595063396 -51.617618583164585 2463.157082554287 box 0
-41.50000000000091 2456.166666666667 832.7535614797484 1247.4542436187194 695.6359428965848 1148.2779928396726 -178.61761858316459 2356.9904158876207 box 0
