822.2564102564103 869.2820512820513 821.5887919121202 657.5592478095178 1.4262779066566218 660.1454384827402 2.093896250946753 871.8682419552738 box 0
846.9630037908646 2480.6076769325687 851.001185043066 2254.428421946797 15.378281797326753 2239.5092962205695 11.340100545125306 2465.6885512063413 box 0
814.5641025641027 658.7692307692307 813.7753518307856 429.20951837592764 -5.385807706723834 432.0240974610546 -4.597056973406884 661.5838098543576 box 0
849.5221319669272 1562.3646989653214 849.8887320513877 1334.425202043537 -1.438683845440341 1333.0559935176511 -1.8052839299009342 1560.9954904394358 box 0
840.2051282051283 1792.3589743589744 840.5317936263574 1564.8837326407556 4.0352477432894265 1563.6824832456414 3.708582322060406 1791.15772496386 box 0
832.5128205128207 2020.5641025641025 832.4615260572481 1793.4243582858014 -2.384843877380522 1793.612889756455 -2.3335494218078265 2020.752634034756 box 0
830.9066845235172 1338.6400021421005 835.0769230769232 1115.4358974358975 2.448204086747792 1099.8794613695613 -1.7220344666581369 1323.0835660757643 box 0
826.5784152154371 2238.7371381386424 824.8491011753605 2029.1570058626276 1.7435897435898369 2035.9487179487178 3.4729037836664762 2245.528850224733 box 0
829.9487179487181 1100.051282051282 830.0368402271836 870.7679212468798 -4.838247227598246 870.4470471342431 -4.926369506063606 1099.7304079386452 box 0
820.106451067608 435.94289356294246 819.4250340492945 185.00342224585918 -0.8205128205127039 187.23076923076917 -0.13909580219912354 438.1702405478525 box 0
