1880.159807052805 1111.8579069340587 2211.0997422281507 -9.602261535937146 2005.9399351753455 -70.14437899631149 1675.0 1051.3157894736842 box 0
2109.411763778282 1177.1598753217168 2451.0630031874516 29.22869277636676 2227.1775551986434 -37.404866755876085 1885.5263157894738 1110.5263157894738 box 0
3707.3271028037384 1711.9252336448594 4082.076948558888 562.3093881665202 3894.6491015344122 501.2119728526097 3519.8992557792626 1650.8278183309496 box 0
2283.3184270774022 1253.872514045281 2656.487231445035 108.26927949863558 2454.747751736054 42.554660190196884 2081.578947368421 1188.157894736842 box 0
2478.045521070053 1316.6313954234975 2848.684210526316 161.8421052631579 2657.48079471942 100.47386773439743 2286.842105263158 1255.2631578947369 box 0
3510.5263157894738 1650.0 3885.999194755275 498.1661137534353 3687.3859436396756 433.4224991683993 3311.9130646738745 1585.2563854149641 box 0
3307.210526315789 1575.6315789473683 3682.6834052815902 423.79769270080357 3484.070154165991 359.05407811576765 3108.59727520019 1510.8879643623327 box 0
3103.894736842105 1503.8947368421052 3479.367615807906 352.06085059554044 3280.754364692307 287.31723601050453 2905.2814857265057 1439.1511222570696 box 0
2888.736842105263 1438.7368421052631 3264.209721071064 286.90295585869836 3065.5964699554647 222.15934127366248 2690.1235909896636 1373.9932275202275 box 0
2886.736842105263 1436.7368421052631 3262.209721071064 284.90295585869836 3063.5964699554647 220.15934127366245 2688.1235909896636 1371.9932275202275 box 0
3101.894736842105 1501.8947368421052 3477.367615807906 350.06085059554044 3278.754364692307 285.31723601050453 2903.2814857265057 1437.1511222570696 box 0
2683.4210526315787 1374.2105263157894 3058.89393159738 222.3766400692246 2860.2806804817806 157.6330254841887 2484.8078015159795 1309.4669117307537 box 0
