1369.0093457943926 1330.6168224299065 1499.0802242320383 1197.8074886113527 651.8159055873024 368.0132939837567 521.7450271496564 500.8226278023104 box 0
1090.5046728971963 1599.7757009345792 1222.6895148855328 1466.2067287729276 385.18770810224737 637.3836705209396 253.00286611391078 770.9526426825917 box 0
1629.7570093457944 1070.8037383177568 1770.4037261627834 930.2180105689805 932.6871617561404 92.13802696248462 792.0404449391515 232.72375471126128 box 0
1231.6261682242991 1467.9999999999998 1364.9675138192001 1332.3201964664102 520.074726028604 501.9892387750185 386.7333804337029 637.669042308608 box 0
711.6883116883117 2034.883116883117 838.5360538577479 1906.2304357966382 0.6806863407792321 1080.1298000653853 -126.16705582865686 1208.7824811518644 box 0
827.2727272727273 1892.0259740259744 964.474250912763 1751.83498171844 107.1271040846089 912.7701252887264 -30.074419555426914 1052.9611175962605 box 0
954.9906542056075 1753.9813084112147 1098.2445748150997 1609.6703330949538 250.72963760218144 768.3633066211515 107.47571699268957 912.6742819374128 box 0
1497.006390534268 1197.734206665741 1623.214953271028 1069.8691588785045 783.0078806059194 240.5469251843265 656.7993178691594 368.41197297156305 box 0
1776.4859813084113 925.9439252336448 1899.8393727281248 801.7400423205862 1054.811003373066 -37.50195850141938 931.457611953352 86.70192441163896 box 0
1924.5499950634999 829.0565793043761 2060.5981308411215 692.2990654205606 1257.9739040475595 -106.16185043074721 1121.9257682699374 30.59566345306837 box 0
