789.0645293320114 1386.04902857993 1861.0740774995252 789.4384834153968 1751.7754685317582 593.0471300199235 679.7659203642444 1189.6576751844568 box 0
901.0012466325923 1597.0732774206451 1969.1832391015398 994.8864983476009 1858.8942688093023 799.2516951135348 790.7122763403547 1401.4384741865788 box 0
1119.9292087627318 2018.979982617977 2181.621060532441 1423.935312046613 2068.0520336078735 1221.3029443229411 1006.3601818381645 1816.3476148943048 box 0
1446.7180828027067 2630.9739499499656 2515.608980309992 2041.8613437307308 2407.038567740506 1844.8702684948582 1338.1476702332207 2433.9828747140928 box 0
1226.9688698195976 2230.0830389339208 2290.8015973780675 1632.8194596145029 2178.9131606674628 1433.526241461587 1115.0804331089928 2030.7898207810047 box 0
1552.3696292829848 2841.1286907773974 2622.81193146427 2246.540373111462 2513.659990315404 2050.033224048042 1443.2176881341188 2644.6215417139774 box 0
1012.5291820242353 1809.7823710767857 2079.795157943227 1207.483269487272 1965.2834312722734 1004.5700169237025 898.0174553532817 1606.869118513216 box 0
1665.9534585328256 3048.6016386649085 2740.7701734047005 2465.1742402058994 2629.6746771483267 2260.5090211251304 1554.8579622764519 2843.9364195841395 box 0
1339.188681177896 2433.796928464475 2403.251527159864 1841.3210551096295 2292.2777510120454 1642.0166152366971 1228.2149050300773 2234.492488591543 box 0
674.6808584378599 1174.0947448782822 1750.2799265081571 586.5484623956031 1643.4584913088438 390.9944446511367 567.8594232385466 978.5407271338158 box 0
