1607.9854014598538 803.6496350364962 1742.2919708029194 1070.802919708029 932.8029197080292 1503.6496350364962 802.1459854014598 1232.1167883211679 box 0
1758.3503649635034 1083.2116788321166 1894.1167883211676 1347.4452554744526 1083.897810218978 1779.5620437956204 948.8613138686131 1510.948905109489 box 0
1911.6350364963503 1355.4744525547444 2049.5912408759123 1625.5474452554743 1234.2627737226276 2043.7956204379561 1099.956204379562 1780.2919708029196 box 0
2075.868613138686 1632.1167883211679 2210.905109489051 1896.3503649635036 1386.817518248175 2307.2992700729924 1254.7007299270072 2041.6058394160582 box 0
2234.992700729927 1905.839416058394 2376.598540145985 2172.992700729927 1545.2116788321166 2574.4525547445255 1414.5547445255472 2304.3795620437954 box 0
3035.722627737226 1446.715328467153 3181.70802919708 1700.7299270072992 2394.116788321168 2172.2627737226276 2248.8613138686133 1899.2700729927005 box 0
2890.4671532846714 1179.5620437956204 3037.182481751825 1432.1167883211679 2235.7226277372265 1897.0802919708028 2099.2262773722628 1624.8175182481748 box 0
2741.5620437956204 915.3284671532846 2887.5474452554745 1172.2627737226276 2077.3284671532847 1624.0875912408758 1941.5620437956202 1346.715328467153 box 0
2589.7372262773724 652.5547445255474 2727.693430656934 912.4087591240874 1913.0948905109487 1349.6350364963503 1782.4379562043794 1070.802919708029 box 0
2424.7737226277372 385.40145985401455 2571.4890510948903 648.905109489051 1754.7007299270072 1070.802919708029 1618.2043795620436 805.8394160583941 box 0
