657.431628605518 835.8947292244083 662.4349610842362 575.1488157097261 2.744646457043098 562.4903240287655 -2.258686021675169 823.2362375434476 box 0
647.6764119137408 1103.220010068735 655.4177003239215 836.110104299077 -14.068028735029918 816.7072966787014 -21.809317145210535 1083.8172024483592 box 0
652.4882074533386 572.2378857118517 659.6617002970133 306.53264545851664 -17.394055098144552 288.2535380857556 -24.567547941819296 553.9587783390907 box 0
671.1206706924138 1892.637342913177 676.472228825153 1626.3245171194076 -18.456181327789828 1612.3599257635806 -23.807739460529014 1878.6727515573502 box 0
666.6872190274854 2154.2524145614066 671.4541677237306 1890.4774116010674 -1.9036827840468198 1878.3084710587102 -6.670631480291975 2142.0834740190494 box 0
645.0915928848997 1359.0721370715291 649.6983563605811 1095.2152455703467 -33.37539236690288 1083.2892383361545 -37.982155842584284 1347.146129837337 box 0
648.2371604773595 1633.251237312187 653.0256410256412 1369.2820512820513 -14.728630782849958 1357.168787648235 -19.51711133113166 1621.1379736783706 box 0
666.1161054243237 2415.2965576639726 670.579354891576 2151.279764082634 -19.84263492719232 2139.608061171476 -24.305884394444647 2403.624854752815 box 0
684.3432787950219 2676.630237521802 685.6052326755394 2409.030584614383 -7.663947206276853 2405.7612465480224 -8.925901086794246 2673.3608994554415 box 0
668.3255616708086 2946.032222359332 668.058934139302 2681.394214995541 7.929237027616584 2682.0593074868593 8.195864559123319 2946.6973148506504 box 0
