2932.5128205128203 1946.2051282051282 2932.2828891101603 407.46453041154354 2635.3245312721688 407.508904396247 2635.5544626748288 1946.249502189832 box 0
3545.3333333333335 1933.3846153846155 3546.617180588026 392.66628183862497 3246.2955315380896 392.41603030577664 3245.0116842833977 1933.1343638517674 box 0
2624.8205128205127 1943.6410256410254 2622.4235202712885 410.4302121836017 2317.9360655831747 410.90624206404186 2320.333058132399 1944.1170555214658 box 0
1102.5105739248324 1970.8343914831405 1394.0512820512822 1969.2820512820515 1385.9053886281774 439.4243981540484 1094.364680501728 440.9767383551377 box 0
1407.3224958096832 1960.3461726731023 1712.0 1959.025641025641 1705.4346019642292 444.2349191219119 1400.7570977739122 445.55545076937324 box 0
816.6549724016791 1978.4571616964467 1091.4871794871797 1976.974358974359 1083.2005946678066 441.0853555452478 808.3683875823059 442.5681582673357 box 0
806.871794871795 1974.4102564102561 806.3328339610468 446.68111953272734 506.8993150911982 446.78675538017103 507.4382760019463 1974.5158922577002 box 0
2026.9143093334974 1954.8296995111182 2312.0 1953.8974358974358 2307.0117340268694 428.4884965080745 2021.9260433603665 429.4207601217567 box 0
1710.8673606324037 1956.7467293186762 2019.6923076923078 1956.4615384615383 2018.2905160650434 438.50184850804703 1709.4655690051397 438.78703936518497 box 0
3240.205128205128 1933.3846153846155 3238.992655382526 394.0925708417709 2938.4848394570213 394.3292754756191 2939.697312279623 1933.6213200184643 box 0
