3283.0302305278915 2892.1647499614764 3287.318884536104 2389.7269347389056 2778.3504083576067 2385.3825370258282 2774.061754349394 2887.820352248399 box 0
1708.731213241483 2408.318941025272 1710.1995705516508 1912.9605027104424 1219.6237500611294 1911.5063221888392 1218.1553927509615 2406.864760503669 box 0
2769.034489151988 2904.16495313273 2769.131083065454 2413.1172184544434 2268.986831953969 2413.0188351668307 2268.8902380405034 2904.066569845117 box 0
1217.2446760012767 2941.458346797857 1213.6671615998225 2446.987801897591 707.9057764218189 2450.647005985346 711.4832908232729 2945.1175508856118 box 0
2761.387517042077 2387.4915352280264 2759.9055725896897 1889.7034552677142 2257.4090359974734 1891.1994170729993 2258.8909804498608 2388.9874970333117 box 0
2256.641152460335 2904.6734983287943 2254.7107267122024 2413.3192774669687 1753.5278058221352 2415.288318077455 1755.4582315702683 2906.6425389392807 box 0
3270.694408716874 2372.0661382871563 3269.2812546038394 1872.0348285640096 2766.0780972340535 1873.4569467348158 2767.491251347088 2373.4882564579625 box 0
1198.0810924690168 2433.6446187047413 1199.5844912048542 1936.9447554051085 707.0916576225359 1935.4540904017042 705.5882588866984 2432.153953701337 box 0
1726.6654399730721 2927.3041223305495 1727.0732254969073 2430.3350551671715 1233.2598037860832 2429.9298589926925 1232.852018262248 2926.8989261560705 box 0
2233.5426731382554 2391.4420349000247 2234.5320455477527 1891.2913653219994 1733.8537090028578 1890.3009491087641 1732.8643365933606 2390.4516186867895 box 0
