238.764705882353 2340.5882352941176 1432.8823529411766 2184.1176470588234 1467.0 2389.4117647058824 275.23529411764713 2552.3529411764707 box 0
216.4117647058824 2131.764705882353 1404.058823529412 1972.9411764705883 1439.3529411764707 2180.0 242.2941176470589 2339.4117647058824 box 0
184.64705882352948 1914.7058823529414 1388.1764705882354 1756.4705882352941 1405.235294117647 1966.470588235294 221.70588235294125 2123.529411764706 box 0
168.09756097560955 1702.4390243902437 1362.4065040650403 1545.5284552845528 1388.4227642276421 1754.4715447154472 196.5528455284551 1908.9430894308944 box 0
137.20325203252014 1486.9918699186992 1329.8861788617883 1338.2113821138212 1359.154471544715 1536.5853658536587 164.84552845528435 1692.6829268292681 box 0
111.18699186991851 1269.918699186992 1301.430894308943 1119.5121951219512 1329.8861788617883 1332.520325203252 139.64227642276404 1481.30081300813 box 0
89.23577235772339 1052.0325203252032 1278.6666666666665 905.6910569105692 1308.7479674796746 1111.3821138211383 113.62601626016242 1260.9756097560976 box 0
57.528455284552656 835.7723577235772 1251.8373983739834 688.6178861788618 1275.4146341463413 900.0 84.35772357723557 1043.9024390243903 box 0
28.260162601625826 626.829268292683 1233.951219512195 486.1788617886179 1248.5853658536582 682.9268292682927 55.902439024390056 834.959349593496 box 0
1.4308943089428972 407.3170731707317 1204.6829268292681 273.1707317073171 1229.073170731707 479.6747967479675 27.447154471544525 619.5121951219512 box 0
