2992.794199683771 2493.4096941376515 2995.581794987338 2099.826536523595 2588.1395451282406 2096.940782699506 2585.3519498246733 2490.5239403135624 box 0
3407.1827439126855 2493.189194601558 3407.6812862679008 2097.000064682156 3003.3206961813084 2096.4912398161664 3002.822153826093 2492.6803697355685 box 0
2993.6602464995462 2089.971383284828 2996.452212865375 1699.528728414323 2585.688191763393 1696.5914485938342 2582.8962253975646 2087.034103464339 box 0
3410.2687574417023 1686.9785516773356 3408.494408001018 1294.3056828431374 3001.679149815378 1296.1439367259848 3003.453499256062 1688.816805560183 box 0
3412.1589734639833 2089.6204443736488 3410.4825725838687 1696.2587240387381 3002.9725946817684 1697.995420952279 3004.648995561883 2091.3571412871893 box 0
2988.9425372765672 1689.7924677543683 2988.337548342901 1299.0029512056037 2577.9736591650826 1299.638243610378 2578.578648098749 1690.4277601591423 box 0
3403.530030400486 1284.7367965431138 3398.0654279314376 889.9662240230638 2993.8983723094752 895.5608970909194 2999.3629747785235 1290.3314696109694 box 0
2985.6872986412163 1289.7202603398753 2983.3205868333953 898.6281511583426 2574.142028751362 901.1043139399094 2576.508740559183 1292.1964231214422 box 0
3382.7020846035384 882.3130086603486 3377.5530367773927 484.86859223153914 2965.9287328097917 490.2013460454619 2971.0777806359374 887.6457624742714 box 0
2969.257908435227 887.480822291473 2964.938988371589 490.30418399541554 2554.8477197691186 494.7635384415591 2559.1666398327566 891.9401767376166 box 0
