1578.861433462722 3136.1711093591634 2029.948717948718 2253.897435897436 1836.5774034057476 2155.0309007185874 1385.4901189197521 3037.3045741803157 box 0
1314.9409134191653 3137.3738198070396 1845.3333333333335 2143.6410256410254 1658.7237948168824 2044.0405240837915 1128.3313749027152 3037.773318249807 box 0
1802.3886150061992 3189.520143301339 2227.3846153846152 2359.025641025641 2030.4051612645374 2258.223673127766 1605.4091608861218 3088.7181754034646 box 0
1091.647841777726 3095.118089405678 1647.897435897436 2048.769230769231 1460.8837613106903 1949.3508773920646 904.6341671909803 2995.6997360285113 box 0
880.3441469043571 3027.5879759311556 1454.5641025641025 1954.4102564102564 1275.430892894465 1858.5623256876468 701.2109372347197 2931.7400452085467 box 0
699.8049891560481 2925.560700374897 1263.2820512820513 1861.5897435897436 1073.3339943563228 1760.9936019465042 509.85693223031984 2824.9645587316572 box 0
332.5098991025245 2713.5233863362655 889.6628547099427 1655.0561244534374 711.9999999999999 1561.5384615384617 154.84704439258175 2620.0057234212895 box 0
508.4647653119684 2822.856504450829 1070.974358974359 1753.8974358974358 899.5838674598547 1663.7080183831713 337.07427379746434 2732.6670869365653 box 0
156.6637452563707 2600.7541555670355 714.8944745245327 1540.2393623480896 527.3846153846152 1441.5384615384614 -30.846113883546796 2502.0532547574076 box 0
-34.56702397439847 2497.2156940285745 523.6637052937637 1436.7009008096281 336.1538461538461 1338.0 -222.07688311431596 2398.514793218946 box 0
