3390.0820345274874 2544.337584994873 3560.6098591259865 2414.545928910246 2943.911848223977 1604.2922238124997 2773.3840236254778 1734.083879897127 box 0
1544.977413457692 771.7408848366836 1653.3983562958751 24.810197682534636 1436.6892869054673 -6.646270807752899 1328.268344067284 740.284416346396 box 0
3200.518911626244 2674.678125651622 3374.8946816865005 2542.8796874238083 2757.5604508615484 1726.1163529555554 2583.184680801292 1857.9147911833693 box 0
1993.3313498671491 855.2955374978563 2102.5172599486186 13.938343115621135 1886.525870591835 -14.091626288749806 1777.3399605103655 827.2655680934853 box 0
2214.833663918844 879.3993593018951 2332.8382304433176 13.419707230717448 2116.1171432710967 -16.112254504531847 1998.1125767466233 849.8673975666458 box 0
1324.4039368217066 732.5837425466962 1421.3396398232428 14.354619388184801 1206.0410014564916 -14.703134178776281 1109.1052984549553 703.5259889797351 box 0
3099.02705857828 1040.0485749725879 3255.8586311206645 27.899194147289847 3040.1195631258215 -5.529366827446097 2883.287990583437 1006.6200139978519 box 0
1764.4831723319119 805.5812175429651 1877.856251473834 23.296836819964938 1666.3558276070528 -7.355001417476729 1552.9827484651307 774.9293793055233 box 0
2435.703050910895 928.6943615608815 2567.9167506457748 11.627432452201845 2349.57527626806 -19.850896137297525 2217.36157653318 897.2160329713822 box 0
3318.4232615327355 1073.9597638083865 3485.1704502318826 71.80990067110986 3273.216898074198 36.54306059346902 3106.469709375051 1038.6929237307454 box 0
3021.6048493828694 2816.425525889456 3197.814089487738 2683.206388892629 2569.9916265997963 1852.7842618607879 2393.782386494928 1986.0033988576147 box 0
3579.837309099009 2416.633291688807 3753.968785258965 2283.504464463934 3133.047525190542 1471.3442595807237 2958.916049030586 1604.4730868055972 box 0
2658.2006722580327 963.1438775064157 2792.463908020016 6.764662697316851 2581.70335529934 -22.823384952704885 2447.4401195373566 933.555829856394 box 0
2883.6020781172783 982.5238353570162 3028.2911242019 13.230423626552012 2811.435362373444 -19.1402217705903 2666.7463162888225 950.1531899598737 box 0
3761.2040268592787 2284.052995969181 3932.6654793433613 2152.735905529251 3299.066717464452 1325.442492006893 3127.605264980369 1456.7595824468233 box 0
2849.620008060571 2972.74432556529 3023.867723391318 2842.737401051559 2390.5411377218993 1993.8925335655692 2216.293422391152 2123.8994580793 box 0
2666.0764998603686 3094.8272830401534 2839.9139138224787 2963.550233619549 2208.788724596418 2127.8125988568195 2034.9513106343081 2259.0896482774237 box 0
2440.726740636269 3175.0858595607824 2617.0316006558105 3043.6762196288996 2038.1142482858506 2266.975645566171 1861.809388266309 2398.3852854980532 box 0
2167.7589003284666 3206.099914471852 2359.7302992383757 3062.2642516705873 1855.9651772777352 2389.910168535961 1663.9937783678256 2533.7458313372254 box 0
1867.163106917891 3182.5865738851844 2048.049992144531 3045.756057066364 1663.215849926001 2537.013921662829 1482.3289646993605 2673.844438481649 box 0
