1502.6232263652573 3016.6101359332224 1675.2225404961082 3011.9570533912865 1647.0903814228286 1968.4356205975394 1474.4910672919777 1973.0887031394748 box 0
805.1768013968517 3020.290528498484 976.88437958754 3015.685534293209 949.0871222481678 1979.202202214406 777.3795440574795 1983.8071964196813 box 0
469.10163825231615 3026.9128003558462 629.055855774776 3021.7502539351444 595.2301402739901 1973.7081804791144 435.27592275153023 1978.870726899816 box 0
1153.4687902059795 3026.384801029735 1322.4230614468402 3022.266464208262 1296.3235334787128 1951.5364781145518 1127.3692622378521 1955.6548149360256 box 0
983.5223232403903 3016.2669128492225 1144.963835372129 3012.03790840933 1117.5890972002833 1967.0120193407183 956.1475850685445 1971.2410237806102 box 0
1328.959101913169 3030.34156412146 1490.81077856516 3026.5564931258045 1466.3820796511618 1981.9721558187252 1304.5304029991707 1985.7572268143808 box 0
297.5110941864415 3052.2062569046357 458.690871665263 3048.315666271842 434.3806345962123 2041.1887359237335 273.2008571173908 2045.0793265565273 box 0
639.6244138337214 3043.2431459695235 803.7619682157359 3038.8058860556766 775.7009888075748 2000.8093244284255 611.5634344255603 2005.2465843422724 box 0
116.81292986401809 3031.2382004684014 275.42857448509704 3027.549731599312 253.02564102564122 2064.153846153846 94.40999640456228 2067.842315022936 box 0
105.0529789395593 3126.6615820708607 81.43171498775034 2132.646744001868 -39.76054112878348 2135.526695247068 -16.13927717697451 3129.541533316061 box 0
