2522.25641025641 1576.974358974359 3229.0606998120347 661.2767616378198 3057.9134119032933 529.1724101668053 2351.1091223476697 1444.870007503345 box 0
2006.871794871795 1187.2307692307693 2723.3591116626667 257.5986503869559 2554.2540115046163 127.26574018309736 1837.766694713744 1056.8978590269107 box 0
2687.4183100744544 1711.5772171618462 3405.3141776027983 773.0174571648805 3241.2018277124102 647.4894057629583 2523.3059601840664 1586.049165759924 box 0
3027.3846153846152 1979.5384615384614 3752.342370349978 1037.0849933249888 3583.6534197384954 907.325416807559 2858.6956647731336 1849.7788850210322 box 0
2178.230834662487 1309.3559026412927 2884.7877166646085 396.31287922995546 2720.4830645684697 269.1659872360266 2013.9261825663482 1182.2090106473638 box 0
2865.647937463378 1837.5671102290785 3575.679571891058 904.4750626542082 3409.358300270902 777.9137393255214 2699.326665843222 1711.0057869003917 box 0
3199.648539493907 2103.976406428322 3923.5340621493 1156.9415471659686 3764.0906508605217 1035.0677048402106 3040.205128205128 1982.1025641025644 box 0
2345.404671704488 1449.8258966481465 3057.9415997414076 538.4952173734848 2886.8729222896523 404.74272479655565 2174.3359942527327 1316.0734040712173 box 0
1851.7654415612656 1035.5882943731867 2562.756438177267 105.84474005597883 2393.7845065588513 -23.37102218690734 1682.7935099428498 906.3725321303006 box 0
1672.7856875342063 911.8873315824358 2375.317584853418 19.280548198328574 2202.7312237817114 -116.55465488565837 1500.1993264624998 776.0521284984487 box 0
