2646.7038025672578 3033.490838778177 2861.240287011138 3027.638996281748 2840.205128205128 2256.4615384615386 2625.668643761247 2262.313380957967 box 0
2432.5737769272932 3043.4405860584734 2637.777041195748 3038.7137970509057 2619.7673668325574 2256.8629545821764 2414.5641025641025 2261.5897435897436 box 0
1769.0674287676215 3033.57651915209 1980.0125269099785 3031.123491221352 1970.974358974359 2253.897435897436 1760.0292608320017 2256.3504638281734 box 0
2212.8653826406176 3046.6071947379332 2414.2331801811065 3042.7645589937943 2399.1794871794873 2253.897435897436 2197.8116896389984 2257.740071641576 box 0
1987.7726231599424 3035.4470389724333 2204.8189518300046 3032.4550813168735 2194.051282051282 2251.3333333333335 1977.0049533812198 2254.3252909888924 box 0
712.4643542831997 3015.8899137673343 920.2791764326045 3014.580479663101 915.5800407821079 2268.800271016601 707.7652186327031 2270.1097051208344 box 0
1346.0312532500539 3045.008233825527 1344.1791588141741 2269.4096734681734 1135.2056699677196 2269.90869274918 1137.0577644035993 3045.5072531065334 box 0
1755.278824882633 3033.4180752248926 1753.025641025641 2251.3333333333335 1549.183803041535 2251.9206010731623 1551.436986898527 3034.005342964721 box 0
1541.332243812347 3056.608903057353 1537.6410256410254 2259.025641025641 1354.5203772903437 2259.873124037025 1358.2115954616654 3057.4563860687376 box 0
1136.2832416714912 3018.725155118785 1134.1746333616259 2264.1140289254768 912.1914729891533 2264.7343160115856 914.3000812990189 3019.345442204894 box 0
