1057.4022988505747 2961.3908045977014 1062.71571901547 2808.1052339970565 97.65408283203516 2774.652783528491 92.34066266713984 2927.938354129135 box 0
1068.3218390804598 2645.298850574713 1072.9112320938846 2484.601620935549 107.80389967502938 2457.038875401267 103.21450666160432 2617.73610504043 box 0
1078.0919540229886 2155.0689655172414 1080.2080993795123 2001.7048411733454 117.75115061317524 1988.4246896926852 115.63500525665162 2141.788814036581 box 0
1071.1954022988505 2477.4827586206898 1074.0497075924204 2322.048254344457 108.33493816488095 2304.31445198641 105.48063287131097 2459.748956262643 box 0
1075.7931034482758 2322.3103448275865 1079.086537073986 2163.8975116486627 115.43648797999674 2143.8630396212698 112.14305435428679 2302.2758728001936 box 0
1090.7356321839081 1841.2758620689656 1093.1125448159903 1677.6274114470468 129.40801293551783 1663.6300807866212 127.0311003034359 1827.2785314085409 box 0
1061.4252873563219 2802.195402298851 1066.3540145515087 2650.884899991864 101.98620446890718 2619.4719724075417 97.05747727372042 2770.782474714529 box 0
1089.5862068965516 1999.32183908046 1092.039112658459 1842.2581761431175 124.52710355827878 1827.1482790640991 122.074197796371 1984.2119420014417 box 0
1086.1379310344828 1676.9080459770116 1088.0444377999293 1524.1392203841986 124.03610306501105 1512.1087003812654 122.12959629956457 1664.8775259740787 box 0
1090.637634864509 1526.5294211885628 1093.8905839280992 1364.976255114974 122.02411501035198 1345.4072661756866 118.77116594676153 1506.9604322492753 box 0
