1090.9884824930145 1932.7162934620328 1106.6154935129966 1209.599350655562 471.3695297063871 1195.8712866466096 455.74251868640505 1918.9882294530805 box 0
1424.4173974134405 2890.747927592921 2076.7680466971374 2874.496994201788 2058.492875184826 2140.888670612646 1406.142225901129 2157.139604003779 box 0
520.839390309984 2841.1153020184597 1147.743543841012 2726.6872772769007 1017.0722359336073 2010.7928461748995 390.1680824025793 2125.2208709164584 box 0
3256.814190005853 1211.2556774357306 3316.3903678096935 588.3288506672648 2786.7893630031795 537.6782729884637 2727.2131851993395 1160.6050997569296 box 0
3796.8095919015936 1242.0071730202578 3841.603526246405 612.9801146273021 3319.7717729785923 575.8197143185541 3274.9778386337807 1204.8467727115099 box 0
1753.0498837382045 2022.257929931384 1784.735107657152 1299.2704682875035 1135.8998503773962 1270.8349953310671 1104.2146264584487 1993.8224569749475 box 0
1100.1411851910061 1091.293414506449 1165.6654044560491 476.15093963433264 662.806942555576 422.5870752243861 597.282723290533 1037.7295500965024 box 0
2712.336773032351 1179.5553141707412 2774.23007195525 553.9650447740116 2245.3002516563697 501.6349285965926 2183.4069527334714 1127.2251979933224 box 0
2423.7515915106806 2026.468721438962 2450.636034052176 1308.7015477832915 1798.759459343627 1284.2850810512723 1771.875016802131 2002.0522547069424 box 0
1638.2552506011539 1103.128678847768 1690.8177131915534 485.28892152956183 1170.7231276947443 441.0420891270856 1118.160665104345 1058.8818464452918 box 0
2180.2554323587287 1155.5780182547583 2229.922970959728 528.279223201832 1699.666852721227 486.2952174477565 1649.9993141202276 1113.5940125006825 box 0
3999.753727181354 2554.995811277632 4182.801038190608 1686.4777520369144 3661.474014060101 1576.6038019120651 3478.426703050847 2445.121861152783 box 0
