1446.200582580396 1552.7276665940117 1500.3089136135352 837.611692982228 870.428957813122 789.9526356863136 816.3206267799831 1505.0686092980973 box 0
2806.382978723404 1594.5106382978724 2843.0214999603772 876.8115820509074 2190.0307566197794 843.4764187826993 2153.392235382806 1561.1754750296643 box 0
2126.595744680851 1588.127659574468 2165.0669145291577 872.4560252514841 1531.617762540365 838.4047526458851 1493.1465926920591 1554.076386968869 box 0
3488.1683632326362 1672.1443842998706 3520.4196765787974 953.753468305749 2881.1874835589265 925.0558925165167 2848.936170212766 1643.4468085106382 box 0
1376.5957446808509 784.936170212766 1432.724844894267 161.39407718422825 929.2217093939795 116.07046829521057 873.0926091805633 739.6125613237483 box 0
3013.6020921337013 836.8716138192763 3048.936170212766 208.34042553191503 2521.8858057410594 178.71128528099644 2486.5517276619944 807.2424735683575 box 0
2614.8936170212764 2586.0 2658.045833776422 1850.7202188401895 2013.3490093986322 1812.8841490613881 1970.1967926434866 2548.163930221199 box 0
1938.2978723404253 2558.3404255319147 1995.530527265757 1829.1433380663764 1357.9976782730846 1779.105154731359 1300.7650233477527 2508.302242196897 box 0
1924.6031775653207 814.4620798172411 1965.3753036258922 185.36428097463642 1443.4837748820892 151.5402440140329 1402.7116488215177 780.6380428566376 box 0
2471.276595744681 809.404255319149 2509.2523733536727 178.99005113501602 1989.9103051778584 147.70519309543056 1951.9345275688663 778.1193972795635 box 0
3573.7630705083566 869.7135512652019 3603.361762883454 238.5806057648344 3088.2776010775456 214.42433605767906 3058.678908702447 845.5572815580465 box 0
