1095.2941176470588 331.5294117647058 1.1764705882352942 331.5294117647058 1.1764705882352942 0.9411764705881818 1095.2941176470588 0.9411764705881818 box 0
1095.2941176470588 343.2941176470588 3.5294117647058822 343.2941176470588 3.5294117647058822 640.9411764705883 1095.2941176470588 640.9411764705883 box 0
1096.4705882352941 652.7058823529412 1.1764705882352942 652.7058823529412 1.1764705882352942 938.5882352941177 1096.4705882352941 938.5882352941177 box 0
1087.0588235294117 958.5882352941177 1.1764705882352942 958.5882352941177 1.1764705882352942 1252.7058823529412 1087.0588235294117 1252.7058823529412 box 0
1081.1764705882354 1265.6470588235295 1.1764705882352942 1265.6470588235295 1.1764705882352942 1558.5882352941176 1081.1764705882354 1558.5882352941176 box 0
1087.0588235294117 1570.3529411764707 1.1764705882352942 1570.3529411764707 1.1764705882352942 1853.8823529411766 1087.0588235294117 1853.8823529411766 box 0
1102.3529411764707 1870.3529411764707 2.3529411764705883 1870.3529411764707 2.3529411764705883 2166.8235294117644 1102.3529411764707 2166.8235294117644 box 0
1101.1764705882354 2176.235294117647 2.3529411764705883 2176.235294117647 2.3529411764705883 2471.529411764706 1101.1764705882354 2471.529411764706 box 0
1102.3529411764707 2482.1176470588234 2.3529411764705883 2482.1176470588234 2.3529411764705883 2771.529411764706 1102.3529411764707 2771.529411764706 box 0
1101.1764705882354 2783.2941176470586 2.3529411764705883 2783.2941176470586 2.3529411764705883 3029.176470588235 1101.1764705882354 3029.176470588235 box 0
