-6.479635262910506 711.452244047193 933.0362110130776 669.6443848370355 921.4871263746659 410.1106934985835 -18.028719901322233 451.9185527087407 box 0
-15.674819737863743 1242.14952034884 960.0569306611437 1200.851256424204 949.1240196051122 942.5452786929079 -26.6077307938952 983.8435426175441 box 0
-11.633095586656282 444.50159859470966 911.8646563180104 407.18301915821866 901.3878353480088 147.92018656916974 -22.109916556657822 185.23876600566064 box 0
-9.66054129250142 2038.4749884282467 1007.2260015649881 1999.0596325609258 996.9320689643154 1733.4839120234137 -19.954473893174168 1772.899267890734 box 0
2.366372886697718 2554.6706201759357 1051.824616511044 2512.5637141560433 1041.4711643066005 2254.5177831443766 -7.987079317745837 2296.624689164269 box 0
7.067053462739466 1771.9301512367958 1008.6321366236314 1723.4055023287538 995.503872059111 1452.4337037436726 -6.061211101780771 1500.958352651715 box 0
19.79490558200814 2819.2911434981193 1056.7702952847958 2764.891502876318 1043.707282909813 2515.882094111744 6.7318932070254505 2570.2817347335454 box 0
-3.621820478179359 1509.4824752108811 970.9046999228449 1470.9186573487104 960.3746620461725 1204.819455025935 -14.15185835485164 1243.3832728881057 box 0
13.925238630030037 969.6316234911416 944.0784287467309 928.8499981404337 932.6982002051141 669.2881049787071 2.545010088413221 710.0697303294149 box 0
18.38352786022972 2295.900211058847 1022.9497521763918 2258.900984174593 1013.3749213127438 1998.9346957099517 8.80869699658166 2035.9339225942058 box 0
