1026.8444057848096 582.272146964319 1036.1927586180632 1.1942357899193894 821.2127596129147 -2.2643518523657367 811.8644067796611 578.8135593220339 box 0
1897.356807011159 580.7503745454442 1912.0316760471064 -2.656718288768161 1700.268089374931 -7.983364020653026 1685.5932203389832 575.4237288135594 box 0
591.2329275613431 570.7389588152186 599.7082579958287 -0.9279231310395629 384.4763238244609 -4.118875449189147 376.0009933899754 567.5480064970687 box 0
2340.4591275101275 593.7114970417966 2355.2762487335635 2.0195279917782045 2132.613731392928 -3.556375829679314 2117.7966101694915 588.135593220339 box 0
808.7515782524123 579.0368144002798 818.3790500570201 0.21336067809875203 601.1528955334215 -3.3997249086216383 591.5254237288136 575.4237288135594 box 0
1685.340750387171 578.1078676834205 1696.739356898117 -5.803330682854892 1472.4155556634885 -10.18238480695349 1461.0169491525423 573.728813559322 box 0
1244.2487257389807 577.9178548682193 1255.2454640629585 1.2511854397195066 1035.5730095104182 -2.93785586917769 1024.5762711864406 573.728813559322 box 0
2551.121825170324 591.736724793558 2561.4219275229416 -5.335457539131653 2352.67298370855 -8.936589112350608 2342.3728813559323 588.135593220339 box 0
1461.5769534924104 578.5491864769173 1474.543458292949 -1.977766091347064 1258.7292166649454 -6.798139008942204 1245.7627118644068 573.728813559322 box 0
2111.062741514251 590.7325557892465 2127.482881486455 2.5476620577479157 1913.03030946373 -3.439131019634013 1896.6101694915255 584.7457627118645 box 0
