1439.171905203517 1845.634438718183 1447.1480546123964 1331.4303053657027 1286.2354434292954 1328.9342868677545 1278.259294020416 1843.1384202202348 box 0
1598.2517356459769 1847.6964114417046 1602.9835733380262 1339.133646431807 1446.6248512680856 1337.6788326989204 1441.8930135760363 1846.241597708818 box 0
1756.3296608677767 1850.5235439642254 1757.9046616353887 1335.5517093023857 1598.2343039759733 1335.0633700982748 1596.6593032083613 1850.0352047601143 box 0
1911.1719665489952 1853.9815950525021 1914.5256088997592 1341.816778208944 1757.0849914588173 1340.7858610021854 1753.7313491080533 1852.9506778457435 box 0
2076.138688383533 1854.321894939718 2076.1656326825478 1343.1599541215398 1915.663069428967 1343.151493732157 1915.6361251299518 1854.3134345503352 box 0
2551.5225382229155 1839.066923048384 2550.5199303690224 1335.2538642654947 2386.549605331772 1335.5801716781782 2387.552213185665 1839.3932304610678 box 0
2378.8663693755902 1321.21007277662 2382.4193365003816 743.0823642105761 2217.8026980072223 742.0706889421299 2214.249730882431 1320.198397508174 box 0
2524.6611042123322 1317.9978166783421 2524.1400310488134 753.037073699365 2360.9267864126678 753.1876081263454 2361.4478595761866 1318.1483511053225 box 0
2403.658514330004 1842.2281994201485 2402.9520302137676 1334.6099776701312 2239.843438794996 1334.8369861267265 2240.5499229112324 1842.4552078767438 box 0
2227.9233373209345 1316.4050242342178 2225.4655868859672 742.2503572165099 2063.1445337728155 742.945195492345 2065.6022842077828 1317.0998625100526 box 0
2241.73829947423 1837.6819196462673 2240.1416273115237 1334.4943283404762 2067.01902474452 1335.0436662912327 2068.6156969072263 1838.2312575970238 box 0
1463.2654590144755 1315.2178366885103 1461.3836863366794 738.6496184326113 1306.3600292667745 739.1555763974272 1308.2418019445706 1315.7237946533262 box 0
1273.89546134204 1829.7845105845154 1283.7845283218685 1335.2670760653878 1120.7470557478036 1332.0067491811096 1110.8579887679753 1826.5241837002372 box 0
1761.6804978888163 1317.5224967428496 1758.4330383252936 739.808372674164 1604.3469679314962 740.6745247415254 1607.5944274950189 1318.388648810211 box 0
2668.2681459927385 1324.2717058863645 2671.4104140840986 754.315432453137 2518.6593442416365 753.473289230823 2515.5170761502764 1323.4295626640503 box 0
2713.6103518006034 1839.0238950356784 2711.9002409744885 1339.8677668330479 2547.340453863459 1340.4315493002591 2549.050564689574 1839.5876775028896 box 0
2068.425371348187 1326.419003135425 2066.156039249418 751.8422772877183 1908.3254831440001 752.4656404192623 1910.5948152427698 1327.042366266969 box 0
1617.916585899574 1325.6204439000294 1618.60469325166 735.5859482900238 1462.6677646863634 735.4040922327832 1461.9796573342776 1325.4385878427888 box 0
1920.1532208199358 1316.0910981676714 1917.469844167944 737.4020070321842 1752.7396014456892 738.1658598401411 1755.422978097681 1316.8549509756283 box 0
2062.173404907946 707.7846305798063 2060.0694864812212 438.8591292985403 1907.5590169670538 440.0522834826937 1909.6629353937785 708.9777847639597 box 0
1300.84216534599 1334.9244023207464 1300.756279049699 731.0229344290567 1152.765988950885 731.0439814683161 1152.851875247176 1334.9454493600058 box 0
2374.82142665416 708.8809011050464 2373.9035986326444 435.05365818402055 2215.69712803334 435.58394264495354 2216.6149560548556 709.4111855659794 box 0
2211.997933394312 712.0402639646595 2211.8019095676545 437.71208692968946 2062.879752152563 437.81850068377815 2063.0757759792205 712.146677718748 box 0
2668.1270444729907 731.2896435397907 2671.8952178438276 442.71814508558157 2520.6509096285718 440.74319337427175 2516.882736257735 729.3146918284809 box 0
1921.7449010064506 714.1036716937961 1920.9007752031043 438.8110892083894 1759.5378138372996 439.30587420464144 1760.381939640646 714.5984566900481 box 0
2508.477398410696 715.8663159959934 2511.084365765406 438.5025983565182 2359.1811709252415 437.07484611338157 2356.5742035705316 714.4385637528568 box 0
1612.7272727272725 713.6363636363635 1613.91836038637 431.3610599979734 1459.271724246982 430.7085137161969 1458.0806365878843 712.9838173545871 box 0
1451.4585612415567 705.0324694073217 1451.740939713674 434.8057263816406 1311.8523518443808 434.65954719424076 1311.5699733722636 704.8862902199219 box 0
1766.8462288250598 702.0006185988441 1765.5216237890033 434.3172096457393 1618.6753949639428 435.04386377416796 1619.9999999999998 702.7272727272726 box 0
1302.696317906695 717.3605677300123 1300.2654480256663 437.2876817416628 1154.340303187055 438.55422719186265 1156.7711730680837 718.6271131802122 box 0
