192.86956521739143 430.4347826086956 922.4347826086956 430.4347826086956 922.4347826086956 1221.7391304347825 192.86956521739143 1221.7391304347825 box 0
941.5652173913044 440.86956521739125 1665.913043478261 440.86956521739125 1665.913043478261 1226.9565217391303 941.5652173913044 1226.9565217391303 box 0
1684.1739130434783 430.4347826086956 2418.086956521739 430.4347826086956 2418.086956521739 1226.9565217391303 1684.1739130434783 1226.9565217391303 box 0
2435.478260869565 434.78260869565213 3165.9130434782605 434.78260869565213 3165.9130434782605 1239.1304347826085 2435.478260869565 1239.1304347826085 box 0
3184.173913043478 445.21739130434776 3919.8260869565215 445.21739130434776 3919.8260869565215 1246.086956521739 3184.173913043478 1246.086956521739 box 0
3174.957859305271 1324.3876262084832 3912.0 1339.1304347826085 3895.9986624338594 2139.090634661082 3158.9565217391305 2124.3478260869565 box 0
2427.028735832578 1299.668118090999 3165.6152880025134 1321.832364328959 3141.565217391304 2123.260869565217 2402.9786652213684 2101.096623327257 box 0
1677.7311854748257 1301.474469697834 2412.404829906864 1316.1699020297046 2396.3478260869565 2118.9130434782605 1661.6741816549181 2104.21761114639 box 0
931.361014452726 1285.289838598225 1661.917119228831 1299.9029091551145 1645.913043478261 2099.9999999999995 915.356938702156 2085.3869294431106 box 0
175.88834234456368 1272.0823060885514 907.9197988571956 1286.7248876150722 892.0 2082.6086956521735 159.96854348736815 2067.9661141256533 box 0
167.06815933771398 2142.8932106827137 914.1893473845198 2165.3135728363654 890.4255358728929 2957.202970849303 143.30434782608708 2934.782608695652 box 0
930.2608695652174 2146.086956521739 1661.062278718052 2168.017578377666 1637.217391304348 2962.6086956521735 906.415982151513 2940.6780737962467 box 0
1675.144517137008 2155.8491666269074 2414.092509098006 2178.024259312729 2390.2608695652175 2972.173913043478 1651.3128776042195 2949.9988203576563 box 0
2426.6082127772306 2174.4728572750614 3167.6521739130435 2204.1304347826085 3135.875283022586 2998.128969964821 2394.8313218867734 2968.4713924572743 box 0
3184.1739130434785 2197.391304347826 3910.524316180618 2226.460825872109 3878.6499544347907 3022.894832688511 3152.299551297651 2993.8253111642275 box 0
