197.7142857142858 423.57142857142856 933.4285714285714 423.57142857142856 933.4285714285714 1214.2857142857142 197.7142857142858 1214.2857142857142 box 0
948.4285714285714 407.1428571428571 1684.8571428571427 407.1428571428571 1684.8571428571427 1199.9999999999998 948.4285714285714 1199.9999999999998 box 0
1698.4285714285713 395.7142857142856 2435.5714285714284 395.7142857142856 2435.5714285714284 1190.0 1698.4285714285713 1190.0 box 0
2449.1428571428573 393.57142857142856 3181.285714285714 393.57142857142856 3181.285714285714 1187.142857142857 2449.1428571428573 1187.142857142857 box 0
3199.8571428571427 387.1428571428571 3935.5714285714284 387.1428571428571 3935.5714285714284 1182.8571428571427 3199.8571428571427 1182.8571428571427 box 0
3163.4285714285716 1239.2857142857142 3902.714285714286 1239.2857142857142 3902.714285714286 2036.4285714285716 3163.4285714285716 2036.4285714285716 box 0
2414.8571428571427 1237.142857142857 3150.5714285714284 1237.142857142857 3150.5714285714284 2037.8571428571427 2414.8571428571427 2037.8571428571427 box 0
1664.8571428571427 1247.8571428571427 2403.4285714285716 1247.8571428571427 2403.4285714285716 2045.7142857142856 1664.8571428571427 2045.7142857142856 box 0
922.7142857142858 1248.5714285714284 1651.9999999999998 1248.5714285714284 1651.9999999999998 2047.1428571428567 922.7142857142858 2047.1428571428567 box 0
167.0000000000001 1251.4285714285713 897.7142857142858 1251.4285714285713 897.7142857142858 2046.4285714285713 167.0000000000001 2046.4285714285713 box 0
166.2857142857144 2093.5714285714284 891.2857142857143 2093.5714285714284 891.2857142857143 2889.285714285714 166.2857142857144 2889.285714285714 box 0
918.230899513826 2079.991804619642 1647.453448888056 2094.578200511777 1631.2857142857142 2902.8571428571427 902.0631649114843 2888.2707469650077 box 0
1665.5714285714284 2084.285714285714 1654.142857142857 2882.142857142857 2387.0 2900.7142857142853 2396.285714285714 2099.285714285714 box 0
3151.285714285714 2116.428571428571 2412.0 2093.5714285714284 2403.4285714285716 2899.9999999999995 3144.142857142857 2919.9999999999995 box 0
3894.142857142857 2923.5714285714284 3154.142857142857 2904.285714285714 3166.285714285714 2102.142857142857 3913.428571428571 2122.8571428571427 box 0
