914.0882361743703 1229.479920049022 188.92764532102518 1222.2280724106226 196.93538587287367 421.480709872238 922.0959767262189 428.7325575106374 box 0
1665.2456184586533 1243.6727149975145 936.1482165800454 1236.3814979365395 944.2032004389844 430.9099621678398 1673.3006023175922 438.20117922881496 box 0
1641.5609281390296 2101.7465318000463 918.6278934115799 2087.28594297557 934.6456692913385 1286.5039370078741 1657.5787040187884 1300.9645258323505 box 0
888.8246346818336 2089.2606897799806 161.98605375292448 2074.7219796150184 177.88582851990958 1279.8392425909435 904.7244094488188 1294.3779527559054 box 0
1681.1023622047244 1306.976377952756 1666.1417322834645 2105.4015748031497 2398.4251968503936 2121.9370078740158 2414.1732283464567 1328.236220472441 box 0
3144.0944881889764 2129.8110236220473 2412.5984251968503 2122.7244094488187 2423.6220472440946 1309.3385826771653 3170.0787401574803 1329.8110236220473 box 0
3179.527559055118 1325.0866141732283 3159.8425196850394 2125.8740157480315 3907.086614173228 2143.984251968504 3921.259842519685 1344.7716535433071 box 0
3183.464566929134 440.04724409448835 3931.496062992126 440.04724409448835 3931.496062992126 1247.1338582677165 3183.464566929134 1247.1338582677165 box 0
2437.064637634697 428.44126607044973 3176.3779527559054 435.83464566929143 3168.351551777859 1238.4479886256001 2429.038236656651 1231.0546090267583 box 0
1687.4947361328807 430.3587029821411 2422.126047131606 437.7052609790274 2414.1732283464567 1232.9606299212599 1679.5419173477314 1225.6140719243735 box 0
