421.4705882352942 171.5686274509804 601.8627450980393 171.5686274509804 601.8627450980393 1072.549019607843 421.4705882352942 1072.549019607843 box 0
610.686274509804 169.6078431372549 802.843137254902 169.6078431372549 802.843137254902 1076.4705882352941 610.686274509804 1076.4705882352941 box 0
809.7058823529412 166.66666666666666 1002.8431372549021 166.66666666666666 1002.8431372549021 1070.5882352941176 809.7058823529412 1070.5882352941176 box 0
1009.7058823529412 166.66666666666666 1200.8823529411766 166.66666666666666 1200.8823529411766 1070.5882352941176 1009.7058823529412 1070.5882352941176 box 0
1209.7058823529412 167.64705882352942 1401.8627450980393 167.64705882352942 1401.8627450980393 1068.627450980392 1209.7058823529412 1068.627450980392 box 0
1407.7450980392157 169.6078431372549 1604.8039215686274 169.6078431372549 1604.8039215686274 1066.6666666666667 1407.7450980392157 1066.6666666666667 box 0
1610.686274509804 167.64705882352942 1803.8235294117649 167.64705882352942 1803.8235294117649 1062.7450980392157 1610.686274509804 1062.7450980392157 box 0
1807.7450980392157 153.92156862745097 2001.8627450980396 153.92156862745097 2001.8627450980396 1058.8235294117646 1807.7450980392157 1058.8235294117646 box 0
2002.6962915042309 155.93388847645872 2194.8147241578085 152.09100742558292 2212.9899830055733 1060.732778190208 2020.871550351995 1064.5756592410837 box 0
2199.48950159711 156.9484210293915 2400.7348130959 152.92297805937318 2418.7943311066333 1055.7784785986091 2217.549019607843 1059.8039215686274 box 0
406.78519540327704 1125.6077075190326 600.7655164254912 1121.7275837349541 618.529411764706 2009.8039215686274 424.5490907424918 2013.6840453527059 box 0
800.9395173088958 1126.430746839098 995.0000000000001 1122.549019607843 1012.6830877550814 2006.5855169664362 818.6226050639772 2010.4672441976913 box 0
609.7058823529412 1125.4901960784312 797.9411764705883 1123.5294117647059 813.6274509803923 2010.7843137254902 628.3333333333334 2014.7058823529412 box 0
1209.7058823529412 1117.6470588235295 1399.9019607843138 1117.6470588235295 1399.9019607843138 2011.764705882353 1209.7058823529412 2011.764705882353 box 0
1410.686274509804 1116.6666666666667 1596.9607843137255 1116.6666666666667 1596.9607843137255 2010.7843137254902 1410.686274509804 2010.7843137254902 box 0
1003.2550303479603 1116.6822214572828 1200.8823529411766 1114.7058823529412 1209.8134005766335 2007.7808755413666 1012.1860779834172 2009.757214645708 box 0
1817.7226360348577 1101.2957989650465 2004.1371971975907 1105.0245873733475 1986.1764705882351 2002.9411764705883 1799.7619094255024 1999.2123880622876 box 0
1613.1474296696965 1109.8284685785525 1806.764705882353 1111.764705882353 1797.773747825642 2010.8305414934723 1604.1564716129851 2008.894304189672 box 0
2013.5698550294458 1107.959124970387 2203.823529411765 1111.764705882353 2185.898978370353 2007.8727577592983 1995.645303988034 2004.0671768473326 box 0
2213.651010142255 1106.882303842555 2408.7254901960787 1110.7843137254902 2390.6797866823285 2012.9491815146864 2195.605306628504 2009.047171631751 box 0
2442.0588235294117 87.2549019607843 3347.9411764705883 87.2549019607843 3347.9411764705883 285.29411764705884 2442.0588235294117 285.29411764705884 box 0
2431.274509803922 290.19607843137254 3345.0 290.19607843137254 3345.0 481.37254901960785 2431.274509803922 481.37254901960785 box 0
2438.1372549019607 494.11764705882354 3346.9607843137255 494.11764705882354 3346.9607843137255 684.313725490196 2438.1372549019607 684.313725490196 box 0
2435.1960784313724 696.0784313725491 3343.0392156862745 696.0784313725491 3343.0392156862745 890.1960784313725 2435.1960784313724 890.1960784313725 box 0
2441.078431372549 897.0588235294117 3349.901960784314 897.0588235294117 3349.901960784314 1088.235294117647 2441.078431372549 1088.235294117647 box 0
2430.294117647059 1099.0196078431372 3343.0392156862745 1099.0196078431372 3343.0392156862745 1288.235294117647 2430.294117647059 1288.235294117647 box 0
2427.3529411764707 1300.0 3338.1372549019607 1300.0 3338.1372549019607 1492.1568627450981 2427.3529411764707 1492.1568627450981 box 0
2422.450980392157 1504.9019607843134 3330.294117647059 1504.9019607843134 3330.294117647059 1690.1960784313726 2422.450980392157 1690.1960784313726 box 0
2433.2352941176473 1702.9411764705883 3334.2156862745096 1702.9411764705883 3334.2156862745096 1887.2549019607843 2433.2352941176473 1887.2549019607843 box 0
2421.470588235294 1900.9803921568628 3318.529411764706 1900.9803921568628 3318.529411764706 2085.294117647059 2421.470588235294 2085.294117647059 box 0
