377.36434108527146 349.61240310077517 371.16279069767455 487.5968992248062 1350.2325581395348 530.2325581395348 1355.6589147286822 393.0232558139535 box 0
376.3005780346821 497.6300578034683 370.5202312138728 634.6242774566475 1344.5086705202311 672.7745664739886 1352.6011560693642 537.5144508670521 box 0
369.9421965317919 652.5433526011561 367.05202312138726 788.9595375722544 1339.3063583815028 827.6878612716764 1345.6647398843932 687.2254335260117 box 0
360.6936416184971 799.942196531792 365.3179190751445 933.4682080924856 1341.6184971098266 976.820809248555 1341.0404624277458 835.7803468208093 box 0
361.84971098265896 958.9017341040463 357.22543352601156 1091.849710982659 1332.3699421965318 1120.1734104046243 1335.2601156069363 983.7572254335261 box 0
351.4450867052023 1112.6589595375724 356.0693641618497 1241.5606936416186 1326.5895953757226 1271.0404624277458 1332.3699421965318 1131.156069364162 box 0
358.3815028901734 1269.306358381503 356.0693641618497 1404.5664739884394 1327.1676300578035 1416.705202312139 1326.5895953757226 1277.3988439306358 box 0
357.8034682080925 1421.3294797687863 359.53757225433526 1553.121387283237 1330.635838150289 1556.0115606936417 1330.057803468208 1424.2196531791908 box 0
356.0693641618497 1572.7745664739887 363.0057803468208 1696.4739884393064 1336.4161849710983 1699.942196531792 1334.1040462427745 1566.4161849710983 box 0
386.1271676300578 1713.8150289017342 390.1734104046243 1843.2947976878613 1353.757225433526 1843.8728323699422 1357.2254335260116 1709.1907514450868 box 0
1854.913294797688 1715.5491329479767 1863.5838150289017 1843.2947976878613 2842.7745664739887 1779.7109826589597 2835.8381502890174 1641.5606936416186 box 0
2836.416184971098 1637.5144508670521 2834.1040462427745 1501.0982658959538 1846.820809248555 1561.21387283237 1858.3815028901734 1693.5838150289019 box 0
2837.5722543352604 1487.2254335260116 2827.7456647398844 1355.4335260115608 1842.7745664739884 1413.2369942196533 1849.1329479768785 1545.6069364161851 box 0
2831.791907514451 1340.4046242774568 2827.1676300578033 1213.2369942196533 1836.4161849710983 1261.21387283237 1850.2890173410406 1392.4277456647399 box 0
2830.635838150289 1196.4739884393064 2825.433526011561 1061.21387283237 1842.1965317919075 1096.4739884393061 1850.2890173410406 1236.3583815028903 box 0
2827.7456647398844 1049.6531791907514 2824.8554913294797 915.549132947977 1841.0404624277458 946.7630057803469 1845.0867052023123 1085.4913294797686 box 0
2828.901734104046 900.5202312138728 2826.0115606936415 768.7283236994219 1839.3063583815028 792.42774566474 1849.1329479768785 934.6242774566475 box 0
2825.433526011561 758.9017341040463 2822.543352601156 624.2196531791908 1835.2601156069363 623.6416184971099 1836.4161849710983 763.5260115606937 box 0
2818.4971098265896 611.5028901734105 2818.4971098265896 475.66473988439316 1838.150289017341 473.35260115606945 1834.1040462427745 612.0809248554914 box 0
2815.0289017341042 465.2601156069365 2813.8728323699424 331.73410404624286 1826.0115606936417 324.79768786127175 1832.9479768786127 461.79190751445094 box 0
