1209.3333333333333 961.3333333333334 1256.0 1845.3333333333333 1430.6666666666667 1842.6666666666667 1389.3333333333333 942.6666666666666 box 0
1637.3333333333333 1832.0 1448.0 1836.0 1405.3333333333333 949.3333333333334 1593.3333333333333 936.0 box 0
1832.0 1820.0 1645.3333333333333 1830.6666666666667 1608.0 933.3333333333334 1794.6666666666667 928.0 box 0
2028.8288288288286 1807.027027027027 1842.3423423423421 1819.6396396396397 1809.0090090090089 925.0450450450451 2001.8018018018017 913.3333333333333 box 0
2225.225225225225 1799.8198198198197 2036.9369369369367 1810.6306306306305 2012.6126126126126 917.8378378378379 2204.5045045045044 906.1261261261262 box 0
2420.7207207207207 1792.6126126126128 2236.036036036036 1800.7207207207207 2209.009009009009 909.7297297297298 2404.5045045045044 903.4234234234235 box 0
2436.036036036036 1805.2252252252251 2418.0180180180178 915.1351351351352 2608.108108108108 904.3243243243244 2611.7117117117114 1795.3153153153153 box 0
2815.3153153153153 1798.018018018018 2628.8288288288286 1794.4144144144143 2618.0180180180178 912.4324324324325 2810.8108108108104 903.4234234234235 box 0
3212.6126126126123 1787.2072072072071 3031.531531531531 1791.7117117117116 3027.0270270270266 898.918918918919 3208.108108108108 890.8108108108108 box 0
3024.324324324324 1783.6036036036035 2827.0270270270266 1795.3153153153153 2818.9189189189187 905.2252252252252 3017.117117117117 894.4144144144144 box 0
