984.6747345983274 200.57598060173638 1597.4248927038627 212.83261802575112 1594.295222483218 369.29526403345676 981.5450643776824 357.0386266094421 box 0
965.6532789378413 362.38165151832504 1581.378153549307 374.69779120630517 1578.1115879828326 538.0042918454935 962.3867133713673 525.6881521575134 box 0
1570.8154506437768 542.4463519313305 1570.8154506437768 695.6652360515021 953.2188841201717 689.2274678111588 954.077253218884 530.8583690987125 box 0
951.5021459227468 696.9527896995708 948.4978540772532 855.7510729613734 1563.0901287553647 858.3261802575107 1562.6609442060085 705.9656652360514 box 0
949.7854077253219 860.4721030042919 947.6394849785407 1022.7038626609442 1560.5150214592275 1026.5665236051502 1562.6609442060085 870.7725321888412 box 0
1559.2274678111587 1035.579399141631 1557.0815450643777 1184.5064377682402 942.9184549356223 1185.7939914163092 942.0600858369098 1026.9957081545065 box 0
943.3476394849785 1191.802575107296 1554.0772532188842 1191.802575107296 1554.0772532188842 1350.600858369099 943.3476394849785 1350.600858369099 box 0
941.6309012875536 1360.9012875536482 1552.3605150214592 1360.9012875536482 1552.3605150214592 1513.6909871244636 941.6309012875536 1513.6909871244636 box 0
944.206008583691 1520.128755364807 1554.5064377682404 1520.128755364807 1554.5064377682404 1676.7811158798283 944.206008583691 1676.7811158798283 box 0
945.0643776824035 1683.648068669528 1554.9356223175964 1683.648068669528 1554.9356223175964 1837.2961373390558 945.0643776824035 1837.2961373390558 box 0
2380.257510729614 1700.3862660944208 2385.8369098712446 1850.1716738197426 2997.8540772532187 1842.0171673819743 2992.703862660944 1687.0815450643777 box 0
2375.9656652360513 1536.8669527896993 2379.3991416309013 1690.0858369098712 2993.1330472103004 1676.7811158798283 2992.703862660944 1525.2789699570817 box 0
2372.961373390558 1375.0643776824036 2376.824034334764 1528.7124463519315 2993.5622317596567 1511.9742489270386 2992.274678111588 1351.4592274678112 box 0
2369.9570815450643 1210.68669527897 2374.6781115879826 1367.7682403433478 2989.270386266094 1347.5965665236051 2981.545064377682 1185.364806866953 box 0
2363.9484978540772 1046.7381974248929 2367.811158798283 1199.0987124463518 2981.115879828326 1177.2103004291844 2978.540772532189 1017.5536480686695 box 0
2356.223175965665 882.7896995708154 2363.0901287553647 1038.1545064377683 2976.824034334764 1006.824034334764 2970.815450643777 848.8841201716738 box 0
2342.9184549356223 717.1244635193133 2354.9356223175964 872.0600858369098 2968.2403433476393 837.725321888412 2958.3690987124464 680.2145922746781 box 0
2333.9055793991415 554.0343347639486 2343.3476394849786 705.5364806866953 2960.9442060085835 666.9098712446352 2952.789699570815 516.695278969957 box 0
2329.184549356223 388.3690987124464 2337.3390557939915 542.0171673819742 2946.781115879828 507.6824034334764 2938.1974248927036 351.03004291845497 box 0
2325.751072961373 381.07296137339057 2311.1587982832616 226.99570815450647 2924.8927038626607 180.64377682403438 2938.1974248927036 339.44206008583694 box 0
