1920.4273504273501 319.6581196581197 2074.2735042735044 319.6581196581197 2074.2735042735044 938.4615384615386 1920.4273504273501 938.4615384615386 box 0
1756.3247863247861 317.0940170940171 1912.7350427350425 317.0940170940171 1912.7350427350425 937.6068376068376 1756.3247863247861 937.6068376068376 box 0
1590.5128205128203 317.0940170940171 1749.4871794871792 317.0940170940171 1749.4871794871792 935.0427350427351 1590.5128205128203 935.0427350427351 box 0
1424.7008547008545 319.6581196581197 1583.6752136752134 319.6581196581197 1583.6752136752134 933.3333333333334 1424.7008547008545 933.3333333333334 box 0
2086.2393162393164 321.36752136752136 2240.08547008547 321.36752136752136 2240.08547008547 937.6068376068376 2086.2393162393164 937.6068376068376 box 0
1092.222222222222 323.93162393162396 1248.435332349194 320.80694509412916 1260.6291627831285 930.417172420098 1104.4160526561566 933.541851257593 box 0
1259.7435897435894 318.8034188034188 1412.1996292132944 317.2788075880091 1418.3918074185267 936.4759873796075 1265.9357679488216 938.0005985950173 box 0
2254.2810128034234 326.66327155298274 2408.4615384615386 328.20512820512823 2402.282607179402 946.0776598438564 2248.1020815212873 944.5358031917108 box 0
2418.767860444497 335.17993388964123 2575.9829059829062 336.7521367521368 2569.8559671984117 949.4255919361756 2412.6409216600023 947.8533890736801 box 0
2742.893863021534 351.9694483575221 2587.297984638022 348.8571158011112 2575.087882300249 959.2808298367515 2730.6837606837607 962.3931623931625 box 0
2563.162393162393 999.1452991452993 2716.153846153846 999.1452991452993 2716.153846153846 1607.6923076923078 2563.162393162393 1607.6923076923078 box 0
2401.6239316239316 1000.8547008547009 2554.2576159652754 1002.3810885780442 2548.1289827216106 1615.2239840308634 2395.495298380267 1613.6975963075197 box 0
2242.6495726495727 995.7264957264958 2394.82327588293 998.7703756526429 2382.501693253887 1614.7673610300008 2230.3279900205303 1611.7234811038538 box 0
2074.2735042735044 992.3076923076924 2230.9141470934737 995.4409229393168 2218.5457946328274 1613.776088089648 2061.905151812858 1610.6428574580236 box 0
1909.316239316239 992.3076923076924 2063.366120084358 995.3891007884755 2051.0179318863775 1612.7161872375225 1896.9680511182587 1609.6347787567395 box 0
1745.9627091652512 989.583818610912 1901.3320110417123 994.2462964945026 1882.8205128205125 1611.1111111111113 1727.451210944051 1606.4486332275203 box 0
1580.162408183497 983.6780164602562 1734.5869352115394 988.3121425923584 1716.153846153846 1602.5641025641025 1561.7293191258032 1597.9299764319999 box 0
1420.0113965947228 976.4359464521776 1573.376911467807 982.5738409400591 1548.6324786324783 1600.854700854701 1395.2669637593933 1594.7168063668194 box 0
1252.0512820512818 975.2136752136753 1406.7521367521365 986.3247863247864 1386.239316239316 1594.0170940170942 1227.264957264957 1582.0512820512822 box 0
1240.0854700854698 977.7777777777778 1088.8034188034185 969.2307692307693 1068.290598290598 1570.9401709401711 1222.9914529914527 1585.4700854700857 box 0
