1066.8309859154929 883.8028169014085 1221.0563380281687 866.9014084507043 1287.957746478873 1477.4647887323945 1130.2112676056336 1494.3661971830986 box 0
1228.8028169014083 869.0140845070423 1386.5492957746478 854.9295774647887 1446.4084507042253 1463.380281690141 1295.7042253521124 1480.985915492958 box 0
1550.0 842.3529411764706 1394.7058823529412 851.7647058823529 1458.8235294117646 1465.2941176470588 1609.4117647058824 1448.235294117647 box 0
1620.5882352941178 1451.1764705882354 1558.235294117647 837.6470588235294 1719.4117647058824 824.7058823529412 1771.1764705882354 1437.0588235294117 box 0
1782.9411764705883 1440.0 1934.705882352941 1423.5294117647059 1880.5882352941178 811.1764705882354 1724.7058823529412 822.9411764705882 box 0
2094.7058823529414 1417.0588235294117 1942.3529411764707 1430.0000000000002 1888.235294117647 811.1764705882354 2049.4117647058824 800.5882352941177 box 0
2260.5882352941176 1398.235294117647 2104.1176470588234 1415.8823529411766 2054.7058823529414 800.0 2215.294117647059 786.4705882352941 box 0
2219.4117647058824 791.7647058823529 2378.823529411765 780.5882352941177 2425.294117647059 1395.8823529411766 2271.176470588235 1407.6470588235295 box 0
2385.294117647059 785.8823529411765 2544.1176470588234 776.4705882352941 2587.0588235294117 1387.0588235294117 2438.2352941176473 1398.235294117647 box 0
2555.8823529411766 785.8823529411765 2709.4117647058824 775.8823529411765 2752.9411764705883 1385.2941176470588 2599.4117647058824 1398.8235294117646 box 0
2744.7058823529414 1420.5882352941178 2592.3529411764707 1432.3529411764707 2643.529411764706 2040.5882352941178 2796.470588235294 2020.5882352941178 box 0
2582.9411764705883 1440.0 2432.3529411764707 1448.8235294117646 2477.0588235294117 2055.8823529411766 2634.1176470588234 2043.5294117647059 box 0
2419.4117647058824 1450.5882352941178 2469.4117647058824 2057.0588235294117 2316.470588235294 2065.8823529411766 2267.0588235294117 1462.9411764705883 box 0
2261.176470588235 1460.5882352941178 2108.2352941176473 1474.7058823529412 2149.4117647058824 2076.470588235294 2306.470588235294 2067.6470588235293 box 0
2142.3529411764707 2079.4117647058824 1981.7647058823532 2093.529411764706 1943.5294117647059 1484.1176470588234 2095.8823529411766 1477.6470588235295 box 0
1780.0 1494.1176470588236 1934.1176470588234 1486.4705882352941 1971.7647058823527 2092.9411764705883 1812.9411764705883 2104.1176470588234 box 0
1765.8823529411766 1497.0588235294117 1611.764705882353 1507.6470588235295 1650.0 2115.8823529411766 1807.0588235294117 2107.6470588235293 box 0
1642.3529411764707 2112.3529411764707 1484.1176470588236 2120.0 1449.4117647058824 1511.764705882353 1607.6470588235295 1507.0588235294117 box 0
1288.8235294117646 1519.4117647058824 1442.3529411764707 1512.9411764705883 1474.1176470588236 2120.5882352941176 1318.235294117647 2124.1176470588234 box 0
1278.235294117647 1519.4117647058824 1128.8235294117646 1523.5294117647059 1156.4705882352941 2128.823529411765 1308.235294117647 2124.7058823529414 box 0
