380.5309734513274 344.15929203539827 379.646017699115 486.63716814159295 1351.3274336283184 525.5752212389381 1357.5221238938052 391.06194690265494 box 0
369.91150442477874 504.3362831858407 369.91150442477874 630.0 1345.1327433628317 669.8230088495576 1352.2123893805308 537.0796460176991 box 0
367.25663716814154 655.6637168141593 368.14159292035396 783.9823008849557 1339.8230088495575 819.3805309734513 1347.787610619469 683.0973451327434 box 0
1339.8230088495575 835.3097345132743 1335.3982300884954 971.5929203539823 363.71681415929197 932.6548672566372 365.48672566371675 794.6017699115044 box 0
1333.6283185840707 986.637168141593 1338.938053097345 1114.0707964601768 363.71681415929197 1094.6017699115043 367.25663716814154 955.6637168141593 box 0
1337.1681415929202 1130.8849557522124 1333.6283185840707 1262.7433628318583 357.52212389380526 1242.3893805309733 352.21238938053096 1106.9911504424776 box 0
1328.3185840707963 1276.0176991150438 361.94690265486724 1269.8230088495575 353.0973451327433 1405.221238938053 1332.7433628318583 1407.87610619469 box 0
1334.513274336283 1421.150442477876 1338.938053097345 1549.4690265486724 358.4070796460177 1553.8938053097343 356.6371681415929 1417.6106194690265 box 0
1333.6283185840707 1567.1681415929202 1337.1681415929202 1699.9115044247785 369.0265486725663 1699.0265486725662 361.0619469026548 1563.6283185840707 box 0
1357.5221238938052 1700.7964601769909 1362.8318584070796 1835.3097345132742 391.1504424778761 1839.734513274336 390.26548672566366 1706.9911504424776 box 0
1446.9026548672564 1479.5575221238937 1578.7610619469026 1479.5575221238937 1561.946902654867 2155.663716814159 1427.433628318584 2155.663716814159 box 0
1710.6194690265486 2157.433628318584 1723.8938053097343 1479.5575221238937 1588.4955752212388 1473.362831858407 1573.4513274336282 2158.318584070796 box 0
1734.513274336283 1474.247787610619 1873.4513274336282 1477.7876106194688 1861.0 2159.0 1722.1238938053095 2157.433628318584 box 0
1879.646017699115 1477.7876106194688 1880.5309734513273 2154.7787610619466 2012.9999999999998 2159.0 2014.159292035398 1473.362831858407 box 0
2026.5486725663714 1478.6725663716813 2165.4867256637167 1478.6725663716813 2165.4867256637167 2158.318584070796 2026.5486725663714 2158.318584070796 box 0
2176.106194690265 1470.7079646017698 2308.8495575221236 1470.7079646017698 2308.8495575221236 2156.5486725663714 2176.106194690265 2156.5486725663714 box 0
2324.0806885517504 1481.4849019035482 2459.29203539823 1480.1327433628317 2466.046666286475 2155.5733166009327 2330.8353194399956 2156.9254751416497 box 0
2468.1415929203536 1478.6725663716813 2485.8407079646017 2156.5486725663714 2623.893805309734 2158.318584070796 2595.575221238938 1475.1327433628317 box 0
2741.592920353982 1477.7876106194688 2768.1415929203536 2156.5486725663714 2637.16814159292 2158.318584070796 2607.079646017699 1473.362831858407 box 0
2888.4955752212386 1473.362831858407 2920.3539823008846 2158.318584070796 2776.9911504424776 2158.318584070796 2753.097345132743 1478.6725663716813 box 0
