603.333333333333 412.8205128205128 1589.6581196581194 412.8205128205128 1589.6581196581194 551.2820512820513 603.333333333333 551.2820512820513 box 0
608.5435886515888 550.3750812579417 1593.9316239316238 570.0854700854701 1591.15348896809 708.9736968684927 605.765453688055 689.263308040964 box 0
607.2510602653533 717.3101459912216 1589.34411708963 727.1314039369117 1587.9487179487178 866.6666666666667 605.855661124441 856.8454087209766 box 0
618.7179487179484 883.7606837606838 1595.6410256410254 883.7606837606838 1595.6410256410254 1019.6581196581197 618.7179487179484 1019.6581196581197 box 0
621.2820512820509 1033.3333333333335 1591.367521367521 1033.3333333333335 1591.367521367521 1170.940170940171 621.2820512820509 1170.940170940171 box 0
625.5555555555552 1186.3247863247864 1599.0598290598289 1186.3247863247864 1599.0598290598289 1325.6410256410259 625.5555555555552 1325.6410256410259 box 0
622.3621118328163 1338.4306202006737 1601.8246262834207 1338.4306202006742 1601.8246262834207 1474.1313926725952 622.3621118328163 1474.1313926725952 box 0
626.1270134714847 1493.7792347454215 1607.1216962294109 1483.9689609065342 1608.461538461538 1617.948717948718 627.4668557036119 1627.7589917876053 box 0
643.4738229531487 1646.5305449845398 1621.1886911110491 1626.9736399645078 1623.8461538461536 1759.82905982906 646.1312856882536 1779.3859648490925 box 0
656.4393688308351 1790.9478971696903 1635.8028855714965 1771.3580147809032 1638.3760683760681 1900.0000000000002 659.012551635407 1919.5898823887871 box 0
