1207.1306011804581 303.73924181068446 1824.620615622783 297.5641358280228 1826.178010471204 453.2984293193718 1208.6879960288793 459.4735353020335 box 0
1195.7769276899064 468.16932411902144 1818.5760602518978 461.9411251853863 1820.181331514871 622.4629005428046 1197.3821989528794 628.6910994764398 box 0
1192.4814387018378 636.7339536784864 1810.9923449421206 630.5486384375344 1812.565445026178 787.8534031413614 1194.0545387858951 794.0387183823134 box 0
1190.384671728997 800.6266366190421 1810.9870833810346 794.4204056267761 1812.565445026178 952.2513089005237 1191.9630333741402 958.4575398927897 box 0
1193.810519406352 968.6223104899127 1809.9234518463288 956.2984086103759 1813.089005235602 1114.5549738219895 1196.9760727956252 1126.878875701526 box 0
1196.0198311028407 1130.6263949960062 1809.3635893929763 1118.3578839851123 1812.565445026178 1278.4293193717276 1199.2216867360423 1290.6978303826213 box 0
1197.386301958415 1297.115347982043 1814.6499222463328 1284.7684292765555 1817.8010471204186 1442.303664921466 1200.537426832501 1454.6505836269532 box 0
1204.176617150366 1460.4401141198791 1822.5023799639175 1448.0719497310456 1825.6544502617799 1605.6544502617803 1207.3286874482283 1618.0226146506138 box 0
1209.3023312845996 1622.2789095457156 1825.1223575438087 1609.9608665710025 1828.2722513089004 1767.4345549738218 1212.4522250496916 1779.752597948535 box 0
1216.6491858868978 1786.4644576600447 1827.7486910994762 1774.240837696335 1830.8075613915933 1927.1639592897568 1219.7080561790149 1939.3875792534668 box 0
1872.0245197748611 1795.8771095119077 2484.212827085018 1808.1225084215066 2481.1518324607327 1961.1518324607327 1868.9635251505758 1948.9064335511337 box 0
1873.3286788237265 1634.3756612300563 2486.612178637477 1646.6429669107074 2483.4589132386177 1804.2852145237237 1870.1754134248679 1792.017908843072 box 0
1876.4475744926606 1471.7783958824405 2492.086093894358 1484.0928082359078 2488.936948721069 1641.5290720393311 1873.2984293193715 1629.2146596858638 box 0
1877.923718414872 1305.4407710434832 2493.212910127002 1311.593868065206 2491.6230366492146 1470.5759162303664 1876.3338449370847 1464.4228192086437 box 0
1876.439790575916 1144.109947643979 2494.764397905759 1144.109947643979 2494.764397905759 1300.9424083769634 1876.439790575916 1300.9424083769634 box 0
1879.0575916230366 979.476439790576 2498.4293193717276 979.476439790576 2498.4293193717276 1137.068062827225 1879.0575916230366 1137.068062827225 box 0
1875.916230366492 812.4607329842933 2494.240837696335 812.4607329842933 2494.240837696335 971.0994764397907 1875.916230366492 971.0994764397907 box 0
1873.8219895287957 648.586387434555 2491.6230366492146 648.586387434555 2491.6230366492146 801.9895287958116 1873.8219895287957 801.9895287958116 box 0
1871.1458349304078 488.2520994445706 2489.561207372394 475.8821426241711 2492.6701570680625 631.3089005235603 1874.2547846260761 643.6788573439597 box 0
1865.2189351116851 323.3637238215068 2484.8284044154543 310.96988187910387 2487.958115183246 467.43455497382206 1868.348645879477 479.828396916225 box 0
