1167.2953305491187 1159.9503598548704 1318.8298694489672 1156.9192649201045 1331.111111111111 1770.8994708994708 1179.5765722112626 1773.9305658342369 box 0
1329.5180271823115 1170.3416265304186 1485.4486281479567 1167.2225986296285 1497.7777777777778 1783.5978835978835 1341.8471768121324 1786.7169114986737 box 0
1492.4761756673133 1174.0929990154912 1651.6493509430659 1170.9091109802505 1663.915343915344 1784.126984126984 1504.7421686395915 1787.3108721622245 box 0
1658.862153806657 1172.2410431106941 1816.15274125014 1169.0948118531367 1828.4656084656085 1784.6560846560844 1671.1750210221253 1787.8023159136421 box 0
1822.3758031752923 1170.9339503488457 1979.1003687626026 1167.7990410380446 1991.4285714285713 1784.126984126984 1834.704005841262 1787.261893437785 box 0
1986.3404629071422 1170.5747150573607 2143.63263712317 1167.4284520601202 2155.978835978836 1784.6560846560844 1998.6866617628084 1787.8023476533251 box 0
2148.925543720747 1169.1561712835132 2302.639769665385 1164.5433605789246 2321.058201058201 1778.3068783068782 2167.3439751135634 1782.919689011466 box 0
2308.751477675009 1166.3699225123273 2466.251222730025 1161.6435121524862 2484.5502645502647 1771.4285714285716 2327.0505194952484 1776.1549817884124 box 0
2476.1905979819326 1161.0769466704457 2631.8771398462163 1156.404948731032 2650.15873015873 1765.6084656084654 2494.4721882944455 1770.2804635478785 box 0
2637.9516200282937 1159.5671462239056 2788.7103329794 1153.5335794602925 2813.121693121693 1763.4920634920634 2662.362980170587 1769.5256302556768 box 0
