1120.9727626459144 284.04669260700393 1384.7859922178989 284.04669260700393 1384.7859922178989 536.9649805447472 1120.9727626459144 536.9649805447472 box 0
1388.6770428015566 274.7081712062257 1653.6575875486383 274.7081712062257 1653.6575875486383 530.3501945525292 1388.6770428015566 530.3501945525292 box 0
1915.585507463397 263.2288854985487 1657.771689642253 268.38584946850415 1662.9961089494163 529.5719844357977 1920.8099267705604 524.4150204658424 box 0
1128.365758754864 547.4708171206227 1387.5097276264592 547.4708171206227 1387.5097276264592 803.5019455252917 1128.365758754864 803.5019455252917 box 0
1395.6809338521402 542.023346303502 1658.715953307393 542.023346303502 1658.715953307393 798.8326848249028 1395.6809338521402 798.8326848249028 box 0
1922.5737964400303 528.9839052080118 1664.7288196130335 534.1414924411882 1670.0 797.6653696498055 1927.8449768269963 792.5077824166291 box 0
1930.7003891050585 264.591439688716 1934.591439688716 524.124513618677 2196.070038910506 515.9533073929962 2189.0661478599222 256.8093385214008 box 0
2191.7898832684828 526.8482490272374 2199.5719844357977 783.6575875486382 1938.8715953307396 790.272373540856 1933.035019455253 528.4046692607004 box 0
2463.385214007782 517.1206225680934 2203.0739299610896 522.1789883268483 2206.5758754863814 782.8793774319066 2464.941634241245 776.2645914396887 box 0
2466.1089494163425 507.7821011673152 2457.9377431906614 247.47081712062257 2197.2373540856033 257.9766536964981 2204.6303501945526 514.3968871595331 box 0
2283.6186770428017 790.272373540856 2544.31906614786 790.272373540856 2544.31906614786 1049.4163424124515 2283.6186770428017 1049.4163424124515 box 0
2011.0148411418224 794.0996678816043 2274.386282586676 788.8315366164733 2279.568816445726 1047.9236784218979 2016.1973750008733 1053.191809687029 box 0
2287.0123948546275 1056.1775948883226 2548.4779202554055 1053.5628524756532 2551.042079853544 1309.9702650338565 2289.5765544527662 1312.5850074465259 box 0
2019.66606268885 1059.2847545173752 2279.964331279803 1056.6816850619052 2282.590746649672 1319.3144672725082 2022.2924780587186 1321.9175367279781 box 0
1748.8393021498578 1064.749783408022 2012.6393411702854 1062.111695080954 2015.2852114688194 1326.6899053079314 1751.485172448392 1329.3279936349995 box 0
1739.8591568370907 802.2664774963849 2002.8415710419963 797.006127813625 2007.9229443302243 1051.0409154997244 1744.940530125319 1056.301265182484 box 0
1203.6505871880306 816.3826955797048 1464.4227799129392 811.1665562214118 1469.5330491707005 1066.6459497392284 1208.760856445792 1071.8620890975212 box 0
1473.7151098876798 807.7061278219257 1734.1115203359172 802.4975051114126 1739.260700389105 1059.922178988327 1478.8642899408676 1065.1308016988403 box 0
1210.9837888301163 1082.9847646947662 1473.511521429559 1075.1065691162898 1481.1562889908955 1329.8557022313041 1218.6285563914528 1337.7338978097805 box 0
1477.5728374041569 1075.1726971466587 1738.477104187283 1067.343220159126 1746.2645914396887 1326.8482490272374 1485.3603246565626 1334.6777260147699 box 0
1241.4813314286187 1353.1996707738945 1501.869650639332 1347.991209909712 1506.964980544747 1602.7237354085605 1246.5766613340338 1607.9321962727433 box 0
1511.1321289634159 1344.2191150679537 1769.6108949416343 1341.6342412451363 1772.1584141730386 1596.377672598173 1513.67964819482 1598.9625464209905 box 0
1246.520826607562 1615.3107429472448 1504.9414475687609 1610.1416412960875 1510.0778210116732 1866.9260700389107 1251.6572000504743 1872.095171690068 box 0
1509.9291158539934 1608.4840655741955 1770.2827361586467 1603.2762987806796 1775.4474708171208 1861.47859922179 1515.0938505124677 1866.6863660153062 box 0
1780.3606720265018 1605.7252741357572 2039.5898840506136 1600.5399985067543 2044.7081712062259 1856.420233463035 1785.4789591821138 1861.6055090920383 box 0
2050.9338521400778 1600.3891050583659 2310.077821011673 1600.3891050583659 2310.077821011673 1854.863813229572 2050.9338521400778 1854.863813229572 box 0
1778.450108895078 1341.3857759193693 2038.7483774860307 1338.7827064638996 2041.3164280699023 1595.5792046253778 1781.0181594789497 1598.1822740808477 box 0
2046.1615154693463 1335.2968376717342 2307.354085603113 1332.684824902724 2309.913142095855 1588.5819439317315 2048.7205719620883 1591.193956700742 box 0
2315.9143968871595 1330.3501945525293 2574.2801556420236 1330.3501945525293 2574.2801556420236 1585.9922178988327 2315.9143968871595 1585.9922178988327 box 0
2318.63813229572 1592.6070038910507 2574.2801556420236 1592.6070038910507 2574.2801556420236 1850.194552529183 2318.63813229572 1850.194552529183 box 0
