1129.8429319371726 1070.5759162303664 1394.240837696335 1070.5759162303664 1394.240837696335 1325.5497382198953 1129.8429319371726 1325.5497382198953 box 0
1399.4764397905758 1065.3403141361257 1659.6858638743454 1065.3403141361257 1659.6858638743454 1320.3141361256544 1399.4764397905758 1320.3141361256544 box 0
1134.9061362898337 1333.9727551815397 1393.2581335270136 1328.8050261878889 1398.4293193717276 1587.329842931937 1140.077322134548 1592.497571925588 box 0
1403.9620369874588 1333.1425043970328 1664.6819847400764 1330.535218009381 1667.2421514942164 1586.5433594773126 1406.5222037415988 1589.1506458649644 box 0
1667.5392670157066 1056.9633507853403 1932.4607329842931 1056.9633507853403 1932.4607329842931 1313.5078534031413 1667.5392670157066 1313.5078534031413 box 0
1673.8219895287957 1326.0732984293193 1935.6020942408375 1326.0732984293193 1935.6020942408375 1583.1413612565443 1673.8219895287957 1583.1413612565443 box 0
1938.219895287958 1054.34554973822 2200.0 1054.34554973822 2200.0 1311.937172774869 1938.219895287958 1311.937172774869 box 0
2207.853403141361 1052.2513089005236 2468.5863874345546 1052.2513089005236 2468.5863874345546 1307.2251308900522 2207.853403141361 1307.2251308900522 box 0
2210.4712041884814 1317.17277486911 2470.157068062827 1317.17277486911 2470.157068062827 1574.240837696335 2210.4712041884814 1574.240837696335 box 0
1940.3141361256544 1320.3141361256544 2202.6178010471203 1320.3141361256544 2202.6178010471203 1577.3821989528794 1940.3141361256544 1577.3821989528794 box 0
2212.5654450261777 1595.1832460732983 2470.157068062827 1595.1832460732983 2470.157068062827 1849.633507853403 2212.5654450261777 1849.633507853403 box 0
1943.4554973821987 1598.8481675392673 2202.6178010471203 1598.8481675392673 2202.6178010471203 1855.916230366492 1943.4554973821987 1855.916230366492 box 0
2213.089005235602 1858.5340314136126 2469.633507853403 1858.5340314136126 2469.633507853403 2107.748691099476 2213.089005235602 2107.748691099476 box 0
1945.5497382198953 1863.7696335078533 2207.853403141361 1863.7696335078533 2207.853403141361 2109.3193717277486 1945.5497382198953 2109.3193717277486 box 0
1677.4869109947642 1863.246073298429 1939.7905759162304 1863.246073298429 1939.7905759162304 2117.1727748691096 1677.4869109947642 2117.1727748691096 box 0
1673.8219895287957 1597.8010471204188 1937.6963350785338 1597.8010471204188 1937.6963350785338 1858.0104712041884 1673.8219895287957 1858.0104712041884 box 0
1407.8534031413612 1605.6544502617803 1668.0628272251308 1605.6544502617803 1668.0628272251308 1861.675392670157 1407.8534031413612 1861.675392670157 box 0
1411.5183246073298 1872.6701570680627 1672.7748691099475 1872.6701570680627 1672.7748691099475 2122.9319371727747 1411.5183246073298 2122.9319371727747 box 0
1144.502617801047 1874.240837696335 1405.2356020942407 1874.240837696335 1405.2356020942407 2128.69109947644 1144.502617801047 2128.69109947644 box 0
1140.8376963350784 1613.5078534031413 1399.4764397905758 1613.5078534031413 1399.4764397905758 1864.2931937172773 1140.8376963350784 1864.2931937172773 box 0
