1092.9234405884479 304.852583330379 1351.2051089773136 299.6862611012679 1356.3714312064246 557.9679294901338 1098.0897628175587 563.1342517192448 box 0
1358.0133747701059 301.02540256972077 1618.2177354794842 295.8206213661995 1623.3327790760484 551.5386999943818 1363.12841836667 556.7434811979031 box 0
1099.967948717949 578.525641025641 1107.6602564102566 834.9358974358975 1366.9551282051284 829.4871794871794 1357.6602564102566 567.3076923076923 box 0
1368.8782051282053 569.551282051282 1373.6858974358977 830.1282051282051 1635.544871794872 820.5128205128204 1627.2115384615386 561.5384615384615 box 0
1378.1730769230771 838.4615384615385 1382.6602564102566 1100.0 1640.9935897435898 1092.628205128205 1636.5064102564104 833.3333333333334 box 0
1110.544871794872 844.551282051282 1366.9551282051284 840.0641025641025 1377.8525641025642 1100.0 1115.9935897435898 1103.8461538461538 box 0
1384.9038461538464 1108.0128205128206 1387.467948717949 1366.6666666666665 1643.5576923076924 1363.4615384615383 1639.070512820513 1101.923076923077 box 0
1373.3653846153848 1105.7692307692305 1115.3525641025642 1114.102564102564 1122.4038461538464 1371.1538461538462 1379.1346153846155 1370.1923076923076 box 0
1392.916666666667 1376.923076923077 1648.6858974358977 1376.923076923077 1648.6858974358977 1632.051282051282 1392.916666666667 1632.051282051282 box 0
1126.8910256410259 1382.051282051282 1381.6987179487182 1378.5256410256409 1387.7884615384617 1636.5384615384614 1132.019230769231 1637.8205128205127 box 0
2495.480769230769 1372.7564102564102 2240.0320512820513 1380.7692307692307 2250.608974358974 1639.423076923077 2503.49358974359 1629.1666666666665 box 0
2505.4166666666665 1370.8333333333333 2511.1858974358975 1627.2435897435896 2766.955128205128 1619.2307692307693 2761.50641025641 1359.2948717948718 box 0
2499.647435897436 1101.923076923077 2752.2115384615386 1093.5897435897436 2761.826923076923 1351.2820512820513 2502.852564102564 1359.6153846153845 box 0
2486.1858974358975 1103.5256410256409 2226.8910256410254 1114.423076923077 2235.5448717948716 1371.7948717948718 2494.8397435897436 1362.8205128205127 box 0
2473.3653846153848 833.6538461538461 2218.5576923076924 843.5897435897435 2227.2115384615386 1105.448717948718 2485.224358974359 1095.1923076923076 box 0
2486.1858974358975 833.6538461538461 2744.198717948718 823.7179487179487 2749.326923076923 1080.448717948718 2496.4423076923076 1091.9871794871794 box 0
2473.3653846153848 560.5769230769231 2483.621794871795 820.1923076923076 2740.6730769230767 814.7435897435897 2730.4166666666665 551.9230769230769 box 0
2461.826923076923 561.5384615384615 2203.49358974359 574.3589743589744 2216.6346153846152 833.9743589743589 2474.326923076923 824.6794871794872 box 0
2452.2115384615386 290.70512820512823 2197.0833333333335 305.7692307692308 2208.301282051282 561.8589743589744 2462.147435897436 553.525641025641 box 0
2465.6730769230767 290.70512820512823 2470.480769230769 549.0384615384615 2729.455128205128 541.3461538461538 2722.724358974359 281.7307692307692 box 0
