1131.896551724138 206.72413793103445 998.2758620689655 206.72413793103445 982.7586206896552 1186.0344827586207 1109.4827586206898 1187.7586206896551 box 0
1156.896551724138 198.96551724137927 1293.103448275862 204.99999999999997 1267.2413793103449 1192.9310344827586 1129.3103448275863 1188.6206896551726 box 0
1312.0689655172414 215.34482758620686 1444.8275862068967 214.48275862068962 1418.9655172413793 1198.103448275862 1283.6206896551726 1190.344827586207 box 0
1466.3793103448277 203.2758620689655 1603.448275862069 210.17241379310343 1586.2068965517242 1199.8275862068965 1450.0 1186.8965517241377 box 0
1600.0 1190.344827586207 1737.9310344827588 1189.4827586206898 1756.0344827586207 214.48275862068962 1617.2413793103449 211.8965517241379 box 0
1772.4137931034484 211.8965517241379 1904.3103448275863 205.8620689655172 1893.103448275862 1192.9310344827586 1755.1724137931035 1189.4827586206898 box 0
1917.2413793103449 212.75862068965515 2052.586206896552 211.03448275862067 2050.0 1194.6551724137933 1912.0689655172416 1195.5172413793105 box 0
2066.379310344828 204.99999999999997 2203.4482758620693 211.03448275862067 2204.3103448275865 1193.7931034482758 2061.206896551724 1193.7931034482758 box 0
2215.5172413793107 196.37931034482756 2350.862068965517 197.2413793103448 2355.1724137931037 1179.1379310344828 2220.689655172414 1187.7586206896551 box 0
2501.724137931035 1164.4827586206898 2371.551724137931 1168.7931034482758 2367.241379310345 179.13793103448273 2501.724137931035 179.99999999999997 box 0
