903.7735849056603 1075.2830188679245 720.1957242620165 1071.6109720357508 738.2721346315174 167.9109661768827 921.849995275161 171.58301300905651 box 0
930.4611899648759 166.93002529004013 1123.7336598433149 170.7959901633382 1105.6603773584905 1074.3396226415093 912.3879074800516 1070.473657768211 box 0
1133.6490151505104 163.24209507631718 1323.884125314205 167.04730465439835 1305.6603773584905 1078.1132075471696 1115.4252671947963 1074.3079979690888 box 0
1333.6208094869512 165.11917118636734 1524.7330127592977 168.94192496591086 1506.6037735849056 1075.2830188679245 1315.491570312559 1071.460265088381 box 0
1708.6786268117824 1078.086848282971 1522.6415094339623 1076.2264150943397 1531.6710858790407 173.2988693753116 1717.708203256861 175.15930256394282 box 0
1724.3678722093023 170.5840958008257 1920.3390128286703 172.54387253334596 1911.3207547169811 1074.3396226415093 1715.3496140976129 1072.3798459089892 box 0
1925.9339105740792 170.58390712315276 2123.187943650441 172.5565132078909 2114.1509433962265 1076.2264150943395 1916.8969103198647 1074.2538090096014 box 0
2124.514736976313 165.8018107125357 2318.104104785292 165.80181071253566 2318.104104785292 1074.2658202105706 2124.514736976313 1074.2658202105704 box 0
2519.97670326043 163.08408715299157 2717.1366561727727 161.1124219012549 2726.2497118339093 1072.3876109602156 2529.0897589215665 1074.3592762119524 box 0
2322.6415094339623 165.84905660377353 2520.754716981132 165.84905660377353 2520.754716981132 1071.509433962264 2322.6415094339623 1071.509433962264 box 0
2548.1132075471696 1101.698113207547 2741.509433962264 1102.6415094339623 2702.830188679245 1996.9811320754716 2516.9811320754716 1990.377358490566 box 0
2535.8490566037735 1092.264150943396 2343.396226415094 1094.1509433962262 2321.698113207547 1990.377358490566 2503.7735849056603 1989.4339622641508 box 0
2332.0754716981132 1093.2075471698113 2141.509433962264 1088.4905660377358 2120.754716981132 1982.830188679245 2310.3773584905657 1987.5471698113206 box 0
2111.320754716981 1991.320754716981 1924.5283018867922 1988.4905660377358 1940.566037735849 1101.698113207547 2136.7924528301887 1097.9245283018868 box 0
1727.3584905660377 1105.4716981132074 1535.8490566037735 1103.5849056603772 1534.9056603773583 1991.320754716981 1718.8679245283017 1997.9245283018865 box 0
1739.6226415094338 1096.9811320754716 1727.3584905660377 1991.320754716981 1916.0377358490566 1989.4339622641508 1933.9622641509434 1099.811320754717 box 0
1333.9622641509434 1097.9245283018868 1527.3584905660377 1097.9245283018868 1523.5849056603772 1993.207547169811 1334.9056603773583 1995.0943396226414 box 0
729.2452830188679 1104.5283018867924 924.5283018867924 1102.6415094339623 938.6792452830189 1993.207547169811 749.0566037735848 1994.1509433962262 box 0
932.0754716981131 1107.3584905660375 1123.5849056603772 1100.7547169811319 1129.245283018868 1993.207547169811 946.2264150943396 1987.5471698113206 box 0
1131.132075471698 1101.698113207547 1326.4150943396226 1105.4716981132074 1330.1886792452829 1990.377358490566 1136.7924528301887 1993.207547169811 box 0
