492.2756410256411 699.0384615384615 486.1858974358976 439.7435897435897 742.5961538461539 434.9358974358974 748.6858974358976 696.7948717948718 box 0
493.25952927863966 708.0126824809599 748.2883037102587 702.9114268067659 753.4935897435898 963.1410256410256 498.4648153119711 968.2422813152195 box 0
502.8525641025643 975.6410256410256 759.9038461538463 975.6410256410256 759.9038461538463 1235.2564102564102 502.8525641025643 1235.2564102564102 box 0
510.54487179487194 1244.871794871795 766.3141025641027 1244.871794871795 766.3141025641027 1501.923076923077 510.54487179487194 1501.923076923077 box 0
514.8146110050345 1513.3062939359181 769.2469953446572 1508.216967654192 774.3269230769232 1762.179487179487 519.8945387373006 1767.268813461213 box 0
775.6089743589745 1508.653846153846 1034.2628205128208 1508.653846153846 1034.2628205128208 1762.8205128205127 775.6089743589745 1762.8205128205127 box 0
771.7628205128207 1240.3846153846152 1028.8141025641028 1240.3846153846152 1028.8141025641028 1497.1153846153845 771.7628205128207 1497.1153846153845 box 0
764.0705128205129 972.1153846153845 1022.7243589743592 972.1153846153845 1022.7243589743592 1232.371794871795 764.0705128205129 1232.371794871795 box 0
755.4166666666667 707.3717948717949 1016.6346153846156 707.3717948717949 1016.6346153846156 961.8589743589744 755.4166666666667 961.8589743589744 box 0
749.9679487179488 436.85897435897436 1012.7884615384617 436.85897435897436 1012.7884615384617 694.8717948717947 749.9679487179488 694.8717948717947 box 0
1031.3782051282053 436.21794871794873 1287.7884615384617 436.21794871794873 1287.7884615384617 696.7948717948718 1031.3782051282053 696.7948717948718 box 0
1292.916666666667 433.01282051282055 1552.5320512820515 433.01282051282055 1552.5320512820515 695.1923076923076 1292.916666666667 695.1923076923076 box 0
1295.4807692307695 703.525641025641 1555.7371794871797 703.525641025641 1555.7371794871797 964.1025641025641 1295.4807692307695 964.1025641025641 box 0
1029.1346153846157 704.1666666666666 1287.7884615384617 704.1666666666666 1287.7884615384617 964.4230769230769 1029.1346153846157 964.4230769230769 box 0
1033.6217948717951 971.4743589743589 1291.9551282051284 971.4743589743589 1291.9551282051284 1233.3333333333333 1033.6217948717951 1233.3333333333333 box 0
1299.967948717949 969.551282051282 1558.9423076923078 969.551282051282 1558.9423076923078 1232.6923076923076 1299.967948717949 1232.6923076923076 box 0
1302.8525641025642 1240.0641025641023 1561.5064102564104 1240.0641025641023 1561.5064102564104 1500.0 1302.8525641025642 1500.0 box 0
1034.9038461538464 1243.2692307692307 1297.7243589743591 1243.2692307692307 1297.7243589743591 1500.6410256410256 1034.9038461538464 1500.6410256410256 box 0
1039.070512820513 1509.2948717948718 1298.6858974358977 1509.2948717948718 1298.6858974358977 1766.9871794871794 1039.070512820513 1766.9871794871794 box 0
1304.1346153846155 1507.6923076923076 1563.1089743589746 1507.6923076923076 1563.1089743589746 1766.3461538461538 1304.1346153846155 1766.3461538461538 box 0
