1997.3504273504268 139.31623931623932 1865.7264957264954 52.13675213675214 1347.7777777777776 912.8205128205129 1483.6752136752134 1003.4188034188035 box 0
2150.3418803418804 224.7863247863248 2010.1709401709397 139.31623931623932 1488.8034188034185 1006.8376068376069 1627.264957264957 1089.7435897435898 box 0
2156.324786324786 230.76923076923075 1635.8119658119656 1093.1623931623933 1769.9999999999998 1182.905982905983 2290.5128205128203 314.52991452991455 box 0
2437.5213675213677 398.2905982905983 1922.9914529914524 1262.3931623931624 1780.25641025641 1177.7777777777778 2299.059829059829 314.52991452991455 box 0
2451.196581196581 410.2564102564103 1928.119658119658 1275.2136752136753 2067.4358974358975 1355.5555555555557 2596.4957264957266 488.03418803418805 box 0
2599.059829059829 495.72649572649584 2076.837606837607 1361.5384615384617 2213.5897435897436 1445.2991452991455 2730.6837606837607 576.068376068376 box 0
2880.25641025641 666.6666666666667 2361.4529914529917 1534.1880341880342 2221.2820512820513 1452.9914529914531 2738.3760683760684 576.9230769230769 box 0
3022.991452991453 756.4102564102565 2887.094017094017 676.923076923077 2371.709401709402 1537.6068376068376 2506.7521367521367 1624.786324786325 box 0
2520.4273504273506 1625.6410256410256 3028.119658119658 760.6837606837607 3163.162393162393 838.4615384615386 2659.74358974359 1712.820512820513 box 0
2802.4786324786323 1799.1452991452993 2668.290598290598 1723.076923076923 3172.5641025641025 844.4444444444445 3312.735042735043 923.076923076923 box 0
