3222.222222222222 844.4444444444445 3087.777777777778 762.2222222222222 2570.0 1626.6666666666665 2703.3333333333335 1710.0 box 0
3078.8888888888887 752.2222222222222 2942.222222222222 678.8888888888889 2418.8888888888887 1539.9999999999998 2554.4444444444443 1624.4444444444443 box 0
2935.5555555555557 673.3333333333334 2801.111111111111 582.2222222222222 2274.4444444444443 1448.888888888889 2411.111111111111 1536.6666666666665 box 0
2787.777777777778 582.2222222222222 2654.4444444444443 495.55555555555554 2127.777777777778 1354.4444444444443 2267.777777777778 1445.5555555555554 box 0
2646.6666666666665 491.1111111111111 2510.0 407.77777777777777 1983.3333333333335 1264.4444444444443 2120.0 1354.4444444444443 box 0
2502.222222222222 403.3333333333333 2367.777777777778 321.1111111111111 1831.111111111111 1176.666666666667 1972.222222222222 1260.0 box 0
2356.6666666666665 314.44444444444446 2223.3333333333335 227.77777777777777 1686.6666666666665 1083.3333333333333 1826.6666666666665 1174.4444444444441 box 0
2216.6666666666665 223.33333333333331 2078.8888888888887 136.66666666666666 1542.2222222222222 992.2222222222221 1678.888888888889 1080.0 box 0
2067.777777777778 137.77777777777777 1936.6666666666667 47.77777777777778 1397.7777777777778 905.5555555555555 1536.6666666666665 993.3333333333333 box 0
1391.111111111111 897.7777777777777 1256.6666666666667 811.1111111111111 1756.6666666666665 1.1111111111111112 1927.777777777778 37.77777777777778 box 0
