800.9423076923077 1011.5384615384615 1028.826923076923 1132.6923076923076 407.6730769230769 2258.653846153846 174.98076923076925 2139.4230769230767 box 0
1041.326923076923 1139.423076923077 1265.3653846153845 1266.3461538461538 649.0192307692308 2397.1153846153848 420.1730769230769 2274.0384615384614 box 0
1280.75 1280.7692307692307 1507.673076923077 1405.7692307692307 889.4038461538462 2534.6153846153848 661.5192307692308 2414.4230769230767 box 0
1519.2115384615386 1416.3461538461538 1747.0961538461538 1539.423076923077 1130.75 2674.0384615384614 902.8653846153846 2551.9230769230767 box 0
1996.1346153846155 1677.8846153846152 1765.3653846153845 1550.9615384615386 1149.0192307692307 2696.153846153846 1373.0576923076924 2810.576923076923 box 0
2240.3653846153843 1814.4230769230771 2007.673076923077 1691.3461538461538 1389.4038461538462 2829.8076923076924 1619.2115384615386 2943.2692307692305 box 0
2727.8653846153843 2098.076923076923 2493.2499999999995 1957.6923076923076 1907.673076923077 3034.6153846153843 2212.480769230769 3033.653846153846 box 0
1889.4038461538462 3032.6923076923076 1631.7115384615386 2972.1153846153843 2249.980769230769 1825.9615384615383 2486.5192307692305 1949.0384615384612 box 0
2225.9423076923076 3032.6923076923076 2737.480769230769 2099.0384615384614 2966.326923076923 2227.8846153846152 2531.711538461538 3034.6153846153843 box 0
2546.1346153846152 3032.6923076923076 2977.8653846153843 2235.576923076923 3210.557692307692 2366.346153846154 2851.9038461538457 3031.730769230769 box 0
3222.0961538461534 2282.6923076923076 2986.5192307692305 2153.846153846154 3614.4038461538457 1008.653846153846 3845.1730769230767 1123.076923076923 box 0
2744.211538461538 2016.3461538461538 2972.0961538461534 2146.153846153846 3598.057692307692 988.4615384615386 3365.3653846153843 867.3076923076924 box 0
2496.1346153846152 1886.5384615384612 2723.057692307692 2009.6153846153845 3343.2499999999995 856.7307692307693 3108.6346153846152 736.5384615384615 box 0
3092.2884615384614 721.1538461538461 2490.3653846153843 1877.8846153846152 2250.9423076923076 1750.9615384615383 2865.3653846153843 604.8076923076923 box 0
2841.326923076923 595.1923076923076 2609.5961538461534 471.15384615384613 2004.7884615384614 1623.076923076923 2243.2499999999995 1746.1538461538464 box 0
2592.2884615384614 463.46153846153845 2358.6346153846152 344.2307692307692 1762.4807692307693 1490.3846153846152 1992.2884615384614 1616.3461538461538 box 0
1521.1346153846155 1354.8076923076922 1750.9423076923076 1482.6923076923076 2345.1730769230767 328.8461538461538 2113.4423076923076 211.53846153846155 box 0
1278.826923076923 1222.1153846153845 1509.5961538461538 1349.0384615384614 2100.9423076923076 194.23076923076923 1870.173076923077 82.6923076923077 box 0
1033.6346153846155 1093.2692307692307 1265.3653846153845 1217.3076923076924 1861.5192307692307 67.3076923076923 1599.0192307692307 0.0 box 0
1020.1730769230768 1084.6153846153845 791.3269230769231 968.2692307692307 1289.4038461538462 4.8076923076923075 1589.4038461538462 0.9615384615384615 box 0
